cod_local	QT_VOTOS	longitude	latitude	LOC_VALID	%_LOC_V	%_CAND	QT_APTOS	QT_COMPARECIMENTO	QT_ABSTENCOES
L01985	4	-46,2134957	-23,5315855	1990	0,201	0,7092	3292	2269	1023
L01986	9	-46,2084156	-23,5413746	4068	0,2212	1,5957	6730	4697	2033
L01987	16	-46,2017578	-23,5273784	2497	0,6408	2,8369	4015	2753	1262
L01989	19	-46,1730191	-23,5248590	2206	0,8613	3,3688	3377	2453	924
L01990	10	-46,1842738	-23,5459020	1949	0,5131	1,773	2975	2270	705
L01991	7	-46,1853207	-23,5234969	1416	0,4944	1,2411	2477	1597	880
L01992	19	-46,1856490	-23,5243939	4471	0,425	3,3688	7537	5090	2447
L01993	14	-46,2029781	-23,5335337	4629	0,3024	2,4823	7844	5307	2537
L01994	24	-46,1713311	-23,5224846	4041	0,5939	4,2553	6748	4512	2236
L01995	19	-46,1882219	-23,5368569	3796	0,5005	3,3688	6404	4370	2034
L01996	12	-46,1946730	-23,5488514	2697	0,4449	2,1277	4094	3159	935
L01997	1	-46,1623888	-23,5299538	803	0,1245	0,1773	1281	946	335
L01998	6	-46,1825519	-23,5401787	2892	0,2075	1,0638	4713	3335	1378
L01999	1	-46,1737909	-23,5362493	2084	0,048	0,1773	3560	2428	1132
L02000	7	-46,2026770	-23,5310151	2024	0,3458	1,2411	3006	2256	750
L02001	5	-46,1925010	-23,5232620	1649	0,3032	0,8865	2625	1857	768
L02003	1	-46,1984723	-23,5450909	296	0,3378	0,1773	425	344	81
L02004	11	-46,1891169	-23,5370360	1509	0,729	1,9504	2312	1728	584
L02005	2	-46,1802256	-23,5306348	1683	0,1188	0,3546	2843	1949	894
L02006	6	-46,1939701	-23,5388714	919	0,6529	1,0638	1412	1075	337
L02007	6	-46,1873670	-23,5323390	2582	0,2324	1,0638	4256	2958	1298
L02008	4	-46,2049807	-23,5438808	700	0,5714	0,7092	1135	849	286
L02009	4	-46,1982444	-23,5480283	1195	0,3347	0,7092	1718	1372	346
L02010	3	-46,1774530	-23,5387770	879	0,3413	0,5319	1318	1018	300
L02011	4	-46,1891176	-23,5299042	1307	0,306	0,7092	2014	1508	506
L02012	25	-46,1827169	-23,5168343	3637	0,6874	4,4326	5905	4058	1847
L06851	1	-46,2193217	-23,5648981	1780	0,0562	0,1773	2974	2110	864
L06853	1	-46,2090248	-23,5741504	335	0,2985	0,1773	535	384	151
L06854	14	-46,2171382	-23,5418470	4077	0,3434	2,4823	6327	4832	1495
L06856	1	-46,2468620	-23,5510270	1583	0,0632	0,1773	2619	1867	752
L06859	2	-46,1852660	-23,6730330	1893	0,1057	0,3546	2959	2155	804
L06860	4	-46,2161759	-23,5808935	2369	0,1688	0,7092	3947	2830	1117
L06861	1	-46,1658596	-23,6070673	690	0,1449	0,1773	1230	816	414
L06862	11	-46,2005205	-23,5218948	2724	0,4038	1,9504	4340	3099	1241
L06863	21	-46,1962830	-23,5146710	3148	0,6671	3,7234	5388	3678	1710
L06865	16	-46,1807627	-23,5543029	1791	0,8934	2,8369	2747	2054	693
L06866	10	-46,2228617	-23,5422120	5518	0,1812	1,773	9292	6478	2814
L06867	2	-46,2187017	-23,5537725	2573	0,0777	0,3546	4107	3062	1045
L06868	11	-46,1954883	-23,5147961	1973	0,5575	1,9504	3249	2222	1027
L06870	1	-46,2499240	-23,5498220	3749	0,0267	0,1773	6094	4458	1636
L06871	1	-46,2337351	-23,5425270	2627	0,0381	0,1773	4208	3022	1186
L06872	6	-46,2028419	-23,5543180	2831	0,2119	1,0638	4610	3355	1255
L06873	5	-45,9678399	-23,5322623	1902	0,2629	0,8865	2988	2135	853
L06874	3	-46,2213739	-23,5551863	3122	0,0961	0,5319	4997	3696	1301
L06876	4	-46,2284045	-23,5500568	2413	0,1658	0,7092	3861	2862	999
L06877	1	-46,2617930	-23,5488429	2147	0,0466	0,1773	3414	2510	904
L06878	8	-46,2089161	-23,5485101	3853	0,2076	1,4184	6146	4430	1716
L06879	1	-46,2310239	-23,5865399	3259	0,0307	0,1773	5261	3725	1536
L06881	8	-46,1804098	-23,5614630	934	0,8565	1,4184	1288	1047	241
L06883	1	-46,2419031	-23,6968684	1018	0,0982	0,1773	1620	1193	427
L06884	6	-46,1805341	-23,5507934	1184	0,5068	1,0638	1752	1380	372
L06885	3	-46,2089100	-23,5618400	274	1,0949	0,5319	399	316	83
L06889	1	-46,1211850	-23,6385560	897	0,1115	0,1773	1374	1020	354
L06890	5	-46,2111657	-23,5541249	1629	0,3069	0,8865	2603	1941	662
L06891	3	-46,2038548	-23,5235974	894	0,3356	0,5319	1425	1030	395
L06892	4	-46,1661447	-23,5417243	1582	0,2528	0,7092	2272	1800	472
L06894	1	-46,2601304	-23,5491810	1765	0,0567	0,1773	2672	2071	601
L06898	2	-46,2032729	-23,5544319	2211	0,0905	0,3546	3519	2566	953
L06899	6	-46,2335765	-23,5424164	2463	0,2436	1,0638	3864	2934	930
L06902	2	-46,2169516	-23,5397601	789	0,2535	0,3546	1189	930	259
L06904	3	-46,2175191	-23,5400034	587	0,5111	0,5319	992	699	293
L06905	9	-46,1873394	-23,5143147	1029	0,8746	1,5957	1582	1201	381
L07517	6	-46,1367810	-23,4840010	2028	0,2959	1,0638	3198	2432	766
L07519	6	-46,1448614	-23,5117891	1314	0,4566	1,0638	2347	1560	787
L07520	7	-46,2561073	-23,4660008	2316	0,3022	1,2411	3797	2727	1070
L07525	5	-46,1452290	-23,5063779	2145	0,2331	0,8865	3507	2549	958
L07527	3	-46,1487089	-23,5523510	1765	0,17	0,5319	2833	1996	837
L07532	12	-46,1520972	-23,5008683	2148	0,5587	2,1277	3423	2532	891
L07533	3	-46,1315515	-23,4747163	2862	0,1048	0,5319	4600	3347	1253
L07536	18	-46,1569397	-23,5037712	2583	0,6969	3,1915	4158	2994	1164
L07537	7	-46,1432076	-23,5153889	2452	0,2855	1,2411	3935	2877	1058
L07538	11	-46,2005239	-23,5092060	1340	0,8209	1,9504	2106	1530	576
L07539	7	-46,1814329	-23,4993047	2759	0,2537	1,2411	4300	3220	1080
L07541	6	-46,1455968	-23,5213127	1212	0,495	1,0638	1779	1409	370
L07543	2	-46,1803124	-23,4984165	471	0,4246	0,3546	724	556	168
L07548	14	-46,2077795	-23,5122450	2130	0,6573	2,4823	3451	2472	979
L07554	11	-46,1830720	-23,4967629	2136	0,515	1,9504	3370	2490	880
L07555	7	-46,1545058	-23,5015478	1648	0,4248	1,2411	2543	1949	594
L07556	8	-46,1563280	-23,5037399	1596	0,5013	1,4184	2570	1854	716
L07557	10	-46,1454960	-23,5129990	2018	0,4955	1,773	3160	2385	775
L07569	3	-46,1648780	-23,4382300	214	1,4019	0,5319	355	251	104
