cod_local	QT_VOTOS	longitude	latitude	LOC_VALID	%_LOC_V	%_CAND	QT_APTOS	QT_COMPARECIMENTO	QT_ABSTENCOES
L01985	6	-46,2134957	-23,5315855	1990	0,3015	1,1278	3292	2269	1023
L01986	10	-46,2084156	-23,5413746	4068	0,2458	1,8797	6730	4697	2033
L01987	13	-46,2017578	-23,5273784	2497	0,5206	2,4436	4015	2753	1262
L01989	19	-46,1730191	-23,5248590	2206	0,8613	3,5714	3377	2453	924
L01990	4	-46,1842738	-23,5459020	1949	0,2052	0,7519	2975	2270	705
L01991	3	-46,1853207	-23,5234969	1416	0,2119	0,5639	2477	1597	880
L01992	21	-46,1856490	-23,5243939	4471	0,4697	3,9474	7537	5090	2447
L01993	24	-46,2029781	-23,5335337	4629	0,5185	4,5113	7844	5307	2537
L01994	19	-46,1713311	-23,5224846	4041	0,4702	3,5714	6748	4512	2236
L01995	9	-46,1882219	-23,5368569	3796	0,2371	1,6917	6404	4370	2034
L01996	10	-46,1946730	-23,5488514	2697	0,3708	1,8797	4094	3159	935
L01997	2	-46,1623888	-23,5299538	803	0,2491	0,3759	1281	946	335
L01998	5	-46,1825519	-23,5401787	2892	0,1729	0,9398	4713	3335	1378
L01999	7	-46,1737909	-23,5362493	2084	0,3359	1,3158	3560	2428	1132
L02000	15	-46,2026770	-23,5310151	2024	0,7411	2,8195	3006	2256	750
L02001	9	-46,1925010	-23,5232620	1649	0,5458	1,6917	2625	1857	768
L02002	2	-46,1743260	-23,5376110	1032	0,1938	0,3759	1525	1170	355
L02005	5	-46,1802256	-23,5306348	1683	0,2971	0,9398	2843	1949	894
L02006	2	-46,1939701	-23,5388714	919	0,2176	0,3759	1412	1075	337
L02007	14	-46,1873670	-23,5323390	2582	0,5422	2,6316	4256	2958	1298
L02009	4	-46,1982444	-23,5480283	1195	0,3347	0,7519	1718	1372	346
L02010	4	-46,1774530	-23,5387770	879	0,4551	0,7519	1318	1018	300
L02011	1	-46,1891176	-23,5299042	1307	0,0765	0,188	2014	1508	506
L02012	9	-46,1827169	-23,5168343	3637	0,2475	1,6917	5905	4058	1847
L06851	1	-46,2193217	-23,5648981	1780	0,0562	0,188	2974	2110	864
L06854	9	-46,2171382	-23,5418470	4077	0,2208	1,6917	6327	4832	1495
L06855	1	-46,2439199	-23,5836146	192	0,5208	0,188	372	223	149
L06856	2	-46,2468620	-23,5510270	1583	0,1263	0,3759	2619	1867	752
L06857	1	-46,2371100	-23,5439550	348	0,2874	0,188	582	430	152
L06859	7	-46,1852660	-23,6730330	1893	0,3698	1,3158	2959	2155	804
L06860	2	-46,2161759	-23,5808935	2369	0,0844	0,3759	3947	2830	1117
L06861	1	-46,1658596	-23,6070673	690	0,1449	0,188	1230	816	414
L06862	12	-46,2005205	-23,5218948	2724	0,4405	2,2556	4340	3099	1241
L06863	19	-46,1962830	-23,5146710	3148	0,6036	3,5714	5388	3678	1710
L06864	3	-46,2134200	-23,5573729	2635	0,1139	0,5639	4226	3074	1152
L06865	4	-46,1807627	-23,5543029	1791	0,2233	0,7519	2747	2054	693
L06866	6	-46,2228617	-23,5422120	5518	0,1087	1,1278	9292	6478	2814
L06867	7	-46,2187017	-23,5537725	2573	0,2721	1,3158	4107	3062	1045
L06868	11	-46,1954883	-23,5147961	1973	0,5575	2,0677	3249	2222	1027
L06869	3	-46,1869355	-23,6713360	1914	0,1567	0,5639	3154	2260	894
L06870	1	-46,2499240	-23,5498220	3749	0,0267	0,188	6094	4458	1636
L06871	2	-46,2337351	-23,5425270	2627	0,0761	0,3759	4208	3022	1186
L06872	5	-46,2028419	-23,5543180	2831	0,1766	0,9398	4610	3355	1255
L06874	2	-46,2213739	-23,5551863	3122	0,0641	0,3759	4997	3696	1301
L06875	2	-46,2564339	-23,5487501	3077	0,065	0,3759	4993	3577	1416
L06876	3	-46,2284045	-23,5500568	2413	0,1243	0,5639	3861	2862	999
L06877	4	-46,2617930	-23,5488429	2147	0,1863	0,7519	3414	2510	904
L06878	4	-46,2089161	-23,5485101	3853	0,1038	0,7519	6146	4430	1716
L06879	3	-46,2310239	-23,5865399	3259	0,0921	0,5639	5261	3725	1536
L06880	3	-46,2571889	-23,5489202	1887	0,159	0,5639	3034	2162	872
L06881	3	-46,1804098	-23,5614630	934	0,3212	0,5639	1288	1047	241
L06882	4	-46,2464158	-23,5470346	3054	0,131	0,7519	4946	3611	1335
L06884	5	-46,1805341	-23,5507934	1184	0,4223	0,9398	1752	1380	372
L06890	3	-46,2111657	-23,5541249	1629	0,1842	0,5639	2603	1941	662
L06891	10	-46,2038548	-23,5235974	894	1,1186	1,8797	1425	1030	395
L06892	2	-46,1661447	-23,5417243	1582	0,1264	0,3759	2272	1800	472
L06893	2	-46,1821326	-23,5624801	780	0,2564	0,3759	1196	925	271
L06894	1	-46,2601304	-23,5491810	1765	0,0567	0,188	2672	2071	601
L06897	1	-46,1825290	-23,6808903	660	0,1515	0,188	1105	799	306
L06898	4	-46,2032729	-23,5544319	2211	0,1809	0,7519	3519	2566	953
L06899	6	-46,2335765	-23,5424164	2463	0,2436	1,1278	3864	2934	930
L06902	2	-46,2169516	-23,5397601	789	0,2535	0,3759	1189	930	259
L06904	1	-46,2175191	-23,5400034	587	0,1704	0,188	992	699	293
L06905	15	-46,1873394	-23,5143147	1029	1,4577	2,8195	1582	1201	381
L07517	5	-46,1367810	-23,4840010	2028	0,2465	0,9398	3198	2432	766
L07519	10	-46,1448614	-23,5117891	1314	0,761	1,8797	2347	1560	787
L07520	8	-46,2561073	-23,4660008	2316	0,3454	1,5038	3797	2727	1070
L07522	3	-46,2140414	-23,5041734	801	0,3745	0,5639	1271	961	310
L07525	7	-46,1452290	-23,5063779	2145	0,3263	1,3158	3507	2549	958
L07527	4	-46,1487089	-23,5523510	1765	0,2266	0,7519	2833	1996	837
L07532	5	-46,1520972	-23,5008683	2148	0,2328	0,9398	3423	2532	891
L07533	2	-46,1315515	-23,4747163	2862	0,0699	0,3759	4600	3347	1253
L07536	7	-46,1569397	-23,5037712	2583	0,271	1,3158	4158	2994	1164
L07537	22	-46,1432076	-23,5153889	2452	0,8972	4,1353	3935	2877	1058
L07539	17	-46,1814329	-23,4993047	2759	0,6162	3,1955	4300	3220	1080
L07541	8	-46,1455968	-23,5213127	1212	0,6601	1,5038	1779	1409	370
L07543	5	-46,1803124	-23,4984165	471	1,0616	0,9398	724	556	168
L07544	1	-46,1209099	-23,5190591	148	0,6757	0,188	203	165	38
L07548	1	-46,2077795	-23,5122450	2130	0,0469	0,188	3451	2472	979
L07551	1	-46,2801260	-23,4647610	1375	0,0727	0,188	2559	1787	772
L07554	8	-46,1830720	-23,4967629	2136	0,3745	1,5038	3370	2490	880
L07555	5	-46,1545058	-23,5015478	1648	0,3034	0,9398	2543	1949	594
L07556	7	-46,1563280	-23,5037399	1596	0,4386	1,3158	2570	1854	716
L07557	12	-46,1454960	-23,5129990	2018	0,5946	2,2556	3160	2385	775
