cod_local	QT_VOTOS	longitude	latitude	LOC_VALID	%_LOC_V	%_CAND	QT_APTOS	QT_COMPARECIMENTO	QT_ABSTENCOES
L03684	3	-46,5472926	-23,6613284	2630	0,1141	1,3274	4663	3132	1531
L03685	3	-46,5292770	-23,6590789	1571	0,191	1,3274	2446	1722	724
L03686	1	-46,5240382	-23,6623668	1883	0,0531	0,4425	2962	2115	847
L03688	1	-46,5308269	-23,6555940	2426	0,0412	0,4425	4436	2691	1745
L03689	4	-46,5269000	-23,6727000	4944	0,0809	1,7699	8875	5641	3234
L03690	3	-46,5349000	-23,6759000	2868	0,1046	1,3274	4922	3416	1506
L03691	3	-46,5232962	-23,6903498	4881	0,0615	1,3274	8306	5804	2502
L03692	3	-46,5166000	-23,6822000	3516	0,0853	1,3274	6183	4059	2124
L03693	3	-46,5251174	-23,6862552	2209	0,1358	1,3274	3900	2615	1285
L03695	1	-46,5313544	-23,6980846	1150	0,087	0,4425	1844	1424	420
L03696	3	-46,5383930	-23,6678199	2956	0,1015	1,3274	4696	3280	1416
L03698	1	-46,5188129	-23,6615529	2075	0,0482	0,4425	3804	2310	1494
L03699	1	-46,5165000	-23,6898000	2404	0,0416	0,4425	4273	2849	1424
L03700	1	-46,5251147	-23,6739179	3001	0,0333	0,4425	4744	3451	1293
L03701	1	-46,5265560	-23,6846650	1248	0,0801	0,4425	1941	1470	471
L03702	7	-46,5364163	-23,6615619	4255	0,1645	3,0973	6875	4735	2140
L03703	4	-46,5221959	-23,6903517	1861	0,2149	1,7699	2927	2201	726
L03706	4	-46,5375262	-23,6826839	2062	0,194	1,7699	3161	2444	717
L03711	1	-46,5308067	-23,6974851	1137	0,088	0,4425	1777	1452	325
L03712	2	-46,5305110	-23,6599040	1855	0,1078	0,885	3401	2072	1329
L06086	1	-46,5156392	-23,6505006	3286	0,0304	0,4425	4848	3702	1146
L06088	1	-46,4942573	-23,6473472	1871	0,0534	0,4425	2822	2226	596
L06089	1	-46,4987173	-23,6329472	2096	0,0477	0,4425	3145	2384	761
L06091	1	-46,5080122	-23,6465096	1096	0,0912	0,4425	1757	1283	474
L06092	1	-46,5111599	-23,6266900	1498	0,0668	0,4425	2360	1740	620
L06093	1	-46,4972330	-23,6346420	2766	0,0362	0,4425	4659	3233	1426
L06094	2	-46,4922158	-23,6441023	3621	0,0552	0,885	5423	4272	1151
L06095	4	-46,5015367	-23,6309869	2601	0,1538	1,7699	4558	3042	1516
L06096	2	-46,5184840	-23,6394570	2291	0,0873	0,885	4161	2678	1483
L06100	2	-46,5073552	-23,6341587	2142	0,0934	0,885	3860	2480	1380
L06102	1	-46,4923889	-23,6391620	3055	0,0327	0,4425	5079	3554	1525
L06103	2	-46,5252059	-23,6451453	1894	0,1056	0,885	3558	2151	1407
L06104	1	-46,5014410	-23,6424999	2436	0,0411	0,4425	3801	2799	1002
L06105	1	-46,4917749	-23,6345261	2361	0,0424	0,4425	4035	2812	1223
L06107	2	-46,5037973	-23,6515281	2106	0,095	0,885	3096	2430	666
L06108	2	-46,5064691	-23,6341241	2887	0,0693	0,885	4421	3304	1117
L06109	1	-46,4972026	-23,6435472	2197	0,0455	0,4425	3350	2576	774
L06110	2	-46,5091100	-23,6477673	2233	0,0896	0,885	3427	2564	863
L06113	1	-46,5199072	-23,6443238	2590	0,0386	0,4425	3916	2946	970
L06115	1	-46,5227420	-23,6388599	2587	0,0387	0,4425	4038	2916	1122
L06116	1	-46,5226930	-23,6386110	1681	0,0595	0,4425	2714	1905	809
L06117	1	-46,5148760	-23,6247890	1454	0,0688	0,4425	2380	1735	645
L06118	1	-46,5366400	-23,6365360	1331	0,0751	0,4425	2598	1505	1093
L06119	1	-46,5238040	-23,6164609	1733	0,0577	0,4425	2860	2020	840
L06120	2	-46,5287000	-23,6418000	2321	0,0862	0,885	3930	2663	1267
L06121	3	-46,5368700	-23,6241300	4912	0,0611	1,3274	8252	5753	2499
L06122	1	-46,5294649	-23,6215610	3474	0,0288	0,4425	5646	4021	1625
L06123	7	-46,5288114	-23,6203323	4221	0,1658	3,0973	7114	4935	2179
L06125	1	-46,5234738	-23,6251669	206	0,4854	0,4425	282	233	49
L06129	2	-46,5198409	-23,6221528	2606	0,0767	0,885	4540	3136	1404
L06130	2	-46,5282091	-23,6339736	2611	0,0766	0,885	4243	3034	1209
L06131	1	-46,5160440	-23,6343094	1687	0,0593	0,4425	2862	1955	907
L06132	6	-46,5148760	-23,6247890	2223	0,2699	2,6549	3899	2603	1296
L06133	3	-46,5212740	-23,6295550	2837	0,1057	1,3274	4819	3349	1470
L06134	1	-46,5210260	-23,6332880	2048	0,0488	0,4425	3248	2365	883
L06136	2	-46,5186613	-23,6230737	2368	0,0845	0,885	3803	2874	929
L07310	3	-46,5332450	-23,6511590	4721	0,0635	1,3274	7346	5196	2150
L07311	3	-46,5446951	-23,6406770	4551	0,0659	1,3274	7489	5213	2276
L07312	4	-46,5426561	-23,6522360	3521	0,1136	1,7699	5761	3920	1841
L07313	2	-46,5430762	-23,6811036	2087	0,0958	0,885	3584	2414	1170
L07315	2	-46,5453296	-23,6559683	1791	0,1117	0,885	3299	2078	1221
L07316	1	-46,5505332	-23,6617621	1093	0,0915	0,4425	1707	1315	392
L07317	2	-46,5483876	-23,6767556	3318	0,0603	0,885	5641	3856	1785
L07318	7	-46,5615766	-23,6519061	3047	0,2297	3,0973	5693	3801	1892
L07319	1	-46,5497609	-23,6732736	2065	0,0484	0,4425	3381	2449	932
L07320	1	-46,5477273	-23,6651315	3167	0,0316	0,4425	5172	3606	1566
L07321	4	-46,5462836	-23,6406202	3549	0,1127	1,7699	6048	4040	2008
L07322	1	-46,5530360	-23,6482590	2016	0,0496	0,4425	3490	2398	1092
L07323	1	-46,5563889	-23,6524699	2154	0,0464	0,4425	3610	2622	988
L07324	1	-46,5484802	-23,6650650	1495	0,0669	0,4425	2222	1687	535
L07325	2	-46,5497200	-23,6764379	1769	0,1131	0,885	3020	2077	943
L07326	1	-46,5576078	-23,6563468	1744	0,0573	0,4425	2744	2019	725
L07328	1	-46,5445125	-23,6543114	1725	0,058	0,4425	3287	1970	1317
L07329	2	-46,5540119	-23,6613705	4904	0,0408	0,885	8401	5789	2612
L07332	1	-46,5109420	-23,6774380	2828	0,0354	0,4425	4329	3216	1113
L07334	5	-46,5059879	-23,6939677	4150	0,1205	2,2124	7082	4878	2204
L07335	1	-46,5109296	-23,6991859	2485	0,0402	0,4425	4072	2975	1097
L07336	1	-46,5043984	-23,6903378	2971	0,0337	0,4425	4997	3464	1533
L07338	1	-46,5020431	-23,7128793	1268	0,0789	0,4425	2003	1468	535
L07339	1	-46,5032712	-23,7132446	1852	0,054	0,4425	3119	2185	934
L07340	4	-46,5113909	-23,6829130	2659	0,1504	1,7699	4213	3051	1162
L07341	1	-46,5135165	-23,6985986	3789	0,0264	0,4425	6026	4526	1500
L07342	2	-46,5122000	-23,7097000	4177	0,0479	0,885	6703	4962	1741
L07343	4	-46,5115057	-23,7042909	4141	0,0966	1,7699	6904	4968	1936
L07344	2	-46,5069000	-23,6705000	2168	0,0923	0,885	3784	2446	1338
L07345	2	-46,5098318	-23,7066288	2998	0,0667	0,885	4714	3555	1159
L07346	2	-46,5134270	-23,6677330	1637	0,1222	0,885	2479	1826	653
L07348	1	-46,5095749	-23,6900581	1136	0,088	0,4425	1821	1358	463
L07350	3	-46,5129799	-23,6669307	2562	0,1171	1,3274	4853	2911	1942
L07351	1	-46,5101158	-23,6961781	215	0,4651	0,4425	343	260	83
L09406	3	-46,5014404	-23,7060406	1302	0,2304	1,3274	1973	1532	441
L09407	1	-46,5002559	-23,7125334	1195	0,0837	0,4425	1959	1446	513
L09409	1	-46,4982014	-23,6963427	1048	0,0954	0,4425	1583	1236	347
L09410	1	-46,4944917	-23,7423372	3484	0,0287	0,4425	5500	4167	1333
L09411	1	-46,5013444	-23,6779317	2567	0,039	0,4425	3903	2934	969
L09413	2	-46,4941589	-23,6933187	4247	0,0471	0,885	6822	5002	1820
L09414	3	-46,4915639	-23,6674570	3951	0,0759	1,3274	6180	4647	1533
L09415	3	-46,4982444	-23,7019928	2183	0,1374	1,3274	3410	2615	795
L09416	3	-46,5010249	-23,7061886	2933	0,1023	1,3274	5036	3500	1536
L09417	1	-46,4969697	-23,7099379	3174	0,0315	0,4425	5055	3838	1217
L09419	3	-46,4910779	-23,6674979	2714	0,1105	1,3274	4359	3130	1229
L09420	7	-46,5015388	-23,6971990	5175	0,1353	3,0973	8241	6026	2215
L09422	1	-46,5017000	-23,6746000	2753	0,0363	0,4425	4570	3216	1354
L09424	2	-46,4983968	-23,6853445	3001	0,0666	0,885	4929	3490	1439
L09425	2	-46,4942373	-23,6786357	3265	0,0613	0,885	4922	3787	1135
L09428	1	-46,4874189	-23,6700220	2488	0,0402	0,4425	3819	2922	897
L09429	1	-46,4936175	-23,7010656	1687	0,0593	0,4425	2669	2066	603
L09431	2	-46,5018766	-23,6701162	1702	0,1175	0,885	2598	1971	627
L09432	1	-46,5011458	-23,6641775	2109	0,0474	0,4425	3184	2416	768
L09436	1	-46,5048938	-23,6752093	1174	0,0852	0,4425	1714	1326	388
