cod_local	QT_VOTOS	longitude	latitude	LOC_VALID	%_LOC_V	%_CAND	QT_APTOS	QT_COMPARECIMENTO	QT_ABSTENCOES
L02759	1	-46,2266205	-23,3098224	850	0,1176	2,5641	1251	939	312
L02762	3	-46,2190937	-23,3137689	2399	0,1251	7,6923	3683	2649	1034
L02763	6	-46,2314288	-23,3235797	1647	0,3643	15,3846	2602	1830	772
L02767	9	-46,2304522	-23,3251491	2986	0,3014	23,0769	4467	3311	1156
L02769	1	-46,2289310	-23,3190810	1107	0,0903	2,5641	1633	1257	376
L02771	2	-46,2334449	-23,3163963	1370	0,146	5,1282	1946	1516	430
L02772	4	-46,2289178	-23,3105002	2052	0,1949	10,2564	2897	2275	622
L02773	11	-46,2337303	-23,3260627	2003	0,5492	28,2051	3140	2285	855
L02778	2	-46,2195564	-23,3054865	1352	0,1479	5,1282	1981	1521	460
