cod_local	QT_VOTOS	longitude	latitude	LOC_VALID	%_LOC_V	%_CAND	QT_APTOS	QT_COMPARECIMENTO	QT_ABSTENCOES
L04456	2	-46,7330074	-23,3577870	2622	0,0763	7,6923	3545	2880	665
L04458	2	-46,7464790	-23,3449200	3551	0,0563	7,6923	5069	3976	1093
L04462	5	-46,7483710	-23,3525088	3092	0,1617	19,2308	4698	3469	1229
L04467	1	-46,7510855	-23,3651519	1719	0,0582	3,8462	2710	1968	742
L04473	1	-46,7445678	-23,3652486	2885	0,0347	3,8462	4521	3309	1212
L04499	2	-46,7558223	-23,3472599	2999	0,0667	7,6923	4374	3400	974
L04504	5	-46,7409706	-23,3592766	2120	0,2358	19,2308	3230	2344	886
L04506	1	-46,7035488	-23,3734116	1200	0,0833	3,8462	1727	1371	356
L04510	7	-46,7347858	-23,3644118	1708	0,4098	26,9231	2732	1909	823
