cod_local	QT_VOTOS	longitude	latitude	LOC_VALID	%_LOC_V	%_CAND	QT_APTOS	QT_COMPARECIMENTO	QT_ABSTENCOES
L04021	1	-46,5351389	-23,4432944	3985	0,0251	0,0702	6467	4740	1727
L04023	1	-46,5258670	-23,4677912	1789	0,0559	0,0702	2652	2022	630
L04027	2	-46,5348867	-23,4617458	3878	0,0516	0,1404	6011	4558	1453
L04028	1	-46,5260028	-23,4506424	2185	0,0458	0,0702	3153	2490	663
L04029	1	-46,5257431	-23,4447767	3469	0,0288	0,0702	5202	4058	1144
L04031	3	-46,5178969	-23,4509497	3853	0,0779	0,2105	5561	4379	1182
L04033	1	-46,5221381	-23,4625300	3783	0,0264	0,0702	5585	4358	1227
L04037	3	-46,5347298	-23,4577536	3127	0,0959	0,2105	4628	3609	1019
L04038	2	-46,5218442	-23,4280169	5014	0,0399	0,1404	6975	5763	1212
L04042	2	-46,5148130	-23,4615577	3411	0,0586	0,1404	5052	3997	1055
L04045	2	-46,5182845	-23,4505855	1810	0,1105	0,1404	2690	2149	541
L04047	1	-46,5212409	-23,4239096	3765	0,0266	0,0702	5711	4457	1254
L04049	3	-46,5279042	-23,4569302	1927	0,1557	0,2105	2790	2244	546
L04228	17	-46,4043279	-23,4619232	3414	0,4979	1,193	4990	4013	977
L04229	84	-46,4252641	-23,4654680	2476	3,3926	5,8947	3655	2957	698
L04230	18	-46,4036715	-23,4635450	2746	0,6555	1,2632	4031	3199	832
L04231	7	-46,4014312	-23,4267677	3300	0,2121	0,4912	4744	3843	901
L04232	118	-46,4217922	-23,4688827	2892	4,0802	8,2807	4235	3445	790
L04233	6	-46,3922099	-23,4750902	2611	0,2298	0,4211	3680	3063	617
L04235	15	-46,4124283	-23,4446100	3679	0,4077	1,0526	5464	4330	1134
L04236	180	-46,4240116	-23,4575466	3776	4,7669	12,6316	5435	4492	943
L04237	19	-46,4010537	-23,4628858	3866	0,4915	1,3333	5772	4602	1170
L04238	9	-46,3962862	-23,4650561	3129	0,2876	0,6316	4474	3655	819
L04239	19	-46,4117159	-23,4448235	3541	0,5366	1,3333	4961	4092	869
L04240	7	-46,3970402	-23,4775957	3125	0,224	0,4912	4896	3844	1052
L04241	122	-46,4274434	-23,4577532	3932	3,1027	8,5614	5900	4677	1223
L04242	18	-46,4110028	-23,4412045	4441	0,4053	1,2632	6679	5288	1391
L04243	14	-46,4190397	-23,4390357	4665	0,3001	0,9825	6705	5509	1196
L04244	67	-46,4384280	-23,4711710	2467	2,7158	4,7018	3489	2777	712
L04245	136	-46,4263197	-23,4646584	2243	6,0633	9,5439	3234	2676	558
L04246	73	-46,4183363	-23,4566057	2701	2,7027	5,1228	3767	3124	643
L04247	8	-46,4006094	-23,4493557	4047	0,1977	0,5614	5767	4780	987
L04248	22	-46,4098396	-23,4606598	2080	1,0577	1,5439	3149	2441	708
L04249	2	-46,4399123	-23,4617526	1621	0,1234	0,1404	2373	1931	442
L04250	2	-46,4006412	-23,4605835	2128	0,094	0,1404	3336	2530	806
L04251	28	-46,4122972	-23,4487083	2818	0,9936	1,9649	4095	3343	752
L04252	3	-46,3922900	-23,4769740	2249	0,1334	0,2105	3198	2702	496
L04253	24	-46,4078760	-23,4565700	2061	1,1645	1,6842	3057	2422	635
L04254	8	-46,4142034	-23,4355403	1861	0,4299	0,5614	2816	2250	566
L04255	46	-46,4083672	-23,4621695	2456	1,873	3,2281	3409	2856	553
L04256	1	-46,4196635	-23,4426294	1504	0,0665	0,0702	2063	1754	309
L04257	2	-46,4168989	-23,4502035	2158	0,0927	0,1404	3157	2540	617
L04258	3	-46,4181034	-23,4396543	1694	0,1771	0,2105	2298	1986	312
L04259	6	-46,4044135	-23,4399264	2280	0,2632	0,4211	3572	2733	839
L04260	24	-46,4110264	-23,4483687	2454	0,978	1,6842	3348	2855	493
L04261	73	-46,4253063	-23,4662179	1516	4,8153	5,1228	2268	1797	471
L05429	2	-46,5131387	-23,4051476	3219	0,0621	0,1404	4495	3582	913
L06590	2	-46,5422782	-23,4665988	3106	0,0644	0,1404	4688	3650	1038
L06592	3	-46,5439730	-23,4607010	2585	0,1161	0,2105	3854	3034	820
L06593	2	-46,5414079	-23,4675541	2706	0,0739	0,1404	4182	3224	958
L06596	1	-46,5433698	-23,4792971	2346	0,0426	0,0702	3481	2759	722
L06597	1	-46,5597602	-23,4667730	2339	0,0428	0,0702	3181	2645	536
L06599	1	-46,5552762	-23,4757201	4016	0,0249	0,0702	5873	4680	1193
L06600	2	-46,5491135	-23,5030590	4632	0,0432	0,1404	7282	5678	1604
L06604	2	-46,5464811	-23,4794649	2834	0,0706	0,1404	4188	3330	858
L06606	1	-46,5368498	-23,4803586	2392	0,0418	0,0702	3486	2783	703
L06615	2	-46,5425522	-23,4666121	917	0,2181	0,1404	1375	1082	293
L06617	1	-46,5532090	-23,4944749	619	0,1616	0,0702	879	725	154
L06619	1	-46,5368498	-23,4803586	597	0,1675	0,0702	945	695	250
L06625	1	-46,5011844	-23,4290384	1688	0,0592	0,0702	2378	1894	484
L06626	3	-46,5107127	-23,4539298	2561	0,1171	0,2105	3759	3035	724
L06629	1	-46,5152025	-23,4480885	1944	0,0514	0,0702	2635	2163	472
L06638	5	-46,5108984	-23,4160796	3329	0,1502	0,3509	4389	3703	686
L06639	3	-46,5101307	-23,4343788	3858	0,0778	0,2105	5535	4504	1031
L06644	2	-46,5063124	-23,4580645	2735	0,0731	0,1404	3706	3095	611
L06646	3	-46,5109205	-23,4407732	3152	0,0952	0,2105	4427	3643	784
L06649	10	-46,5101326	-23,4531041	2613	0,3827	0,7018	3756	3033	723
L07068	1	-46,4183034	-23,4225518	3081	0,0325	0,0702	4413	3669	744
L08497	2	-46,5560400	-23,4515991	3178	0,0629	0,1404	5027	3802	1225
L09785	2	-46,5368630	-23,4401670	1861	0,1075	0,1404	2951	2203	748
L09787	1	-46,5659510	-23,4593190	1776	0,0563	0,0702	2810	2171	639
L09788	2	-46,5460249	-23,4541953	1554	0,1287	0,1404	2307	1827	480
L09791	1	-46,5196842	-23,3998219	1835	0,0545	0,0702	2578	2100	478
L09794	1	-46,5460300	-23,4567593	1200	0,0833	0,0702	1749	1407	342
L09796	1	-46,5546684	-23,4228617	2959	0,0338	0,0702	4282	3474	808
L09798	2	-46,5603066	-23,4492343	3120	0,0641	0,1404	5013	3800	1213
L09799	3	-46,5550646	-23,4340925	3062	0,098	0,2105	4384	3628	756
L09801	1	-46,5362158	-23,4040658	2732	0,0366	0,0702	3870	3112	758
L09803	4	-46,5561613	-23,4338322	3793	0,1055	0,2807	5928	4573	1355
L09804	1	-46,5483783	-23,4363400	3017	0,0331	0,0702	4500	3528	972
L09808	1	-46,5531760	-23,4384305	1963	0,0509	0,0702	3071	2353	718
L09811	1	-46,5405794	-23,4474493	1305	0,0766	0,0702	1989	1517	472
L09817	4	-46,5575625	-23,4485828	5138	0,0779	0,2807	7850	5990	1860
L09820	6	-46,4061990	-23,4172553	2440	0,2459	0,4211	3538	2909	629
L09821	1	-46,4713471	-23,4164380	4729	0,0211	0,0702	6668	5493	1175
L09825	2	-46,3717961	-23,4135789	1881	0,1063	0,1404	2708	2254	454
L09828	1	-46,4373582	-23,3998282	3439	0,0291	0,0702	5350	4024	1326
L09829	1	-46,4437028	-23,3783486	3911	0,0256	0,0702	5380	4483	897
L09830	1	-46,4024310	-23,3865450	1980	0,0505	0,0702	2870	2358	512
L09831	1	-46,4660087	-23,4006544	3645	0,0274	0,0702	5341	4237	1104
L09834	4	-46,3974480	-23,4069388	2470	0,1619	0,2807	3555	2944	611
L09836	3	-46,3915434	-23,4071587	3522	0,0852	0,2105	5143	4192	951
L09838	2	-46,4171536	-23,4044185	4679	0,0427	0,1404	6569	5371	1198
L09839	3	-46,4666479	-23,4031200	4480	0,067	0,2105	6276	5151	1125
L09840	4	-46,4166354	-23,4057458	4733	0,0845	0,2807	6925	5514	1411
L09841	1	-46,4332401	-23,4018027	4766	0,021	0,0702	6620	5535	1085
L09842	1	-46,4337453	-23,4021408	773	0,1294	0,0702	1143	907	236
L09843	2	-46,4584206	-23,4091730	3839	0,0521	0,1404	5358	4400	958
L09844	1	-46,3942002	-23,3987737	3665	0,0273	0,0702	5306	4363	943
L09845	3	-46,3955820	-23,3987536	3675	0,0816	0,2105	5424	4458	966
L09854	1	-46,4426341	-23,4006395	3069	0,0326	0,0702	4213	3533	680
L09858	1	-46,4627520	-23,4438668	1677	0,0596	0,0702	2339	2000	339
L09859	3	-46,4663092	-23,4465384	3796	0,079	0,2105	5627	4426	1201
L09861	17	-46,4284199	-23,4439420	4306	0,3948	1,193	6361	5197	1164
L09862	2	-46,4178706	-23,4230444	2208	0,0906	0,1404	3359	2691	668
L09863	2	-46,4279296	-23,4310787	2270	0,0881	0,1404	3738	2809	929
L09864	1	-46,4654827	-23,4594060	3703	0,027	0,0702	5205	4151	1054
L09866	7	-46,4278732	-23,4383691	2095	0,3341	0,4912	2932	2450	482
L09868	10	-46,4576614	-23,4558165	4036	0,2478	0,7018	5529	4586	943
L09869	1	-46,4651071	-23,4594986	4171	0,024	0,0702	5819	4729	1090
L09870	20	-46,4386061	-23,4454914	3923	0,5098	1,4035	5764	4733	1031
L09871	10	-46,4406541	-23,4507951	4323	0,2313	0,7018	6232	5179	1053
L09873	2	-46,4515097	-23,4506187	2707	0,0739	0,1404	3620	3006	614
L09874	2	-46,4275906	-23,4246425	2619	0,0764	0,1404	3842	3152	690
L09875	2	-46,4340671	-23,4266463	6326	0,0316	0,1404	9025	7471	1554
L09876	1	-46,4660357	-23,4471833	3396	0,0294	0,0702	5107	3973	1134
L09878	2	-46,4758617	-23,4524532	919	0,2176	0,1404	1504	1107	397
L09879	1	-46,4587327	-23,4565094	1379	0,0725	0,0702	1890	1536	354
L09880	15	-46,4237055	-23,4448627	2391	0,6274	1,0526	3560	2909	651
L09881	1	-46,4623323	-23,4433165	1831	0,0546	0,0702	2794	2154	640
L09883	3	-46,4272290	-23,4171690	1915	0,1567	0,2105	2861	2256	605
L09885	2	-46,4422840	-23,4184680	2598	0,077	0,1404	3836	3140	696
L09886	1	-46,4394973	-23,4515105	1513	0,0661	0,0702	2302	1818	484
