cod_local	QT_VOTOS	longitude	latitude	LOC_VALID	%_LOC_V	%_CAND	QT_APTOS	QT_COMPARECIMENTO	QT_ABSTENCOES
L04021	1	-46,5351389	-23,4432944	3985	0,0251	0,0538	6467	4740	1727
L04022	1	-46,5189890	-23,4582225	3507	0,0285	0,0538	5353	4100	1253
L04026	4	-46,5205382	-23,4200168	3569	0,1121	0,2153	5258	4148	1110
L04028	2	-46,5260028	-23,4506424	2185	0,0915	0,1076	3153	2490	663
L04030	1	-46,5250906	-23,4552952	3134	0,0319	0,0538	4565	3579	986
L04032	2	-46,5233803	-23,4390725	1675	0,1194	0,1076	2351	1938	413
L04033	3	-46,5221381	-23,4625300	3783	0,0793	0,1615	5585	4358	1227
L04034	3	-46,5200816	-23,4395097	2036	0,1473	0,1615	2776	2341	435
L04035	2	-46,5225666	-23,4292113	1027	0,1947	0,1076	1410	1186	224
L04036	3	-46,5172187	-23,4664313	1839	0,1631	0,1615	2791	2165	626
L04037	3	-46,5347298	-23,4577536	3127	0,0959	0,1615	4628	3609	1019
L04038	6	-46,5218442	-23,4280169	5014	0,1197	0,3229	6975	5763	1212
L04039	4	-46,5333820	-23,4320324	4977	0,0804	0,2153	7292	5754	1538
L04040	5	-46,5310324	-23,4403067	3573	0,1399	0,2691	4916	4069	847
L04041	2	-46,5198792	-23,4405254	2510	0,0797	0,1076	3908	2965	943
L04042	1	-46,5148130	-23,4615577	3411	0,0293	0,0538	5052	3997	1055
L04043	7	-46,4988962	-23,4535454	3004	0,233	0,3767	4361	3460	901
L04044	1	-46,5252840	-23,4499460	879	0,1138	0,0538	1389	1067	322
L04045	3	-46,5182845	-23,4505855	1810	0,1657	0,1615	2690	2149	541
L04047	1	-46,5212409	-23,4239096	3765	0,0266	0,0538	5711	4457	1254
L04049	2	-46,5279042	-23,4569302	1927	0,1038	0,1076	2790	2244	546
L04050	1	-46,5284889	-23,4721650	1152	0,0868	0,0538	1695	1303	392
L04051	1	-46,5374154	-23,4392016	1523	0,0657	0,0538	2253	1802	451
L04054	1	-46,5247111	-23,4230992	2455	0,0407	0,0538	3441	2836	605
L04227	3	-46,4014214	-23,4418594	3279	0,0915	0,1615	4547	3765	782
L04228	1	-46,4043279	-23,4619232	3414	0,0293	0,0538	4990	4013	977
L04229	2	-46,4252641	-23,4654680	2476	0,0808	0,1076	3655	2957	698
L04230	1	-46,4036715	-23,4635450	2746	0,0364	0,0538	4031	3199	832
L04231	1	-46,4014312	-23,4267677	3300	0,0303	0,0538	4744	3843	901
L04232	4	-46,4217922	-23,4688827	2892	0,1383	0,2153	4235	3445	790
L04233	10	-46,3922099	-23,4750902	2611	0,383	0,5382	3680	3063	617
L04235	2	-46,4124283	-23,4446100	3679	0,0544	0,1076	5464	4330	1134
L04237	1	-46,4010537	-23,4628858	3866	0,0259	0,0538	5772	4602	1170
L04238	4	-46,3962862	-23,4650561	3129	0,1278	0,2153	4474	3655	819
L04239	1	-46,4117159	-23,4448235	3541	0,0282	0,0538	4961	4092	869
L04240	20	-46,3970402	-23,4775957	3125	0,64	1,0764	4896	3844	1052
L04242	2	-46,4110028	-23,4412045	4441	0,045	0,1076	6679	5288	1391
L04243	2	-46,4190397	-23,4390357	4665	0,0429	0,1076	6705	5509	1196
L04246	1	-46,4183363	-23,4566057	2701	0,037	0,0538	3767	3124	643
L04249	1	-46,4399123	-23,4617526	1621	0,0617	0,0538	2373	1931	442
L04252	3	-46,3922900	-23,4769740	2249	0,1334	0,1615	3198	2702	496
L04253	2	-46,4078760	-23,4565700	2061	0,097	0,1076	3057	2422	635
L04259	3	-46,4044135	-23,4399264	2280	0,1316	0,1615	3572	2733	839
L05429	5	-46,5131387	-23,4051476	3219	0,1553	0,2691	4495	3582	913
L06590	1	-46,5422782	-23,4665988	3106	0,0322	0,0538	4688	3650	1038
L06593	1	-46,5414079	-23,4675541	2706	0,037	0,0538	4182	3224	958
L06596	2	-46,5433698	-23,4792971	2346	0,0853	0,1076	3481	2759	722
L06597	2	-46,5597602	-23,4667730	2339	0,0855	0,1076	3181	2645	536
L06599	1	-46,5552762	-23,4757201	4016	0,0249	0,0538	5873	4680	1193
L06600	4	-46,5491135	-23,5030590	4632	0,0864	0,2153	7282	5678	1604
L06603	4	-46,5529975	-23,4682223	3294	0,1214	0,2153	4736	3793	943
L06607	2	-46,5426685	-23,4588950	2362	0,0847	0,1076	3496	2775	721
L06611	2	-46,5502169	-23,4903597	1250	0,16	0,1076	1851	1472	379
L06612	2	-46,5384397	-23,4639462	1397	0,1432	0,1076	2056	1664	392
L06614	4	-46,5497994	-23,5030196	718	0,5571	0,2153	1162	888	274
L06620	1	-46,5509395	-23,4687509	963	0,1038	0,0538	1425	1159	266
L06624	1	-46,5045704	-23,4243582	1929	0,0518	0,0538	2744	2220	524
L06625	5	-46,5011844	-23,4290384	1688	0,2962	0,2691	2378	1894	484
L06626	1	-46,5107127	-23,4539298	2561	0,039	0,0538	3759	3035	724
L06627	2	-46,5068802	-23,4538921	1021	0,1959	0,1076	1469	1179	290
L06628	1	-46,5095998	-23,4618149	2520	0,0397	0,0538	3580	2958	622
L06633	2	-46,5143356	-23,4331372	1089	0,1837	0,1076	1495	1261	234
L06634	3	-46,4972144	-23,4091590	3843	0,0781	0,1615	5269	4286	983
L06635	3	-46,4960369	-23,4157394	3530	0,085	0,1615	4636	3918	718
L06636	1	-46,5010794	-23,4082922	2304	0,0434	0,0538	3067	2564	503
L06638	2	-46,5108984	-23,4160796	3329	0,0601	0,1076	4389	3703	686
L06639	5	-46,5101307	-23,4343788	3858	0,1296	0,2691	5535	4504	1031
L06641	2	-46,5044429	-23,4216203	4367	0,0458	0,1076	5813	4898	915
L06642	2	-46,5029171	-23,4317468	2477	0,0807	0,1076	3336	2757	579
L06643	2	-46,5046999	-23,4484229	4431	0,0451	0,1076	5949	4887	1062
L06645	7	-46,5069535	-23,4312359	4449	0,1573	0,3767	6184	5081	1103
L06648	2	-46,4933909	-23,4194569	1189	0,1682	0,1076	1753	1363	390
L06649	2	-46,5101326	-23,4531041	2613	0,0765	0,1076	3756	3033	723
L06659	2	-46,5039161	-23,4489787	1371	0,1459	0,1076	1880	1545	335
L07068	9	-46,4183034	-23,4225518	3081	0,2921	0,4844	4413	3669	744
L08497	1	-46,5560400	-23,4515991	3178	0,0315	0,0538	5027	3802	1225
L09785	1	-46,5368630	-23,4401670	1861	0,0537	0,0538	2951	2203	748
L09786	1	-46,5393572	-23,4082193	1062	0,0942	0,0538	1446	1187	259
L09787	2	-46,5659510	-23,4593190	1776	0,1126	0,1076	2810	2171	639
L09791	5	-46,5196842	-23,3998219	1835	0,2725	0,2691	2578	2100	478
L09792	14	-46,5222530	-23,3978071	2829	0,4949	0,7535	4352	3370	982
L09793	4	-46,5414126	-23,4449188	3241	0,1234	0,2153	4997	3883	1114
L09795	1	-46,5427459	-23,4505121	3324	0,0301	0,0538	5044	3906	1138
L09796	1	-46,5546684	-23,4228617	2959	0,0338	0,0538	4282	3474	808
L09798	1	-46,5603066	-23,4492343	3120	0,0321	0,0538	5013	3800	1213
L09799	1	-46,5550646	-23,4340925	3062	0,0327	0,0538	4384	3628	756
L09800	5	-46,5484944	-23,4461673	3063	0,1632	0,2691	4917	3640	1277
L09801	15	-46,5362158	-23,4040658	2732	0,549	0,8073	3870	3112	758
L09802	2	-46,5475487	-23,4366943	1665	0,1201	0,1076	2234	1890	344
L09803	3	-46,5561613	-23,4338322	3793	0,0791	0,1615	5928	4573	1355
L09804	2	-46,5483783	-23,4363400	3017	0,0663	0,1076	4500	3528	972
L09805	1	-46,5559629	-23,4447718	2534	0,0395	0,0538	3838	3014	824
L09806	8	-46,5633619	-23,4319629	3371	0,2373	0,4306	4729	3853	876
L09809	3	-46,5629586	-23,4343390	2004	0,1497	0,1615	2912	2323	589
L09811	4	-46,5405794	-23,4474493	1305	0,3065	0,2153	1989	1517	472
L09814	1	-46,5564460	-23,4500298	738	0,1355	0,0538	1149	910	239
L09816	11	-46,5168696	-23,4061812	1849	0,5949	0,592	2488	2148	340
L09818	15	-46,4376679	-23,3997821	4108	0,3651	0,8073	5884	4783	1101
L09819	183	-46,4161970	-23,4051055	3839	4,7669	9,8493	5798	4451	1347
L09820	17	-46,4061990	-23,4172553	2440	0,6967	0,915	3538	2909	629
L09821	7	-46,4713471	-23,4164380	4729	0,148	0,3767	6668	5493	1175
L09822	4	-46,4599054	-23,4173154	3123	0,1281	0,2153	4717	3792	925
L09823	2	-46,4514827	-23,4142506	718	0,2786	0,1076	1034	843	191
L09824	51	-46,4460270	-23,4107410	3681	1,3855	2,7449	5303	4310	993
L09825	1	-46,3717961	-23,4135789	1881	0,0532	0,0538	2708	2254	454
L09826	2	-46,4060026	-23,3664058	1077	0,1857	0,1076	1500	1245	255
L09827	12	-46,4073298	-23,4187234	1833	0,6547	0,6459	2739	2236	503
L09828	19	-46,4373582	-23,3998282	3439	0,5525	1,0226	5350	4024	1326
L09829	5	-46,4437028	-23,3783486	3911	0,1278	0,2691	5380	4483	897
L09830	2	-46,4024310	-23,3865450	1980	0,101	0,1076	2870	2358	512
L09831	33	-46,4660087	-23,4006544	3645	0,9053	1,7761	5341	4237	1104
L09832	20	-46,4514827	-23,4142506	2143	0,9333	1,0764	3201	2566	635
L09833	33	-46,4201768	-23,4087523	1155	2,8571	1,7761	1705	1297	408
L09834	5	-46,3974480	-23,4069388	2470	0,2024	0,2691	3555	2944	611
L09835	8	-46,4532657	-23,4044830	3545	0,2257	0,4306	4593	3941	652
L09836	7	-46,3915434	-23,4071587	3522	0,1988	0,3767	5143	4192	951
L09837	6	-46,4580997	-23,4097075	3391	0,1769	0,3229	4944	3961	983
L09838	255	-46,4171536	-23,4044185	4679	5,4499	13,7244	6569	5371	1198
L09839	30	-46,4666479	-23,4031200	4480	0,6696	1,6146	6276	5151	1125
L09840	255	-46,4166354	-23,4057458	4733	5,3877	13,7244	6925	5514	1411
L09841	330	-46,4332401	-23,4018027	4766	6,924	17,761	6620	5535	1085
L09842	44	-46,4337453	-23,4021408	773	5,6921	2,3681	1143	907	236
L09843	4	-46,4584206	-23,4091730	3839	0,1042	0,2153	5358	4400	958
L09844	4	-46,3942002	-23,3987737	3665	0,1091	0,2153	5306	4363	943
L09845	6	-46,3955820	-23,3987536	3675	0,1633	0,3229	5424	4458	966
L09846	10	-46,4570810	-23,4125500	3153	0,3172	0,5382	4264	3582	682
L09847	4	-46,4019218	-23,4113425	316	1,2658	0,2153	492	396	96
L09848	17	-46,4697267	-23,4083693	3238	0,525	0,915	4579	3782	797
L09849	1	-46,4588105	-23,4093334	1165	0,0858	0,0538	1679	1350	329
L09850	6	-46,4488353	-23,3750146	3137	0,1913	0,3229	4421	3657	764
L09851	2	-46,4548917	-23,3997082	208	0,9615	0,1076	260	219	41
L09852	5	-46,3935128	-23,3969846	1953	0,256	0,2691	2816	2316	500
L09854	5	-46,4426341	-23,4006395	3069	0,1629	0,2691	4213	3533	680
L09855	3	-46,4541521	-23,4053186	1795	0,1671	0,1615	2396	2002	394
L09857	2	-46,4623279	-23,4372050	1523	0,1313	0,1076	2389	1854	535
L09859	5	-46,4663092	-23,4465384	3796	0,1317	0,2691	5627	4426	1201
L09860	5	-46,4742651	-23,4493456	3049	0,164	0,2691	4799	3576	1223
L09861	6	-46,4284199	-23,4439420	4306	0,1393	0,3229	6361	5197	1164
L09862	13	-46,4178706	-23,4230444	2208	0,5888	0,6997	3359	2691	668
L09863	7	-46,4279296	-23,4310787	2270	0,3084	0,3767	3738	2809	929
L09864	4	-46,4654827	-23,4594060	3703	0,108	0,2153	5205	4151	1054
L09865	3	-46,4668005	-23,4627026	2060	0,1456	0,1615	2947	2330	617
L09866	3	-46,4278732	-23,4383691	2095	0,1432	0,1615	2932	2450	482
L09867	18	-46,4363562	-23,4335696	4242	0,4243	0,9688	6556	5035	1521
L09868	11	-46,4576614	-23,4558165	4036	0,2725	0,592	5529	4586	943
L09869	10	-46,4651071	-23,4594986	4171	0,2398	0,5382	5819	4729	1090
L09870	4	-46,4386061	-23,4454914	3923	0,102	0,2153	5764	4733	1031
L09871	2	-46,4406541	-23,4507951	4323	0,0463	0,1076	6232	5179	1053
L09873	1	-46,4515097	-23,4506187	2707	0,0369	0,0538	3620	3006	614
L09874	2	-46,4275906	-23,4246425	2619	0,0764	0,1076	3842	3152	690
L09875	14	-46,4340671	-23,4266463	6326	0,2213	0,7535	9025	7471	1554
L09876	7	-46,4660357	-23,4471833	3396	0,2061	0,3767	5107	3973	1134
L09877	5	-46,4275886	-23,4316448	1879	0,2661	0,2691	2742	2220	522
L09878	2	-46,4758617	-23,4524532	919	0,2176	0,1076	1504	1107	397
L09879	4	-46,4587327	-23,4565094	1379	0,2901	0,2153	1890	1536	354
L09881	6	-46,4623323	-23,4433165	1831	0,3277	0,3229	2794	2154	640
L09882	2	-46,4593607	-23,4375830	1457	0,1373	0,1076	2080	1662	418
L09883	6	-46,4272290	-23,4171690	1915	0,3133	0,3229	2861	2256	605
L09884	1	-46,4415794	-23,4192819	275	0,3636	0,0538	411	320	91
L09885	5	-46,4422840	-23,4184680	2598	0,1925	0,2691	3836	3140	696
L09886	1	-46,4394973	-23,4515105	1513	0,0661	0,0538	2302	1818	484
