cod_local	QT_VOTOS	longitude	latitude	LOC_VALID	%_LOC_V	%_CAND	QT_APTOS	QT_COMPARECIMENTO	QT_ABSTENCOES
L04021	3	-46,5351389	-23,4432944	3985	0,0753	1,1494	6467	4740	1727
L04023	1	-46,5258670	-23,4677912	1789	0,0559	0,3831	2652	2022	630
L04026	8	-46,5205382	-23,4200168	3569	0,2242	3,0651	5258	4148	1110
L04028	1	-46,5260028	-23,4506424	2185	0,0458	0,3831	3153	2490	663
L04029	2	-46,5257431	-23,4447767	3469	0,0577	0,7663	5202	4058	1144
L04030	1	-46,5250906	-23,4552952	3134	0,0319	0,3831	4565	3579	986
L04031	1	-46,5178969	-23,4509497	3853	0,026	0,3831	5561	4379	1182
L04034	2	-46,5200816	-23,4395097	2036	0,0982	0,7663	2776	2341	435
L04035	2	-46,5225666	-23,4292113	1027	0,1947	0,7663	1410	1186	224
L04037	4	-46,5347298	-23,4577536	3127	0,1279	1,5326	4628	3609	1019
L04038	19	-46,5218442	-23,4280169	5014	0,3789	7,2797	6975	5763	1212
L04039	4	-46,5333820	-23,4320324	4977	0,0804	1,5326	7292	5754	1538
L04040	1	-46,5310324	-23,4403067	3573	0,028	0,3831	4916	4069	847
L04041	2	-46,5198792	-23,4405254	2510	0,0797	0,7663	3908	2965	943
L04044	1	-46,5252840	-23,4499460	879	0,1138	0,3831	1389	1067	322
L04045	1	-46,5182845	-23,4505855	1810	0,0552	0,3831	2690	2149	541
L04047	9	-46,5212409	-23,4239096	3765	0,239	3,4483	5711	4457	1254
L04051	1	-46,5374154	-23,4392016	1523	0,0657	0,3831	2253	1802	451
L04054	8	-46,5247111	-23,4230992	2455	0,3259	3,0651	3441	2836	605
L04228	2	-46,4043279	-23,4619232	3414	0,0586	0,7663	4990	4013	977
L04230	2	-46,4036715	-23,4635450	2746	0,0728	0,7663	4031	3199	832
L04232	2	-46,4217922	-23,4688827	2892	0,0692	0,7663	4235	3445	790
L04237	3	-46,4010537	-23,4628858	3866	0,0776	1,1494	5772	4602	1170
L04238	2	-46,3962862	-23,4650561	3129	0,0639	0,7663	4474	3655	819
L04240	1	-46,3970402	-23,4775957	3125	0,032	0,3831	4896	3844	1052
L04241	3	-46,4274434	-23,4577532	3932	0,0763	1,1494	5900	4677	1223
L04248	4	-46,4098396	-23,4606598	2080	0,1923	1,5326	3149	2441	708
L04250	2	-46,4006412	-23,4605835	2128	0,094	0,7663	3336	2530	806
L04253	1	-46,4078760	-23,4565700	2061	0,0485	0,3831	3057	2422	635
L04255	3	-46,4083672	-23,4621695	2456	0,1221	1,1494	3409	2856	553
L05429	2	-46,5131387	-23,4051476	3219	0,0621	0,7663	4495	3582	913
L06592	1	-46,5439730	-23,4607010	2585	0,0387	0,3831	3854	3034	820
L06593	1	-46,5414079	-23,4675541	2706	0,037	0,3831	4182	3224	958
L06594	2	-46,5388627	-23,4567760	1179	0,1696	0,7663	1732	1405	327
L06596	2	-46,5433698	-23,4792971	2346	0,0853	0,7663	3481	2759	722
L06598	1	-46,5543334	-23,5001704	2493	0,0401	0,3831	3746	2920	826
L06604	1	-46,5464811	-23,4794649	2834	0,0353	0,3831	4188	3330	858
L06607	6	-46,5426685	-23,4588950	2362	0,254	2,2989	3496	2775	721
L06612	2	-46,5384397	-23,4639462	1397	0,1432	0,7663	2056	1664	392
L06615	1	-46,5425522	-23,4666121	917	0,1091	0,3831	1375	1082	293
L06624	3	-46,5045704	-23,4243582	1929	0,1555	1,1494	2744	2220	524
L06626	1	-46,5107127	-23,4539298	2561	0,039	0,3831	3759	3035	724
L06627	1	-46,5068802	-23,4538921	1021	0,0979	0,3831	1469	1179	290
L06630	1	-46,5008477	-23,4246555	3037	0,0329	0,3831	3968	3367	601
L06631	4	-46,5076553	-23,4362492	2967	0,1348	1,5326	4227	3452	775
L06632	2	-46,4933909	-23,4194569	4222	0,0474	0,7663	5911	4760	1151
L06633	2	-46,5143356	-23,4331372	1089	0,1837	0,7663	1495	1261	234
L06634	3	-46,4972144	-23,4091590	3843	0,0781	1,1494	5269	4286	983
L06635	3	-46,4960369	-23,4157394	3530	0,085	1,1494	4636	3918	718
L06636	4	-46,5010794	-23,4082922	2304	0,1736	1,5326	3067	2564	503
L06637	3	-46,4862817	-23,4057433	3315	0,0905	1,1494	4493	3728	765
L06639	5	-46,5101307	-23,4343788	3858	0,1296	1,9157	5535	4504	1031
L06640	2	-46,5106590	-23,4439176	1975	0,1013	0,7663	2700	2282	418
L06642	1	-46,5029171	-23,4317468	2477	0,0404	0,3831	3336	2757	579
L06643	9	-46,5046999	-23,4484229	4431	0,2031	3,4483	5949	4887	1062
L06645	1	-46,5069535	-23,4312359	4449	0,0225	0,3831	6184	5081	1103
L06646	5	-46,5109205	-23,4407732	3152	0,1586	1,9157	4427	3643	784
L06647	2	-46,5150722	-23,4316739	2155	0,0928	0,7663	3031	2499	532
L06648	5	-46,4933909	-23,4194569	1189	0,4205	1,9157	1753	1363	390
L06649	1	-46,5101326	-23,4531041	2613	0,0383	0,3831	3756	3033	723
L06650	2	-46,4956680	-23,4116380	1041	0,1921	0,7663	1442	1178	264
L06655	4	-46,5033620	-23,4092590	790	0,5063	1,5326	1078	878	200
L06657	3	-46,4932521	-23,4075649	2325	0,129	1,1494	3254	2621	633
L06658	3	-46,5101123	-23,4286618	2248	0,1335	1,1494	3124	2562	562
L07068	3	-46,4183034	-23,4225518	3081	0,0974	1,1494	4413	3669	744
L09791	2	-46,5196842	-23,3998219	1835	0,109	0,7663	2578	2100	478
L09796	1	-46,5546684	-23,4228617	2959	0,0338	0,3831	4282	3474	808
L09797	2	-46,5645254	-23,4578160	2265	0,0883	0,7663	3525	2776	749
L09799	3	-46,5550646	-23,4340925	3062	0,098	1,1494	4384	3628	756
L09800	3	-46,5484944	-23,4461673	3063	0,0979	1,1494	4917	3640	1277
L09803	1	-46,5561613	-23,4338322	3793	0,0264	0,3831	5928	4573	1355
L09804	2	-46,5483783	-23,4363400	3017	0,0663	0,7663	4500	3528	972
L09812	1	-46,5448990	-23,4279439	2677	0,0374	0,3831	3946	3184	762
L09817	2	-46,5575625	-23,4485828	5138	0,0389	0,7663	7850	5990	1860
L09818	2	-46,4376679	-23,3997821	4108	0,0487	0,7663	5884	4783	1101
L09819	1	-46,4161970	-23,4051055	3839	0,026	0,3831	5798	4451	1347
L09820	1	-46,4061990	-23,4172553	2440	0,041	0,3831	3538	2909	629
L09822	2	-46,4599054	-23,4173154	3123	0,064	0,7663	4717	3792	925
L09823	1	-46,4514827	-23,4142506	718	0,1393	0,3831	1034	843	191
L09824	1	-46,4460270	-23,4107410	3681	0,0272	0,3831	5303	4310	993
L09826	1	-46,4060026	-23,3664058	1077	0,0929	0,3831	1500	1245	255
L09831	4	-46,4660087	-23,4006544	3645	0,1097	1,5326	5341	4237	1104
L09832	7	-46,4514827	-23,4142506	2143	0,3266	2,682	3201	2566	635
L09837	1	-46,4580997	-23,4097075	3391	0,0295	0,3831	4944	3961	983
L09838	1	-46,4171536	-23,4044185	4679	0,0214	0,3831	6569	5371	1198
L09839	1	-46,4666479	-23,4031200	4480	0,0223	0,3831	6276	5151	1125
L09840	2	-46,4166354	-23,4057458	4733	0,0423	0,7663	6925	5514	1411
L09841	3	-46,4332401	-23,4018027	4766	0,0629	1,1494	6620	5535	1085
L09842	1	-46,4337453	-23,4021408	773	0,1294	0,3831	1143	907	236
L09843	1	-46,4584206	-23,4091730	3839	0,026	0,3831	5358	4400	958
L09844	4	-46,3942002	-23,3987737	3665	0,1091	1,5326	5306	4363	943
L09845	1	-46,3955820	-23,3987536	3675	0,0272	0,3831	5424	4458	966
L09846	2	-46,4570810	-23,4125500	3153	0,0634	0,7663	4264	3582	682
L09848	1	-46,4697267	-23,4083693	3238	0,0309	0,3831	4579	3782	797
L09849	2	-46,4588105	-23,4093334	1165	0,1717	0,7663	1679	1350	329
L09854	1	-46,4426341	-23,4006395	3069	0,0326	0,3831	4213	3533	680
L09861	1	-46,4284199	-23,4439420	4306	0,0232	0,3831	6361	5197	1164
L09862	2	-46,4178706	-23,4230444	2208	0,0906	0,7663	3359	2691	668
L09867	2	-46,4363562	-23,4335696	4242	0,0471	0,7663	6556	5035	1521
L09869	1	-46,4651071	-23,4594986	4171	0,024	0,3831	5819	4729	1090
L09874	1	-46,4275906	-23,4246425	2619	0,0382	0,3831	3842	3152	690
L09875	3	-46,4340671	-23,4266463	6326	0,0474	1,1494	9025	7471	1554
L09877	1	-46,4275886	-23,4316448	1879	0,0532	0,3831	2742	2220	522
L09880	1	-46,4237055	-23,4448627	2391	0,0418	0,3831	3560	2909	651
L09885	3	-46,4422840	-23,4184680	2598	0,1155	1,1494	3836	3140	696
