cod_local	QT_VOTOS	longitude	latitude	LOC_VALID	%_LOC_V	%_CAND	QT_APTOS	QT_COMPARECIMENTO	QT_ABSTENCOES
L04024	1	-46,4960476	-23,4627418	3286	0,0304	0,1949	4988	3762	1226
L04025	1	-46,5313666	-23,4665558	1293	0,0773	0,1949	1907	1463	444
L04026	2	-46,5205382	-23,4200168	3569	0,056	0,3899	5258	4148	1110
L04027	1	-46,5348867	-23,4617458	3878	0,0258	0,1949	6011	4558	1453
L04028	1	-46,5260028	-23,4506424	2185	0,0458	0,1949	3153	2490	663
L04029	2	-46,5257431	-23,4447767	3469	0,0577	0,3899	5202	4058	1144
L04037	1	-46,5347298	-23,4577536	3127	0,032	0,1949	4628	3609	1019
L04038	1	-46,5218442	-23,4280169	5014	0,0199	0,1949	6975	5763	1212
L04042	1	-46,5148130	-23,4615577	3411	0,0293	0,1949	5052	3997	1055
L04043	1	-46,4988962	-23,4535454	3004	0,0333	0,1949	4361	3460	901
L04045	1	-46,5182845	-23,4505855	1810	0,0552	0,1949	2690	2149	541
L04048	2	-46,5242122	-23,4573150	826	0,2421	0,3899	1103	941	162
L04230	1	-46,4036715	-23,4635450	2746	0,0364	0,1949	4031	3199	832
L04232	1	-46,4217922	-23,4688827	2892	0,0346	0,1949	4235	3445	790
L04233	1	-46,3922099	-23,4750902	2611	0,0383	0,1949	3680	3063	617
L04238	1	-46,3962862	-23,4650561	3129	0,032	0,1949	4474	3655	819
L04241	2	-46,4274434	-23,4577532	3932	0,0509	0,3899	5900	4677	1223
L04242	2	-46,4110028	-23,4412045	4441	0,045	0,3899	6679	5288	1391
L04244	2	-46,4384280	-23,4711710	2467	0,0811	0,3899	3489	2777	712
L04245	1	-46,4263197	-23,4646584	2243	0,0446	0,1949	3234	2676	558
L04252	1	-46,3922900	-23,4769740	2249	0,0445	0,1949	3198	2702	496
L04255	1	-46,4083672	-23,4621695	2456	0,0407	0,1949	3409	2856	553
L04258	2	-46,4181034	-23,4396543	1694	0,1181	0,3899	2298	1986	312
L04259	1	-46,4044135	-23,4399264	2280	0,0439	0,1949	3572	2733	839
L06601	1	-46,5494943	-23,4686972	1489	0,0672	0,1949	2100	1713	387
L06604	2	-46,5464811	-23,4794649	2834	0,0706	0,3899	4188	3330	858
L06616	1	-46,5524295	-23,4793193	1363	0,0734	0,1949	2033	1639	394
L06625	1	-46,5011844	-23,4290384	1688	0,0592	0,1949	2378	1894	484
L06626	2	-46,5107127	-23,4539298	2561	0,0781	0,3899	3759	3035	724
L06627	1	-46,5068802	-23,4538921	1021	0,0979	0,1949	1469	1179	290
L06628	1	-46,5095998	-23,4618149	2520	0,0397	0,1949	3580	2958	622
L06631	1	-46,5076553	-23,4362492	2967	0,0337	0,1949	4227	3452	775
L06632	2	-46,4933909	-23,4194569	4222	0,0474	0,3899	5911	4760	1151
L06635	4	-46,4960369	-23,4157394	3530	0,1133	0,7797	4636	3918	718
L06636	1	-46,5010794	-23,4082922	2304	0,0434	0,1949	3067	2564	503
L06638	2	-46,5108984	-23,4160796	3329	0,0601	0,3899	4389	3703	686
L06639	4	-46,5101307	-23,4343788	3858	0,1037	0,7797	5535	4504	1031
L06641	3	-46,5044429	-23,4216203	4367	0,0687	0,5848	5813	4898	915
L06642	3	-46,5029171	-23,4317468	2477	0,1211	0,5848	3336	2757	579
L06643	2	-46,5046999	-23,4484229	4431	0,0451	0,3899	5949	4887	1062
L06645	2	-46,5069535	-23,4312359	4449	0,045	0,3899	6184	5081	1103
L06646	2	-46,5109205	-23,4407732	3152	0,0635	0,3899	4427	3643	784
L06647	1	-46,5150722	-23,4316739	2155	0,0464	0,1949	3031	2499	532
L06649	1	-46,5101326	-23,4531041	2613	0,0383	0,1949	3756	3033	723
L06650	1	-46,4956680	-23,4116380	1041	0,0961	0,1949	1442	1178	264
L06655	2	-46,5033620	-23,4092590	790	0,2532	0,3899	1078	878	200
L06657	2	-46,4932521	-23,4075649	2325	0,086	0,3899	3254	2621	633
L06658	1	-46,5101123	-23,4286618	2248	0,0445	0,1949	3124	2562	562
L09793	2	-46,5414126	-23,4449188	3241	0,0617	0,3899	4997	3883	1114
L09795	1	-46,5427459	-23,4505121	3324	0,0301	0,1949	5044	3906	1138
L09804	2	-46,5483783	-23,4363400	3017	0,0663	0,3899	4500	3528	972
L09807	3	-46,5489569	-23,4357724	2320	0,1293	0,5848	3349	2693	656
L09808	1	-46,5531760	-23,4384305	1963	0,0509	0,1949	3071	2353	718
L09809	1	-46,5629586	-23,4343390	2004	0,0499	0,1949	2912	2323	589
L09818	5	-46,4376679	-23,3997821	4108	0,1217	0,9747	5884	4783	1101
L09820	7	-46,4061990	-23,4172553	2440	0,2869	1,3645	3538	2909	629
L09821	9	-46,4713471	-23,4164380	4729	0,1903	1,7544	6668	5493	1175
L09822	2	-46,4599054	-23,4173154	3123	0,064	0,3899	4717	3792	925
L09823	3	-46,4514827	-23,4142506	718	0,4178	0,5848	1034	843	191
L09824	5	-46,4460270	-23,4107410	3681	0,1358	0,9747	5303	4310	993
L09828	12	-46,4373582	-23,3998282	3439	0,3489	2,3392	5350	4024	1326
L09829	4	-46,4437028	-23,3783486	3911	0,1023	0,7797	5380	4483	897
L09831	4	-46,4660087	-23,4006544	3645	0,1097	0,7797	5341	4237	1104
L09832	2	-46,4514827	-23,4142506	2143	0,0933	0,3899	3201	2566	635
L09834	1	-46,3974480	-23,4069388	2470	0,0405	0,1949	3555	2944	611
L09835	125	-46,4532657	-23,4044830	3545	3,5261	24,3665	4593	3941	652
L09836	1	-46,3915434	-23,4071587	3522	0,0284	0,1949	5143	4192	951
L09837	65	-46,4580997	-23,4097075	3391	1,9168	12,6706	4944	3961	983
L09839	3	-46,4666479	-23,4031200	4480	0,067	0,5848	6276	5151	1125
L09841	3	-46,4332401	-23,4018027	4766	0,0629	0,5848	6620	5535	1085
L09843	39	-46,4584206	-23,4091730	3839	1,0159	7,6023	5358	4400	958
L09845	1	-46,3955820	-23,3987536	3675	0,0272	0,1949	5424	4458	966
L09846	16	-46,4570810	-23,4125500	3153	0,5075	3,1189	4264	3582	682
L09848	2	-46,4697267	-23,4083693	3238	0,0618	0,3899	4579	3782	797
L09849	7	-46,4588105	-23,4093334	1165	0,6009	1,3645	1679	1350	329
L09851	27	-46,4548917	-23,3997082	208	12,9808	5,2632	260	219	41
L09854	9	-46,4426341	-23,4006395	3069	0,2933	1,7544	4213	3533	680
L09855	58	-46,4541521	-23,4053186	1795	3,2312	11,306	2396	2002	394
L09857	1	-46,4623279	-23,4372050	1523	0,0657	0,1949	2389	1854	535
L09858	1	-46,4627520	-23,4438668	1677	0,0596	0,1949	2339	2000	339
L09860	1	-46,4742651	-23,4493456	3049	0,0328	0,1949	4799	3576	1223
L09862	3	-46,4178706	-23,4230444	2208	0,1359	0,5848	3359	2691	668
L09863	2	-46,4279296	-23,4310787	2270	0,0881	0,3899	3738	2809	929
L09867	1	-46,4363562	-23,4335696	4242	0,0236	0,1949	6556	5035	1521
L09873	2	-46,4515097	-23,4506187	2707	0,0739	0,3899	3620	3006	614
L09875	4	-46,4340671	-23,4266463	6326	0,0632	0,7797	9025	7471	1554
L09877	1	-46,4275886	-23,4316448	1879	0,0532	0,1949	2742	2220	522
L09882	1	-46,4593607	-23,4375830	1457	0,0686	0,1949	2080	1662	418
L09883	1	-46,4272290	-23,4171690	1915	0,0522	0,1949	2861	2256	605
L09886	1	-46,4394973	-23,4515105	1513	0,0661	0,1949	2302	1818	484
