cod_local	QT_VOTOS	longitude	latitude	LOC_VALID	%_LOC_V	%_CAND	QT_APTOS	QT_COMPARECIMENTO	QT_ABSTENCOES
L08584	1	-46,9481392	-23,5543819	2905	0,0344	7,6923	4176	3290	886
L08612	1	-46,9500908	-23,5479319	2782	0,0359	7,6923	4028	3022	1006
L08619	3	-46,9306599	-23,5633290	2911	0,1031	23,0769	4356	3358	998
L08620	1	-46,9367130	-23,5518639	2261	0,0442	7,6923	3438	2509	929
L08622	3	-46,9373180	-23,5561139	4846	0,0619	23,0769	6879	5357	1522
L08623	1	-46,9480212	-23,5549934	3278	0,0305	7,6923	4601	3607	994
L08625	1	-46,9394721	-23,5427496	3249	0,0308	7,6923	4787	3584	1203
L08634	1	-46,9407146	-23,5517777	4688	0,0213	7,6923	7185	5227	1958
L08637	1	-46,9414960	-23,5551100	2580	0,0388	7,6923	3658	2857	801
