cod_local	QT_VOTOS	longitude	latitude	LOC_VALID	%_LOC_V	%_CAND	QT_APTOS	QT_COMPARECIMENTO	QT_ABSTENCOES
L04611	1	-46,8119661	-23,7562942	1099	0,091	1,7241	1508	1244	264
L04616	2	-46,7952218	-23,7436568	2897	0,069	3,4483	4217	3325	892
L04622	16	-46,8000960	-23,7578040	1673	0,9564	27,5862	2432	1862	570
L04633	1	-46,8074921	-23,7607003	628	0,1592	1,7241	893	728	165
L04646	1	-46,7970743	-23,7468583	2191	0,0456	1,7241	3502	2574	928
L04647	1	-46,8012440	-23,7468614	1840	0,0543	1,7241	2864	2137	727
L04654	16	-46,8068164	-23,7567823	3523	0,4542	27,5862	5198	3971	1227
L04665	19	-46,7933290	-23,7566620	2102	0,9039	32,7586	3104	2382	722
L04680	1	-46,7983561	-23,7470452	1652	0,0605	1,7241	2517	1889	628
