cod_local	QT_VOTOS	longitude	latitude	LOC_VALID	%_LOC_V	%_CAND	QT_APTOS	QT_COMPARECIMENTO	QT_ABSTENCOES
L07251	9	-46,8924548	-23,5452376	1763	0,5105	40,9091	2839	2098	741
L07254	1	-46,9142235	-23,5435396	2896	0,0345	4,5455	4211	3269	942
L07255	1	-46,9013489	-23,5395346	5157	0,0194	4,5455	7716	5711	2005
L07258	1	-46,9094320	-23,5335789	2312	0,0433	4,5455	3242	2587	655
L07263	3	-46,9013361	-23,5280428	3321	0,0903	13,6364	5604	3857	1747
L07265	2	-46,8992919	-23,5287410	569	0,3515	9,0909	874	668	206
L07266	3	-46,8991339	-23,5389519	2606	0,1151	13,6364	3792	2932	860
L07268	1	-46,9090909	-23,5410429	3690	0,0271	4,5455	5609	4149	1460
L07269	1	-46,9081517	-23,5269073	1171	0,0854	4,5455	1748	1351	397
