cod_local	QT_VOTOS	longitude	latitude	LOC_VALID	%_LOC_V	%_CAND	QT_APTOS	QT_COMPARECIMENTO	QT_ABSTENCOES
L04967	1	-46,4796674	-23,6979772	53	1,8868	0,0935	72	59	13
L04968	7	-46,4574851	-23,6742405	1172	0,5973	0,6542	1785	1375	410
L04969	11	-46,4600566	-23,6873031	2907	0,3784	1,028	4421	3312	1109
L04970	9	-46,4477655	-23,6812088	3135	0,2871	0,8411	4611	3603	1008
L04971	8	-46,4583197	-23,6949894	1598	0,5006	0,7477	2226	1841	385
L04972	15	-46,4532906	-23,6893084	1981	0,7572	1,4019	2924	2252	672
L04973	8	-46,4522160	-23,6784560	3125	0,256	0,7477	4879	3540	1339
L04974	6	-46,4513595	-23,7002391	3208	0,187	0,5607	4809	3672	1137
L04975	3	-46,4502833	-23,6883457	2765	0,1085	0,2804	4313	3150	1163
L04976	5	-46,4414222	-23,6847287	2767	0,1807	0,4673	4019	3106	913
L04977	10	-46,4629009	-23,6745649	1733	0,577	0,9346	2761	1968	793
L04978	29	-46,4730680	-23,6686799	2439	1,189	2,7103	3846	2911	935
L04979	33	-46,4766607	-23,6697433	3522	0,937	3,0841	5763	4202	1561
L04980	5	-46,4439840	-23,6895789	4351	0,1149	0,4673	6359	4876	1483
L04981	17	-46,4553031	-23,6818891	3044	0,5585	1,5888	4587	3431	1156
L04982	25	-46,4658220	-23,6696613	2663	0,9388	2,3364	4236	3153	1083
L04984	4	-46,4570504	-23,7010895	2788	0,1435	0,3738	4166	3228	938
L04985	1	-46,4458379	-23,6939070	1354	0,0739	0,0935	1963	1597	366
L04986	14	-46,4564260	-23,6687580	1674	0,8363	1,3084	2847	1925	922
L04987	13	-46,4622729	-23,6841270	4017	0,3236	1,215	5959	4557	1402
L04988	4	-46,4644432	-23,6881220	830	0,4819	0,3738	1303	985	318
L04989	3	-46,4532290	-23,6902920	495	0,6061	0,2804	759	593	166
L04990	13	-46,4729787	-23,6695050	1466	0,8868	1,215	2353	1833	520
L04991	6	-46,4614294	-23,6802922	1186	0,5059	0,5607	1771	1374	397
L04992	6	-46,4408824	-23,6848710	1198	0,5008	0,5607	1708	1356	352
L04994	3	-46,4601248	-23,6636053	1493	0,2009	0,2804	2314	1731	583
L07944	3	-46,4326657	-23,6791565	2145	0,1399	0,2804	3110	2442	668
L07945	13	-46,4533845	-23,6697133	1354	0,9601	1,215	1994	1560	434
L07946	6	-46,4543130	-23,6692839	1833	0,3273	0,5607	2689	2076	613
L07947	5	-46,4599652	-23,6619152	2943	0,1699	0,4673	4596	3368	1228
L07948	16	-46,4579869	-23,6614480	2978	0,5373	1,4953	4526	3387	1139
L07949	7	-46,4337880	-23,6734459	3263	0,2145	0,6542	4641	3702	939
L07950	2	-46,4914550	-23,6542635	545	0,367	0,1869	978	686	292
L07951	10	-46,4252907	-23,6774988	3259	0,3068	0,9346	4933	3740	1193
L07952	7	-46,4352982	-23,6685238	2622	0,267	0,6542	4004	2973	1031
L07953	7	-46,4634102	-23,6563537	2593	0,27	0,6542	3891	2943	948
L07954	12	-46,4414359	-23,6672899	3408	0,3521	1,1215	5192	3991	1201
L07955	11	-46,4432080	-23,6780360	2953	0,3725	1,028	4261	3331	930
L07956	8	-46,4649894	-23,6565613	2809	0,2848	0,7477	4299	3160	1139
L07957	21	-46,4532737	-23,6581964	2676	0,7848	1,9626	3925	3006	919
L07958	2	-46,4383159	-23,6849970	2137	0,0936	0,1869	3188	2472	716
L07959	13	-46,4538761	-23,6469908	3554	0,3658	1,215	5167	4033	1134
L07961	2	-46,4351660	-23,6823810	1958	0,1021	0,1869	2866	2269	597
L07962	4	-46,4778274	-23,6326659	2115	0,1891	0,3738	3822	2774	1048
L07963	15	-46,4385544	-23,6768498	4296	0,3492	1,4019	6823	4971	1852
L07964	12	-46,4697191	-23,6605170	3382	0,3548	1,1215	5277	3891	1386
L07965	10	-46,4572269	-23,6621240	2275	0,4396	0,9346	3516	2638	878
L07966	16	-46,4496405	-23,6701576	3478	0,46	1,4953	5442	3957	1485
L07967	2	-46,4422652	-23,6677092	941	0,2125	0,1869	1323	1079	244
L07968	15	-46,4535810	-23,6509657	2551	0,588	1,4019	3765	2936	829
L08739	26	-46,4487777	-23,6615716	2433	1,0686	2,4299	3636	2747	889
L08741	17	-46,4243413	-23,6577928	3331	0,5104	1,5888	4825	3739	1086
L08742	9	-46,4293810	-23,6585478	3704	0,243	0,8411	5609	4226	1383
L08743	22	-46,4243428	-23,6578794	3480	0,6322	2,0561	5089	3904	1185
L08744	9	-46,4127000	-23,6820830	1503	0,5988	0,8411	2157	1743	414
L08745	32	-46,4464627	-23,6570993	3192	1,0025	2,9907	4906	3628	1278
L08746	29	-46,4419931	-23,6513988	1965	1,4758	2,7103	2953	2203	750
L08747	24	-46,4383301	-23,6513658	3290	0,7295	2,243	4917	3803	1114
L08748	21	-46,4427864	-23,6495818	3874	0,5421	1,9626	5442	4319	1123
L08749	14	-46,4315241	-23,6634682	3749	0,3734	1,3084	5699	4313	1386
L08750	23	-46,4150183	-23,6757834	3449	0,6669	2,1495	5046	3924	1122
L08751	5	-46,4238909	-23,6647312	3455	0,1447	0,4673	4976	3982	994
L08752	2	-46,4216183	-23,6705553	2219	0,0901	0,1869	3120	2454	666
L08753	41	-46,4388584	-23,6504592	3581	1,1449	3,8318	5309	4063	1246
L08754	47	-46,4400344	-23,6584764	3355	1,4009	4,3925	4910	3798	1112
L08755	15	-46,4342040	-23,6567620	1933	0,776	1,4019	2767	2208	559
L08756	28	-46,4494430	-23,6494280	2631	1,0642	2,6168	3775	3041	734
L08757	40	-46,4236609	-23,6705830	4371	0,9151	3,7383	6485	4862	1623
L08758	8	-46,4226828	-23,6720132	3121	0,2563	0,7477	4480	3538	942
L08759	39	-46,4326520	-23,6478318	4280	0,9112	3,6449	6145	4825	1320
L08760	48	-46,4280158	-23,6753764	3464	1,3857	4,486	5097	4022	1075
L08761	8	-46,4118947	-23,6823737	1093	0,7319	0,7477	1563	1272	291
L08762	23	-46,4341396	-23,6468528	2901	0,7928	2,1495	4043	3291	752
L08764	16	-46,4383782	-23,6530148	1136	1,4085	1,4953	1574	1266	308
L08765	5	-46,4253633	-23,6581240	1317	0,3797	0,4673	1871	1501	370
L08766	18	-46,4412049	-23,6515609	1435	1,2544	1,6822	2148	1653	495
L08767	2	-46,4190132	-23,6496273	1335	0,1498	0,1869	1853	1517	336
L08768	1	-46,4149832	-23,6657142	1215	0,0823	0,0935	1675	1392	283
L08769	15	-46,4448738	-23,6503312	1551	0,9671	1,4019	2172	1738	434
L08770	5	-46,4323840	-23,6590010	1010	0,495	0,4673	1519	1186	333
