cod_local	QT_VOTOS	longitude	latitude	LOC_VALID	%_LOC_V	%_CAND	QT_APTOS	QT_COMPARECIMENTO	QT_ABSTENCOES
L01985	3	-46,2134957	-23,5315855	1990	0,1508	0,6593	3292	2269	1023
L01986	9	-46,2084156	-23,5413746	4068	0,2212	1,978	6730	4697	2033
L01987	7	-46,2017578	-23,5273784	2497	0,2803	1,5385	4015	2753	1262
L01988	2	-46,2051594	-23,5272318	234	0,8547	0,4396	350	274	76
L01989	15	-46,1730191	-23,5248590	2206	0,68	3,2967	3377	2453	924
L01990	7	-46,1842738	-23,5459020	1949	0,3592	1,5385	2975	2270	705
L01991	4	-46,1853207	-23,5234969	1416	0,2825	0,8791	2477	1597	880
L01992	11	-46,1856490	-23,5243939	4471	0,246	2,4176	7537	5090	2447
L01993	14	-46,2029781	-23,5335337	4629	0,3024	3,0769	7844	5307	2537
L01994	22	-46,1713311	-23,5224846	4041	0,5444	4,8352	6748	4512	2236
L01995	24	-46,1882219	-23,5368569	3796	0,6322	5,2747	6404	4370	2034
L01996	2	-46,1946730	-23,5488514	2697	0,0742	0,4396	4094	3159	935
L01997	2	-46,1623888	-23,5299538	803	0,2491	0,4396	1281	946	335
L01998	20	-46,1825519	-23,5401787	2892	0,6916	4,3956	4713	3335	1378
L01999	8	-46,1737909	-23,5362493	2084	0,3839	1,7582	3560	2428	1132
L02000	6	-46,2026770	-23,5310151	2024	0,2964	1,3187	3006	2256	750
L02001	2	-46,1925010	-23,5232620	1649	0,1213	0,4396	2625	1857	768
L02002	5	-46,1743260	-23,5376110	1032	0,4845	1,0989	1525	1170	355
L02003	1	-46,1984723	-23,5450909	296	0,3378	0,2198	425	344	81
L02004	7	-46,1891169	-23,5370360	1509	0,4639	1,5385	2312	1728	584
L02005	5	-46,1802256	-23,5306348	1683	0,2971	1,0989	2843	1949	894
L02006	3	-46,1939701	-23,5388714	919	0,3264	0,6593	1412	1075	337
L02007	12	-46,1873670	-23,5323390	2582	0,4648	2,6374	4256	2958	1298
L02008	4	-46,2049807	-23,5438808	700	0,5714	0,8791	1135	849	286
L02009	3	-46,1982444	-23,5480283	1195	0,251	0,6593	1718	1372	346
L02010	9	-46,1774530	-23,5387770	879	1,0239	1,978	1318	1018	300
L02011	5	-46,1891176	-23,5299042	1307	0,3826	1,0989	2014	1508	506
L02012	16	-46,1827169	-23,5168343	3637	0,4399	3,5165	5905	4058	1847
L06851	9	-46,2193217	-23,5648981	1780	0,5056	1,978	2974	2110	864
L06852	5	-46,2590979	-23,5471710	2271	0,2202	1,0989	3808	2660	1148
L06854	8	-46,2171382	-23,5418470	4077	0,1962	1,7582	6327	4832	1495
L06855	1	-46,2439199	-23,5836146	192	0,5208	0,2198	372	223	149
L06856	1	-46,2468620	-23,5510270	1583	0,0632	0,2198	2619	1867	752
L06857	2	-46,2371100	-23,5439550	348	0,5747	0,4396	582	430	152
L06858	3	-46,2411604	-23,6493249	976	0,3074	0,6593	1636	1156	480
L06859	15	-46,1852660	-23,6730330	1893	0,7924	3,2967	2959	2155	804
L06862	4	-46,2005205	-23,5218948	2724	0,1468	0,8791	4340	3099	1241
L06863	14	-46,1962830	-23,5146710	3148	0,4447	3,0769	5388	3678	1710
L06864	2	-46,2134200	-23,5573729	2635	0,0759	0,4396	4226	3074	1152
L06865	8	-46,1807627	-23,5543029	1791	0,4467	1,7582	2747	2054	693
L06866	14	-46,2228617	-23,5422120	5518	0,2537	3,0769	9292	6478	2814
L06867	8	-46,2187017	-23,5537725	2573	0,3109	1,7582	4107	3062	1045
L06868	4	-46,1954883	-23,5147961	1973	0,2027	0,8791	3249	2222	1027
L06869	3	-46,1869355	-23,6713360	1914	0,1567	0,6593	3154	2260	894
L06870	3	-46,2499240	-23,5498220	3749	0,08	0,6593	6094	4458	1636
L06871	2	-46,2337351	-23,5425270	2627	0,0761	0,4396	4208	3022	1186
L06872	2	-46,2028419	-23,5543180	2831	0,0706	0,4396	4610	3355	1255
L06874	4	-46,2213739	-23,5551863	3122	0,1281	0,8791	4997	3696	1301
L06875	3	-46,2564339	-23,5487501	3077	0,0975	0,6593	4993	3577	1416
L06878	5	-46,2089161	-23,5485101	3853	0,1298	1,0989	6146	4430	1716
L06879	1	-46,2310239	-23,5865399	3259	0,0307	0,2198	5261	3725	1536
L06880	4	-46,2571889	-23,5489202	1887	0,212	0,8791	3034	2162	872
L06881	1	-46,1804098	-23,5614630	934	0,1071	0,2198	1288	1047	241
L06882	6	-46,2464158	-23,5470346	3054	0,1965	1,3187	4946	3611	1335
L06884	6	-46,1805341	-23,5507934	1184	0,5068	1,3187	1752	1380	372
L06885	3	-46,2089100	-23,5618400	274	1,0949	0,6593	399	316	83
L06888	1	-46,2086807	-23,5523170	98	1,0204	0,2198	139	116	23
L06890	2	-46,2111657	-23,5541249	1629	0,1228	0,4396	2603	1941	662
L06891	2	-46,2038548	-23,5235974	894	0,2237	0,4396	1425	1030	395
L06892	2	-46,1661447	-23,5417243	1582	0,1264	0,4396	2272	1800	472
L06893	1	-46,1821326	-23,5624801	780	0,1282	0,2198	1196	925	271
L06894	1	-46,2601304	-23,5491810	1765	0,0567	0,2198	2672	2071	601
L06897	1	-46,1825290	-23,6808903	660	0,1515	0,2198	1105	799	306
L06898	1	-46,2032729	-23,5544319	2211	0,0452	0,2198	3519	2566	953
L06899	4	-46,2335765	-23,5424164	2463	0,1624	0,8791	3864	2934	930
L06900	1	-46,2338260	-23,5406466	1234	0,081	0,2198	1959	1466	493
L06902	1	-46,2169516	-23,5397601	789	0,1267	0,2198	1189	930	259
L06903	1	-46,2529135	-23,6120258	1146	0,0873	0,2198	1828	1375	453
L06905	1	-46,1873394	-23,5143147	1029	0,0972	0,2198	1582	1201	381
L07517	1	-46,1367810	-23,4840010	2028	0,0493	0,2198	3198	2432	766
L07519	2	-46,1448614	-23,5117891	1314	0,1522	0,4396	2347	1560	787
L07520	2	-46,2561073	-23,4660008	2316	0,0864	0,4396	3797	2727	1070
L07527	1	-46,1487089	-23,5523510	1765	0,0567	0,2198	2833	1996	837
L07531	3	-46,0842351	-23,4805631	1658	0,1809	0,6593	2464	1882	582
L07532	2	-46,1520972	-23,5008683	2148	0,0931	0,4396	3423	2532	891
L07536	4	-46,1569397	-23,5037712	2583	0,1549	0,8791	4158	2994	1164
L07537	10	-46,1432076	-23,5153889	2452	0,4078	2,1978	3935	2877	1058
L07538	9	-46,2005239	-23,5092060	1340	0,6716	1,978	2106	1530	576
L07539	9	-46,1814329	-23,4993047	2759	0,3262	1,978	4300	3220	1080
L07541	2	-46,1455968	-23,5213127	1212	0,165	0,4396	1779	1409	370
L07548	8	-46,2077795	-23,5122450	2130	0,3756	1,7582	3451	2472	979
L07551	1	-46,2801260	-23,4647610	1375	0,0727	0,2198	2559	1787	772
L07554	6	-46,1830720	-23,4967629	2136	0,2809	1,3187	3370	2490	880
L07555	2	-46,1545058	-23,5015478	1648	0,1214	0,4396	2543	1949	594
L07556	2	-46,1563280	-23,5037399	1596	0,1253	0,4396	2570	1854	716
L07557	2	-46,1454960	-23,5129990	2018	0,0991	0,4396	3160	2385	775
L07569	1	-46,1648780	-23,4382300	214	0,4673	0,2198	355	251	104
