cod_local	QT_VOTOS	longitude	latitude	LOC_VALID	%_LOC_V	%_CAND	QT_APTOS	QT_COMPARECIMENTO	QT_ABSTENCOES
L02724	113	-45,8440050	-23,5302910	2493	4,5327	24,197	3383	2645	738
L02725	18	-45,8570677	-23,5260855	156	11,5385	3,8544	205	167	38
L02726	23	-45,9690603	-23,5492931	1471	1,5636	4,9251	2138	1587	551
L02728	3	-45,9614447	-23,5407709	801	0,3745	0,6424	1103	871	232
L02729	62	-45,8537165	-23,5303030	1470	4,2177	13,2762	2252	1562	690
L02731	99	-45,8507963	-23,5350504	1708	5,7963	21,1991	2383	1859	524
L02733	61	-45,8570858	-23,5271052	1162	5,2496	13,0621	1687	1269	418
L02736	6	-45,8497327	-23,5297529	131	4,5802	1,2848	179	136	43
L02737	82	-45,8208235	-23,5272778	1380	5,942	17,5589	1909	1497	412
