cod_local	QT_VOTOS	longitude	latitude	LOC_VALID	%_LOC_V	%_CAND	QT_APTOS	QT_COMPARECIMENTO	QT_ABSTENCOES
L09512	2	-46,9951450	-23,4866146	833	0,2401	8,6957	1213	924	289
L09514	10	-46,9419254	-23,4531973	443	2,2573	43,4783	598	490	108
L09515	1	-46,8589229	-23,4289764	2988	0,0335	4,3478	3966	3268	698
L09519	2	-46,8276545	-23,4319422	3246	0,0616	8,6957	4373	3521	852
L09520	2	-46,8596456	-23,4231816	1832	0,1092	8,6957	2368	1960	408
L09521	3	-46,9007553	-23,4053607	1534	0,1956	13,0435	2024	1668	356
L09524	1	-46,8908320	-23,4088358	2699	0,0371	4,3478	3567	2949	618
L09565	1	-46,8769870	-23,4072540	2359	0,0424	4,3478	3177	2591	586
L09569	1	-46,8692655	-23,4677193	6481	0,0154	4,3478	11975	7690	4285
