cod_local	QT_VOTOS	longitude	latitude	LOC_VALID	%_LOC_V	%_CAND	QT_APTOS	QT_COMPARECIMENTO	QT_ABSTENCOES
L02759	1	-46,2266205	-23,3098224	850	0,1176	5,2632	1251	939	312
L02761	4	-46,2141716	-23,3285823	1339	0,2987	21,0526	1979	1548	431
L02762	3	-46,2190937	-23,3137689	2399	0,1251	15,7895	3683	2649	1034
L02763	1	-46,2314288	-23,3235797	1647	0,0607	5,2632	2602	1830	772
L02765	2	-46,2298002	-23,3203479	2483	0,0805	10,5263	3752	2708	1044
L02767	2	-46,2304522	-23,3251491	2986	0,067	10,5263	4467	3311	1156
L02768	1	-46,2299752	-23,3384336	1690	0,0592	5,2632	2302	1892	410
L02772	4	-46,2289178	-23,3105002	2052	0,1949	21,0526	2897	2275	622
L02779	1	-46,2300165	-23,3206619	1015	0,0985	5,2632	1670	1126	544
