cod_local	QT_VOTOS	longitude	latitude	LOC_VALID	%_LOC_V	%_CAND	QT_APTOS	QT_COMPARECIMENTO	QT_ABSTENCOES
L03684	3	-46,5472926	-23,6613284	2642	0,1136	0,9868	4663	3132	1531
L03686	1	-46,5240382	-23,6623668	1796	0,0557	0,3289	2962	2115	847
L03687	1	-46,5245513	-23,6976196	1290	0,0775	0,3289	2113	1632	481
L03688	5	-46,5308269	-23,6555940	2368	0,2111	1,6447	4436	2691	1745
L03689	3	-46,5269000	-23,6727000	4721	0,0635	0,9868	8875	5641	3234
L03690	10	-46,5349000	-23,6759000	2800	0,3571	3,2895	4922	3416	1506
L03691	5	-46,5232962	-23,6903498	4751	0,1052	1,6447	8306	5804	2502
L03692	3	-46,5166000	-23,6822000	3427	0,0875	0,9868	6183	4059	2124
L03693	3	-46,5251174	-23,6862552	2200	0,1364	0,9868	3900	2615	1285
L03694	2	-46,5264000	-23,6911000	2284	0,0876	0,6579	4037	2750	1287
L03696	1	-46,5383930	-23,6678199	2770	0,0361	0,3289	4696	3280	1416
L03698	1	-46,5188129	-23,6615529	1958	0,0511	0,3289	3804	2310	1494
L03699	4	-46,5165000	-23,6898000	2367	0,169	1,3158	4273	2849	1424
L03700	2	-46,5251147	-23,6739179	2882	0,0694	0,6579	4744	3451	1293
L03702	3	-46,5364163	-23,6615619	4065	0,0738	0,9868	6875	4735	2140
L03704	1	-46,5170856	-23,6916018	722	0,1385	0,3289	1178	873	305
L03706	1	-46,5375262	-23,6826839	1984	0,0504	0,3289	3161	2444	717
L03707	1	-46,5272875	-23,6881245	385	0,2597	0,3289	589	471	118
L03711	2	-46,5308067	-23,6974851	1132	0,1767	0,6579	1777	1452	325
L03712	1	-46,5305110	-23,6599040	1797	0,0556	0,3289	3401	2072	1329
L06086	1	-46,5156392	-23,6505006	3074	0,0325	0,3289	4848	3702	1146
L06087	1	-46,4945307	-23,6267546	1193	0,0838	0,3289	1933	1521	412
L06090	1	-46,4918726	-23,6400932	1163	0,086	0,3289	1836	1430	406
L06092	1	-46,5111599	-23,6266900	1389	0,072	0,3289	2360	1740	620
L06094	2	-46,4922158	-23,6441023	3465	0,0577	0,6579	5423	4272	1151
L06097	1	-46,4879000	-23,6256000	1949	0,0513	0,3289	3518	2434	1084
L06099	5	-46,5013000	-23,6437000	2932	0,1705	1,6447	5134	3515	1619
L06102	1	-46,4923889	-23,6391620	2968	0,0337	0,3289	5079	3554	1525
L06103	1	-46,5252059	-23,6451453	1827	0,0547	0,3289	3558	2151	1407
L06107	1	-46,5037973	-23,6515281	2089	0,0479	0,3289	3096	2430	666
L06108	2	-46,5064691	-23,6341241	2727	0,0733	0,6579	4421	3304	1117
L06109	2	-46,4972026	-23,6435472	2098	0,0953	0,6579	3350	2576	774
L06111	1	-46,5165549	-23,6443203	2435	0,0411	0,3289	4294	2858	1436
L06116	1	-46,5226930	-23,6386110	1600	0,0625	0,3289	2714	1905	809
L06117	2	-46,5148760	-23,6247890	1401	0,1428	0,6579	2380	1735	645
L06119	1	-46,5238040	-23,6164609	1658	0,0603	0,3289	2860	2020	840
L06126	1	-46,5387763	-23,6237507	2126	0,047	0,3289	3636	2473	1163
L06127	2	-46,5285616	-23,6277749	1574	0,1271	0,6579	2562	1940	622
L06129	1	-46,5198409	-23,6221528	2533	0,0395	0,3289	4540	3136	1404
L06130	4	-46,5282091	-23,6339736	2491	0,1606	1,3158	4243	3034	1209
L06131	3	-46,5160440	-23,6343094	1609	0,1865	0,9868	2862	1955	907
L06132	2	-46,5148760	-23,6247890	2112	0,0947	0,6579	3899	2603	1296
L06133	2	-46,5212740	-23,6295550	2702	0,074	0,6579	4819	3349	1470
L07310	5	-46,5332450	-23,6511590	4444	0,1125	1,6447	7346	5196	2150
L07311	4	-46,5446951	-23,6406770	4302	0,093	1,3158	7489	5213	2276
L07312	6	-46,5426561	-23,6522360	3356	0,1788	1,9737	5761	3920	1841
L07313	7	-46,5430762	-23,6811036	2002	0,3497	2,3026	3584	2414	1170
L07314	7	-46,5522500	-23,6783300	1845	0,3794	2,3026	3267	2198	1069
L07315	1	-46,5453296	-23,6559683	1744	0,0573	0,3289	3299	2078	1221
L07316	2	-46,5505332	-23,6617621	1092	0,1832	0,6579	1707	1315	392
L07317	27	-46,5483876	-23,6767556	3195	0,8451	8,8816	5641	3856	1785
L07318	1	-46,5615766	-23,6519061	3063	0,0326	0,3289	5693	3801	1892
L07319	10	-46,5497609	-23,6732736	1939	0,5157	3,2895	3381	2449	932
L07320	14	-46,5477273	-23,6651315	3005	0,4659	4,6053	5172	3606	1566
L07324	3	-46,5484802	-23,6650650	1407	0,2132	0,9868	2222	1687	535
L07325	11	-46,5497200	-23,6764379	1703	0,6459	3,6184	3020	2077	943
L07327	1	-46,5575920	-23,6489274	1982	0,0505	0,3289	3346	2383	963
L07328	2	-46,5445125	-23,6543114	1654	0,1209	0,6579	3287	1970	1317
L07329	8	-46,5540119	-23,6613705	4886	0,1637	2,6316	8401	5789	2612
L07332	12	-46,5109420	-23,6774380	2689	0,4463	3,9474	4329	3216	1113
L07333	5	-46,5077074	-23,6863873	3250	0,1538	1,6447	5862	3988	1874
L07334	5	-46,5059879	-23,6939677	4009	0,1247	1,6447	7082	4878	2204
L07335	5	-46,5109296	-23,6991859	2469	0,2025	1,6447	4072	2975	1097
L07336	3	-46,5043984	-23,6903378	2918	0,1028	0,9868	4997	3464	1533
L07337	2	-46,5097000	-23,7133000	3747	0,0534	0,6579	5839	4445	1394
L07338	1	-46,5020431	-23,7128793	1213	0,0824	0,3289	2003	1468	535
L07339	1	-46,5032712	-23,7132446	1804	0,0554	0,3289	3119	2185	934
L07340	2	-46,5113909	-23,6829130	2520	0,0794	0,6579	4213	3051	1162
L07341	3	-46,5135165	-23,6985986	3886	0,0772	0,9868	6026	4526	1500
L07342	3	-46,5122000	-23,7097000	4165	0,072	0,9868	6703	4962	1741
L07343	3	-46,5115057	-23,7042909	4097	0,0732	0,9868	6904	4968	1936
L07349	3	-46,5172580	-23,6963450	3385	0,0886	0,9868	5412	4026	1386
L07350	4	-46,5129799	-23,6669307	2479	0,1614	1,3158	4853	2911	1942
L09408	1	-46,4999330	-23,6882180	683	0,1464	0,3289	1029	816	213
L09409	1	-46,4982014	-23,6963427	1029	0,0972	0,3289	1583	1236	347
L09410	4	-46,4944917	-23,7423372	3615	0,1107	1,3158	5500	4167	1333
L09411	3	-46,5013444	-23,6779317	2496	0,1202	0,9868	3903	2934	969
L09412	1	-46,4974920	-23,6703999	2215	0,0451	0,3289	3680	2554	1126
L09413	4	-46,4941589	-23,6933187	4226	0,0947	1,3158	6822	5002	1820
L09414	2	-46,4915639	-23,6674570	3719	0,0538	0,6579	6180	4647	1533
L09415	1	-46,4982444	-23,7019928	2243	0,0446	0,3289	3410	2615	795
L09416	3	-46,5010249	-23,7061886	2916	0,1029	0,9868	5036	3500	1536
L09417	1	-46,4969697	-23,7099379	3159	0,0317	0,3289	5055	3838	1217
L09418	3	-46,4874264	-23,7274119	2703	0,111	0,9868	4501	3294	1207
L09420	2	-46,5015388	-23,6971990	5154	0,0388	0,6579	8241	6026	2215
L09422	6	-46,5017000	-23,6746000	2670	0,2247	1,9737	4570	3216	1354
L09423	2	-46,4852195	-23,6739363	1230	0,1626	0,6579	1934	1490	444
L09424	3	-46,4983968	-23,6853445	2965	0,1012	0,9868	4929	3490	1439
L09425	3	-46,4942373	-23,6786357	3164	0,0948	0,9868	4922	3787	1135
L09426	1	-46,4925756	-23,6731443	1054	0,0949	0,3289	1529	1240	289
L09427	2	-46,4796460	-23,7335140	1572	0,1272	0,6579	2714	2070	644
L09428	1	-46,4874189	-23,6700220	2398	0,0417	0,3289	3819	2922	897
L09429	1	-46,4936175	-23,7010656	1723	0,058	0,3289	2669	2066	603
L09430	2	-46,4955600	-23,6916613	1875	0,1067	0,6579	2904	2199	705
L09431	1	-46,5018766	-23,6701162	1686	0,0593	0,3289	2598	1971	627
L09432	1	-46,5011458	-23,6641775	2021	0,0495	0,3289	3184	2416	768
L09433	2	-46,4956959	-23,7399046	1815	0,1102	0,6579	2615	2077	538
