cod_local	QT_VOTOS	longitude	latitude	LOC_VALID	%_LOC_V	%_CAND	QT_APTOS	QT_COMPARECIMENTO	QT_ABSTENCOES
L03949	2	-46,5415630	-23,7144040	356	0,5618	0,5155	524	411	113
L03950	1	-46,5496537	-23,7094670	2719	0,0368	0,2577	4433	3083	1350
L03951	1	-46,5496940	-23,7063970	2491	0,0401	0,2577	3975	2934	1041
L03952	2	-46,5484150	-23,7127260	1407	0,1421	0,5155	2247	1606	641
L03955	4	-46,5479655	-23,7159646	3704	0,108	1,0309	6126	4304	1822
L03957	1	-46,5506560	-23,7109210	1694	0,059	0,2577	2975	1921	1054
L03958	4	-46,5263510	-23,7177830	2715	0,1473	1,0309	4362	3115	1247
L03959	2	-46,5273920	-23,7411880	2811	0,0711	0,5155	4034	3173	861
L03960	1	-46,5340573	-23,7247585	3267	0,0306	0,2577	4736	3669	1067
L03962	1	-46,5312069	-23,7383016	3438	0,0291	0,2577	4967	3828	1139
L03963	2	-46,5330960	-23,7239800	2212	0,0904	0,5155	3508	2587	921
L03964	12	-46,5424960	-23,7270120	2712	0,4425	3,0928	4071	2989	1082
L03965	3	-46,5394877	-23,7234957	2748	0,1092	0,7732	4365	3032	1333
L03966	1	-46,5239690	-23,7253840	2604	0,0384	0,2577	3744	2918	826
L03969	5	-46,5401449	-23,7130179	2329	0,2147	1,2887	3843	2637	1206
L03970	2	-46,5591090	-23,7130393	1529	0,1308	0,5155	2468	1753	715
L03971	1	-46,5376257	-23,7371831	1611	0,0621	0,2577	2398	1785	613
L03972	1	-46,5384635	-23,7367389	3177	0,0315	0,2577	4773	3598	1175
L03973	2	-46,5302901	-23,7552072	2521	0,0793	0,5155	3630	2891	739
L03975	1	-46,5280659	-23,7398567	3476	0,0288	0,2577	4976	3933	1043
L03977	1	-46,5361406	-23,7345754	1817	0,055	0,2577	2574	2054	520
L03978	1	-46,5388049	-23,7229366	1360	0,0735	0,2577	2077	1587	490
L03980	1	-46,5273141	-23,7298404	2356	0,0424	0,2577	3546	2778	768
L03982	1	-46,5433437	-23,7247021	846	0,1182	0,2577	1363	989	374
L03984	2	-46,5424192	-23,7186662	2052	0,0975	0,5155	3298	2324	974
L03989	6	-46,5339255	-23,7156101	3243	0,185	1,5464	4680	3762	918
L03990	1	-46,5272283	-23,7179138	3130	0,0319	0,2577	4842	3583	1259
L03993	2	-46,5479549	-23,7130220	2969	0,0674	0,5155	4673	3394	1279
L06770	2	-46,5525212	-23,6901319	2732	0,0732	0,5155	4186	3204	982
L06771	2	-46,5674510	-23,6934030	3881	0,0515	0,5155	6496	4542	1954
L06772	1	-46,5618680	-23,6746313	2853	0,0351	0,2577	4554	3404	1150
L06773	1	-46,5748460	-23,6838690	3492	0,0286	0,2577	5996	4051	1945
L06775	1	-46,5780242	-23,7026208	4021	0,0249	0,2577	6654	4791	1863
L06777	1	-46,5578080	-23,6812590	2740	0,0365	0,2577	4871	3184	1687
L06779	2	-46,5811459	-23,6991489	1442	0,1387	0,5155	2231	1776	455
L06782	2	-46,5625426	-23,6854896	2462	0,0812	0,5155	4176	2798	1378
L06783	2	-46,5712670	-23,6858200	2290	0,0873	0,5155	3711	2766	945
L06784	3	-46,5801575	-23,6989963	2320	0,1293	0,7732	3782	2738	1044
L06785	2	-46,5772394	-23,6793819	2129	0,0939	0,5155	3489	2499	990
L06786	5	-46,5711486	-23,7069243	3657	0,1367	1,2887	5768	4341	1427
L06788	5	-46,5966010	-23,6599440	1374	0,3639	1,2887	2362	1824	538
L06791	3	-46,5618751	-23,6641932	4022	0,0746	0,7732	6778	4774	2004
L06792	5	-46,6048300	-23,6606410	4869	0,1027	1,2887	8857	5905	2952
L06793	1	-46,5725179	-23,6552713	4018	0,0249	0,2577	7632	4758	2874
L06797	6	-46,5983816	-23,6565152	2510	0,239	1,5464	4078	3127	951
L06799	1	-46,5709372	-23,6527605	2910	0,0344	0,2577	4988	3366	1622
L06800	1	-46,6082220	-23,6667266	3115	0,0321	0,2577	5224	3876	1348
L07082	6	-46,5686640	-23,7226012	3863	0,1553	1,5464	5863	4522	1341
L07083	15	-46,5671770	-23,7246305	3792	0,3956	3,866	6107	4279	1828
L07084	33	-46,5728440	-23,7385800	4259	0,7748	8,5052	6239	4738	1501
L07085	11	-46,5763830	-23,7413500	3754	0,293	2,8351	5378	4236	1142
L07086	8	-46,5847430	-23,7228060	2973	0,2691	2,0619	4724	3378	1346
L07087	10	-46,5731743	-23,7229215	2752	0,3634	2,5773	4216	3212	1004
L07088	6	-46,5719400	-23,7418360	3694	0,1624	1,5464	5522	4136	1386
L07090	3	-46,5837930	-23,7111350	2839	0,1057	0,7732	4468	3370	1098
L07092	1	-46,5714550	-23,7164980	3092	0,0323	0,2577	4678	3646	1032
L07093	4	-46,5714110	-23,7317630	2984	0,134	1,0309	4389	3383	1006
L07094	11	-46,5773288	-23,7251947	3149	0,3493	2,8351	4908	3601	1307
L07095	4	-46,5681980	-23,7215630	3744	0,1068	1,0309	6253	4293	1960
L07096	9	-46,5611610	-23,7212380	2261	0,3981	2,3196	3603	2557	1046
L07098	2	-46,5883300	-23,7165890	1688	0,1185	0,5155	2567	1999	568
L07099	1	-46,5857789	-23,7063229	1693	0,0591	0,2577	2856	1965	891
L07100	7	-46,5757068	-23,7415408	3689	0,1898	1,8041	5557	4244	1313
L07101	4	-46,5653120	-23,7243480	1289	0,3103	1,0309	1938	1496	442
L07102	2	-46,5823690	-23,7207720	1435	0,1394	0,5155	2151	1688	463
L07103	1	-46,5948529	-23,7182953	615	0,1626	0,2577	953	727	226
L07105	2	-46,5815984	-23,7168713	1196	0,1672	0,5155	1779	1404	375
L07106	3	-46,5763029	-23,7195979	2231	0,1345	0,7732	3695	2552	1143
L07107	3	-46,5951889	-23,7196223	2490	0,1205	0,7732	3729	2866	863
L10343	1	-46,5304577	-23,7819645	3566	0,028	0,2577	5636	4031	1605
L10344	1	-46,5492480	-23,7482930	2752	0,0363	0,2577	4043	3185	858
L10346	16	-46,5543780	-23,7293500	3227	0,4958	4,1237	5146	3697	1449
L10348	1	-46,5766199	-23,7553818	2714	0,0368	0,2577	3794	3023	771
L10349	2	-46,5993840	-23,7504530	3523	0,0568	0,5155	5191	3964	1227
L10352	18	-46,6073310	-23,7448240	4841	0,3718	4,6392	7276	5564	1712
L10353	1	-46,5661672	-23,7428574	1854	0,0539	0,2577	2860	2125	735
L10354	2	-46,5958220	-23,7411250	2753	0,0726	0,5155	4187	3094	1093
L10357	1	-46,5900996	-23,7353646	2391	0,0418	0,2577	3475	2726	749
L10358	3	-46,5571470	-23,7345289	2075	0,1446	0,7732	3401	2355	1046
L10359	2	-46,5557359	-23,7401940	2813	0,0711	0,5155	4567	3224	1343
L10360	14	-46,6120933	-23,7447783	6857	0,2042	3,6082	10591	7930	2661
L10361	1	-46,6036593	-23,7549526	2572	0,0389	0,2577	3935	3025	910
L10364	10	-46,5776197	-23,7559880	3311	0,302	2,5773	4933	3777	1156
L10367	1	-46,5961019	-23,7447479	1154	0,0867	0,2577	1701	1348	353
L10368	3	-46,5788159	-23,7338980	5018	0,0598	0,7732	7686	5820	1866
L10369	1	-46,5492121	-23,7487340	2216	0,0451	0,2577	3255	2547	708
L10375	2	-46,5847755	-23,7339221	1357	0,1474	0,5155	2060	1617	443
L10377	1	-46,5214577	-23,7753688	1230	0,0813	0,2577	1781	1398	383
L10380	6	-46,5501460	-23,7386150	1142	0,5254	1,5464	1691	1322	369
L10520	5	-46,5420768	-23,7092800	3962	0,1262	1,2887	6082	4575	1507
L10521	7	-46,5457520	-23,6942020	2792	0,2507	1,8041	4355	3244	1111
L10522	2	-46,5420990	-23,6924220	3505	0,0571	0,5155	5982	4058	1924
L10523	11	-46,5458154	-23,6922331	3407	0,3229	2,8351	5818	4061	1757
L10525	2	-46,5421281	-23,7051226	3529	0,0567	0,5155	6224	3976	2248
L10527	1	-46,5569558	-23,6958244	1672	0,0598	0,2577	3021	1921	1100
L10530	1	-46,5335771	-23,7063680	501	0,1996	0,2577	866	614	252
L10531	2	-46,5423157	-23,6934138	933	0,2144	0,5155	1446	1111	335
L10533	1	-46,5603170	-23,7008920	2618	0,0382	0,2577	3934	2886	1048
L10536	2	-46,5452788	-23,6890829	2084	0,096	0,5155	3575	2454	1121
L10538	4	-46,5268109	-23,7075040	3193	0,1253	1,0309	5028	3738	1290
L10539	4	-46,5417310	-23,7077940	868	0,4608	1,0309	1298	1013	285
L10540	1	-46,5431070	-23,6864369	119	0,8403	0,2577	178	144	34
L10541	2	-46,5593550	-23,6972650	3833	0,0522	0,5155	5926	4389	1537
