cod_local	QT_VOTOS	longitude	latitude	LOC_VALID	%_LOC_V	%_CAND	QT_APTOS	QT_COMPARECIMENTO	QT_ABSTENCOES
L00005	1	-46,6603762	-23,5406137	4082	0,0245	0,046	8248	4503	3745
L00006	1	-46,6471893	-23,5496488	4359	0,0229	0,046	8358	5061	3297
L00008	1	-46,6464095	-23,5560819	3643	0,0274	0,046	6983	4278	2705
L00010	1	-46,6355899	-23,5623979	2996	0,0334	0,046	5666	3638	2028
L00016	2	-46,6361305	-23,5497845	2669	0,0749	0,0921	5297	3132	2165
L00019	1	-46,6376429	-23,5607300	2664	0,0375	0,046	5259	3125	2134
L00026	1	-46,6351446	-23,5631017	1170	0,0855	0,046	2088	1410	678
L00030	1	-46,6716846	-23,5278546	4168	0,024	0,046	8123	4653	3470
L00041	1	-46,6798996	-23,5306990	2132	0,0469	0,046	3296	2395	901
L00049	1	-46,6806583	-23,5307166	4578	0,0218	0,046	8065	5186	2879
L00052	1	-46,6832663	-23,5289919	4888	0,0205	0,046	8677	5629	3048
L00053	2	-46,6630845	-23,5450242	5945	0,0336	0,0921	9970	6457	3513
L00057	1	-46,6510689	-23,5302066	2410	0,0415	0,046	4093	2814	1279
L00058	1	-46,6432297	-23,5320752	3161	0,0316	0,046	6470	3731	2739
L00062	1	-46,6375237	-23,5287430	2256	0,0443	0,046	4421	2765	1656
L00080	1	-46,5869070	-23,5756756	3323	0,0301	0,046	5823	3854	1969
L00091	1	-46,5964833	-23,5637925	3169	0,0316	0,046	6188	3786	2402
L00096	1	-46,5697601	-23,5636527	4049	0,0247	0,046	7290	5070	2220
L00107	1	-46,6116378	-23,5511180	2148	0,0466	0,046	4565	2585	1980
L00108	3	-46,5976041	-23,5519593	6779	0,0443	0,1381	11883	7994	3889
L00110	1	-46,6602508	-23,5695486	2517	0,0397	0,046	4741	2759	1982
L00111	1	-46,6590182	-23,5634584	7550	0,0132	0,046	13488	8273	5215
L00113	2	-46,6642690	-23,5638420	4708	0,0425	0,0921	8733	5175	3558
L00118	1	-46,6768341	-23,5885769	2860	0,035	0,046	5240	3249	1991
L00119	1	-46,6851323	-23,5877136	2254	0,0444	0,046	3851	2471	1380
L00122	1	-46,6734804	-23,5826449	2473	0,0404	0,046	4205	2672	1533
L00125	3	-46,6822891	-23,5834680	4924	0,0609	0,1381	9066	5408	3658
L00127	1	-46,6605835	-23,5566944	6318	0,0158	0,046	11459	6999	4460
L00128	1	-46,6769068	-23,6001070	3888	0,0257	0,046	6994	4384	2610
L00131	2	-46,6442337	-23,5847251	4116	0,0486	0,0921	7035	4617	2418
L00133	1	-46,6320497	-23,5811282	2750	0,0364	0,046	4986	3131	1855
L00141	1	-46,6308086	-23,5650323	5144	0,0194	0,046	9743	6059	3684
L00143	1	-46,6414511	-23,5858080	2718	0,0368	0,046	4786	3093	1693
L00154	1	-46,6235069	-23,5745404	4329	0,0231	0,046	7193	5134	2059
L00526	2	-46,7757878	-23,6743707	289	0,692	0,0921	472	351	121
L00528	31	-46,7937390	-23,6862114	4929	0,6289	1,4273	8528	6298	2230
L00529	1	-46,7803357	-23,6866519	455	0,2198	0,046	809	569	240
L00531	20	-46,7890987	-23,6951667	263	7,6046	0,9208	443	336	107
L00532	2	-46,7878988	-23,6864426	238	0,8403	0,0921	424	297	127
L00533	9	-46,7766842	-23,6810185	3832	0,2349	0,4144	6561	4847	1714
L00534	24	-46,7872371	-23,6773522	3311	0,7249	1,105	5703	4173	1530
L00535	4	-46,7885429	-23,6654381	2164	0,1848	0,1842	3718	2707	1011
L00536	26	-46,7920187	-23,6867819	3212	0,8095	1,1971	5561	4120	1441
L00537	17	-46,7846410	-23,6975287	3599	0,4724	0,7827	6096	4448	1648
L00538	2	-46,7850919	-23,7005041	671	0,2981	0,0921	1195	850	345
L00539	50	-46,7886237	-23,6861459	4146	1,206	2,302	7243	5328	1915
L00540	18	-46,7937648	-23,6769801	2766	0,6508	0,8287	4791	3520	1271
L00541	5	-46,7778780	-23,6885051	4697	0,1065	0,2302	8374	5781	2593
L00542	10	-46,7901616	-23,6750896	3768	0,2654	0,4604	6810	4643	2167
L00543	15	-46,7810676	-23,6817954	3950	0,3797	0,6906	6766	5016	1750
L00544	3	-46,7734160	-23,6802425	3538	0,0848	0,1381	6419	4341	2078
L00545	9	-46,7766899	-23,6802567	3771	0,2387	0,4144	6802	4728	2074
L00546	12	-46,7853039	-23,6768377	3484	0,3444	0,5525	6085	4510	1575
L00547	4	-46,7885429	-23,6654381	4193	0,0954	0,1842	7471	5355	2116
L00549	211	-46,7905836	-23,6983913	3552	5,9403	9,7145	6142	4535	1607
L00550	6	-46,7755198	-23,6742186	2704	0,2219	0,2762	4775	3448	1327
L00551	12	-46,7827546	-23,6998617	2755	0,4356	0,5525	4627	3392	1235
L00552	5	-46,7867141	-23,6791697	1483	0,3372	0,2302	2634	1909	725
L00553	7	-46,7839538	-23,6721527	1679	0,4169	0,3223	2758	2071	687
L00554	1	-46,7932547	-23,6670602	2548	0,0392	0,046	4491	3254	1237
L00555	30	-46,7999759	-23,6870539	3475	0,8633	1,3812	6174	4460	1714
L00556	17	-46,7765383	-23,6680796	2361	0,72	0,7827	3983	2908	1075
L00557	2	-46,7925723	-23,6791753	147	1,3605	0,0921	271	200	71
L00558	6	-46,7896575	-23,6835516	593	1,0118	0,2762	1112	791	321
L00559	9	-46,7951730	-23,6802102	2040	0,4412	0,4144	3413	2489	924
L00560	6	-46,7971617	-23,6783864	2752	0,218	0,2762	4757	3583	1174
L00561	15	-46,7797991	-23,6713610	3438	0,4363	0,6906	6027	4213	1814
L00562	5	-46,7764988	-23,6792511	2508	0,1994	0,2302	4349	3228	1121
L05530	2	-46,7007739	-23,6497088	5044	0,0397	0,0921	8236	5638	2598
L05531	1	-46,7133162	-23,6344474	2027	0,0493	0,046	3063	2266	797
L05532	3	-46,7034029	-23,6447800	2886	0,104	0,1381	4752	3201	1551
L05536	2	-46,6821350	-23,6631782	5321	0,0376	0,0921	8921	6173	2748
L05537	3	-46,6842291	-23,6383685	2076	0,1445	0,1381	2987	2240	747
L05538	5	-46,6809074	-23,6663068	3075	0,1626	0,2302	5073	3651	1422
L05539	1	-46,7155893	-23,6513354	1889	0,0529	0,046	3179	2190	989
L05541	2	-46,7153680	-23,6417200	3773	0,053	0,0921	6610	4390	2220
L05542	2	-46,7071520	-23,6499060	3093	0,0647	0,0921	5733	3640	2093
L05543	2	-46,6875690	-23,6745424	2821	0,0709	0,0921	4627	3474	1153
L05546	1	-46,6816306	-23,6713892	1359	0,0736	0,046	2062	1643	419
L05550	1	-46,6945706	-23,6304883	5120	0,0195	0,046	8978	5840	3138
L05551	2	-46,7022860	-23,6510126	4767	0,042	0,0921	8841	5514	3327
L05557	1	-46,4452179	-23,4993366	2352	0,0425	0,046	3986	2897	1089
L05558	1	-46,4234630	-23,5085168	3758	0,0266	0,046	6529	4735	1794
L05567	2	-46,4215117	-23,5013996	3622	0,0552	0,0921	6083	4594	1489
L05568	1	-46,4300003	-23,4998815	2971	0,0337	0,046	5227	3654	1573
L05576	1	-46,4220218	-23,5011268	1232	0,0812	0,046	1990	1570	420
L05578	1	-46,4526050	-23,5387875	2564	0,039	0,046	4882	3187	1695
L05580	1	-46,4367093	-23,5286893	3428	0,0292	0,046	6257	4314	1943
L05583	2	-46,4325849	-23,5321585	3488	0,0573	0,0921	6128	4395	1733
L05585	3	-46,4451845	-23,5472188	2365	0,1268	0,1381	4123	3094	1029
L05587	1	-46,4443497	-23,5387667	3161	0,0316	0,046	5471	4127	1344
L05599	1	-46,4443340	-23,5321000	3793	0,0264	0,046	6860	4712	2148
L05602	1	-46,4402958	-23,5148095	3394	0,0295	0,046	6298	4377	1921
L05605	1	-46,4587342	-23,5292643	947	0,1056	0,046	1607	1196	411
L05610	1	-46,4554689	-23,5282555	6146	0,0163	0,046	10609	7693	2916
L05614	1	-46,6407233	-23,4948591	1725	0,058	0,046	2839	2166	673
L05615	1	-46,6333996	-23,5019647	1282	0,078	0,046	2094	1527	567
L05617	1	-46,6180480	-23,4923992	3331	0,03	0,046	5427	3880	1547
L05620	1	-46,6405710	-23,4868210	1451	0,0689	0,046	2771	1812	959
L05621	1	-46,6332236	-23,4899666	5271	0,019	0,046	8744	6129	2615
L05626	1	-46,6278934	-23,4963679	2077	0,0481	0,046	3746	2434	1312
L05628	1	-46,6157633	-23,4933572	2589	0,0386	0,046	4750	3013	1737
L05632	1	-46,6381967	-23,4939821	2961	0,0338	0,046	5002	3517	1485
L05633	1	-46,6227676	-23,4899879	1740	0,0575	0,046	3090	2057	1033
L05639	1	-46,6239120	-23,4891654	1527	0,0655	0,046	2617	1818	799
L05648	1	-46,7032968	-23,5283085	4170	0,024	0,046	7531	4847	2684
L05653	2	-46,7091294	-23,5350839	1807	0,1107	0,0921	3207	2079	1128
L05661	1	-46,7443554	-23,5048937	2325	0,043	0,046	4192	2863	1329
L05667	1	-46,6875289	-23,5240849	2857	0,035	0,046	4734	3347	1387
L05669	1	-46,7164216	-23,5283737	1777	0,0563	0,046	3016	2011	1005
L05679	1	-46,7572703	-23,5028236	2080	0,0481	0,046	3534	2609	925
L05686	1	-46,7064510	-23,5301730	1194	0,0838	0,046	1873	1372	501
L05688	1	-46,7278581	-23,5209253	3285	0,0304	0,046	5542	3799	1743
L05694	1	-46,6971193	-23,5441298	2311	0,0433	0,046	3990	2579	1411
L05695	1	-46,6826600	-23,5737124	2079	0,0481	0,046	3613	2221	1392
L05700	4	-46,7170159	-23,5510140	4888	0,0818	0,1842	7257	5167	2090
L05705	3	-46,6896585	-23,5656255	3181	0,0943	0,1381	5968	3546	2422
L05706	1	-46,6827388	-23,5501422	2508	0,0399	0,046	4043	2732	1311
L05716	1	-46,6975056	-23,5623803	2545	0,0393	0,046	4027	2825	1202
L05720	1	-46,5018743	-23,5298075	832	0,1202	0,046	1456	1081	375
L05736	1	-46,5179226	-23,5228086	3663	0,0273	0,046	6711	4640	2071
L05738	2	-46,5333555	-23,5182551	2464	0,0812	0,0921	4343	3015	1328
L05739	2	-46,4991515	-23,5296706	3000	0,0667	0,0921	5527	3909	1618
L05740	2	-46,5095310	-23,5250203	3929	0,0509	0,0921	7326	4889	2437
L05742	1	-46,5211173	-23,5214041	2853	0,0351	0,046	5266	3603	1663
L05746	1	-46,5505175	-23,5250578	1516	0,066	0,046	2837	1855	982
L05749	1	-46,5657556	-23,5447205	2552	0,0392	0,046	4152	3034	1118
L05751	1	-46,5757522	-23,5380963	4097	0,0244	0,046	6495	4845	1650
L05755	1	-46,5179584	-23,5638358	3205	0,0312	0,046	5295	4046	1249
L05761	1	-46,5547639	-23,5507972	2499	0,04	0,046	4611	3030	1581
L05763	1	-46,5178296	-23,5802614	2728	0,0367	0,046	4620	3507	1113
L05770	1	-46,5075141	-23,5806329	2164	0,0462	0,046	3900	2720	1180
L05771	1	-46,5727024	-23,5507422	2617	0,0382	0,046	4908	3111	1797
L05777	2	-46,5636721	-23,5353692	1934	0,1034	0,0921	3252	2352	900
L05784	1	-46,5810636	-23,5390713	1123	0,089	0,046	1806	1332	474
L05787	2	-46,5170355	-23,5835096	2514	0,0796	0,0921	4277	3252	1025
L05788	3	-46,5170255	-23,5575103	1578	0,1901	0,1381	3137	1967	1170
L05797	1	-46,5602785	-23,5363132	5811	0,0172	0,046	9848	6857	2991
L05798	1	-46,5834851	-23,5000601	913	0,1095	0,046	1615	1122	493
L05800	1	-46,6048519	-23,5043234	2579	0,0388	0,046	4629	3241	1388
L05802	2	-46,6013419	-23,5076564	3312	0,0604	0,0921	6027	4063	1964
L05805	1	-46,6019251	-23,4930215	3006	0,0333	0,046	5399	3750	1649
L05808	1	-46,5892786	-23,5184715	2964	0,0337	0,046	5799	3706	2093
L05811	2	-46,5847966	-23,5140241	2439	0,082	0,0921	4518	2999	1519
L05814	1	-46,6049224	-23,5160697	1794	0,0557	0,046	3377	2233	1144
L05816	1	-46,5824545	-23,5151915	4574	0,0219	0,046	8444	5563	2881
L05820	1	-46,5663467	-23,5211065	3363	0,0297	0,046	6296	4358	1938
L05827	1	-46,5981117	-23,5026572	948	0,1055	0,046	1582	1178	404
L05843	2	-46,6732228	-23,5017435	1901	0,1052	0,0921	3104	2323	781
L05846	2	-46,6811823	-23,4913790	3097	0,0646	0,0921	5454	4068	1386
L05848	1	-46,6506305	-23,5026837	3720	0,0269	0,046	6771	4492	2279
L05853	2	-46,6576552	-23,4676225	2016	0,0992	0,0921	3658	2494	1164
L05865	1	-46,6698247	-23,4725347	947	0,1056	0,046	1605	1205	400
L05866	1	-46,6545707	-23,4916062	2697	0,0371	0,046	4880	3285	1595
L05870	1	-46,6722354	-23,4967228	2389	0,0419	0,046	4246	3161	1085
L05872	1	-46,6618430	-23,4656280	2879	0,0347	0,046	4826	3497	1329
L05884	1	-46,6024410	-23,4546385	2320	0,0431	0,046	3954	2867	1087
L05890	1	-46,6048373	-23,4642332	3719	0,0269	0,046	6880	4577	2303
L05895	1	-46,5968505	-23,4651601	3059	0,0327	0,046	5869	3863	2006
L05897	1	-46,5851276	-23,4502408	3003	0,0333	0,046	5429	3962	1467
L05911	3	-46,5953507	-23,4480324	2669	0,1124	0,1381	4700	3478	1222
L05914	1	-46,6046269	-23,4577565	2417	0,0414	0,046	4627	3016	1611
L05931	2	-46,5593803	-23,5886767	2087	0,0958	0,0921	3493	2634	859
L05932	1	-46,5660422	-23,6040127	2344	0,0427	0,046	4184	2990	1194
L05943	2	-46,5480300	-23,5998140	3286	0,0609	0,0921	5695	4099	1596
L05947	2	-46,5795917	-23,5926018	3241	0,0617	0,0921	5895	4000	1895
L05952	1	-46,5523937	-23,5873869	2979	0,0336	0,046	5466	3759	1707
L05959	1	-46,5810310	-23,5900310	2339	0,0428	0,046	4164	2855	1309
L05962	2	-46,5476777	-23,5952842	1070	0,1869	0,0921	1786	1360	426
L05966	1	-46,6599239	-23,6127900	4523	0,0221	0,046	8055	5113	2942
L05968	2	-46,6685076	-23,6131455	3538	0,0565	0,0921	6251	3963	2288
L05969	1	-46,6882980	-23,6116910	2974	0,0336	0,046	5627	3387	2240
L05972	1	-46,6606590	-23,6082950	3573	0,028	0,046	6139	4037	2102
L05975	1	-46,6709636	-23,6171214	2324	0,043	0,046	3817	2641	1176
L05981	1	-46,6812703	-23,6263887	3816	0,0262	0,046	6833	4360	2473
L05983	1	-46,6510975	-23,6123036	3947	0,0253	0,046	7274	4497	2777
L05984	3	-46,6639945	-23,6440840	2592	0,1157	0,1381	4500	3040	1460
L05985	1	-46,6850791	-23,6183057	3742	0,0267	0,046	6558	4258	2300
L05988	1	-46,6679674	-23,6420583	3208	0,0312	0,046	5082	3709	1373
L05990	1	-46,6927807	-23,6165017	1477	0,0677	0,046	2368	1722	646
L05993	1	-46,6505677	-23,6188035	2451	0,0408	0,046	3798	2806	992
L05995	1	-46,6692023	-23,5986819	4821	0,0207	0,046	7627	5289	2338
L05996	2	-46,6390563	-23,5354119	3573	0,056	0,0921	6373	4095	2278
L05998	1	-46,6284912	-23,6138398	2408	0,0415	0,046	3730	2799	931
L06000	3	-46,6362275	-23,5988254	5755	0,0521	0,1381	9671	6446	3225
L06001	1	-46,6367820	-23,6023840	4353	0,023	0,046	7231	4917	2314
L06010	1	-46,6214969	-23,5987034	3306	0,0302	0,046	5715	3957	1758
L06013	1	-46,6344010	-23,5954544	2340	0,0427	0,046	4149	2692	1457
L06015	1	-46,6448925	-23,6100010	2447	0,0409	0,046	4269	2836	1433
L06017	1	-46,6348198	-23,6125399	2346	0,0426	0,046	4142	2720	1422
L06018	1	-46,6298110	-23,6205725	1948	0,0513	0,046	3275	2387	888
L06022	1	-46,6399802	-23,6207015	7560	0,0132	0,046	11823	8719	3104
L06023	1	-46,6389150	-23,6157370	2881	0,0347	0,046	4965	3266	1699
L06026	1	-46,6383254	-23,5955707	3315	0,0302	0,046	5603	3692	1911
L06033	1	-46,6024192	-23,6158702	2415	0,0414	0,046	4140	2950	1190
L06035	1	-46,6093832	-23,5888257	2646	0,0378	0,046	4381	3053	1328
L06041	1	-46,6051622	-23,5751923	2652	0,0377	0,046	4753	3194	1559
L06042	1	-46,5932441	-23,6218013	3332	0,03	0,046	5834	4057	1777
L06043	1	-46,5939912	-23,6283792	2004	0,0499	0,046	3754	2526	1228
L06045	1	-46,5907336	-23,5984174	3727	0,0268	0,046	6818	4710	2108
L06050	2	-46,5889064	-23,6343276	2672	0,0749	0,0921	4589	3469	1120
L06055	2	-46,6096977	-23,5916041	2870	0,0697	0,0921	5430	3473	1957
L06061	1	-46,5809811	-23,6100573	2017	0,0496	0,046	3626	2610	1016
L06065	2	-46,6119497	-23,5892321	3011	0,0664	0,0921	5516	3638	1878
L06661	4	-46,7041000	-23,7108340	2709	0,1477	0,1842	4548	3262	1286
L06662	5	-46,6977550	-23,7276870	2621	0,1908	0,2302	4332	3313	1019
L06664	4	-46,7020763	-23,6853645	3332	0,12	0,1842	5602	4031	1571
L06665	2	-46,6964372	-23,6925377	2324	0,0861	0,0921	3819	2859	960
L06666	1	-46,7147308	-23,6702428	2788	0,0359	0,046	5109	3374	1735
L06667	1	-46,6985697	-23,7261191	2231	0,0448	0,046	3856	2781	1075
L06668	3	-46,7079679	-23,7294845	5089	0,059	0,1381	8445	6409	2036
L06669	4	-46,6865884	-23,7095906	3707	0,1079	0,1842	6138	4679	1459
L06671	1	-46,7092435	-23,7150718	2233	0,0448	0,046	3875	2681	1194
L06672	1	-46,7004276	-23,7112720	3395	0,0295	0,046	6059	4083	1976
L06673	1	-46,6853733	-23,7259814	3759	0,0266	0,046	6283	4756	1527
L06674	4	-46,6793309	-23,7195684	3211	0,1246	0,1842	5467	4147	1320
L06675	5	-46,6881398	-23,7299942	3738	0,1338	0,2302	6186	4796	1390
L06677	2	-46,7023442	-23,7336887	3497	0,0572	0,0921	6166	4530	1636
L06678	4	-46,7003248	-23,7336023	2433	0,1644	0,1842	3957	3049	908
L06679	3	-46,7081139	-23,6888596	3276	0,0916	0,1381	5643	3922	1721
L06680	3	-46,7011093	-23,7188128	4508	0,0665	0,1381	7833	5525	2308
L06681	3	-46,6810487	-23,7212278	1316	0,228	0,1381	2471	1778	693
L06683	2	-46,6987338	-23,7098273	2586	0,0773	0,0921	4747	3089	1658
L06684	1	-46,6863422	-23,7040675	2925	0,0342	0,046	5005	3592	1413
L06687	1	-46,6995340	-23,7330324	2757	0,0363	0,046	4736	3370	1366
L06688	4	-46,6904668	-23,7164776	3363	0,1189	0,1842	5649	4138	1511
L06690	1	-46,7105503	-23,6682255	1240	0,0806	0,046	2248	1483	765
L06692	3	-46,6859467	-23,7227536	1183	0,2536	0,1381	1917	1485	432
L06695	2	-46,6958522	-23,6940299	960	0,2083	0,0921	1484	1199	285
L06696	1	-46,7097890	-23,7283561	1131	0,0884	0,046	1836	1425	411
L06698	1	-46,7036392	-23,6912906	1005	0,0995	0,046	1575	1209	366
L07572	1	-46,6503535	-23,6588627	1554	0,0644	0,046	2594	1913	681
L07573	1	-46,6398751	-23,6453386	2341	0,0427	0,046	3752	2782	970
L07574	1	-46,6415339	-23,6443503	1932	0,0518	0,046	3346	2359	987
L07582	3	-46,6358025	-23,6609951	3615	0,083	0,1381	6447	4637	1810
L07583	1	-46,6477955	-23,6558420	3661	0,0273	0,046	6289	4390	1899
L07585	1	-46,6489412	-23,6630793	4484	0,0223	0,046	7661	5544	2117
L07586	2	-46,6662000	-23,6526625	4676	0,0428	0,0921	7861	5605	2256
L07591	2	-46,6361421	-23,6802843	2687	0,0744	0,0921	4849	3510	1339
L07593	2	-46,6558622	-23,6441812	3054	0,0655	0,0921	5207	3649	1558
L07596	1	-46,6408930	-23,6522075	3383	0,0296	0,046	6330	4133	2197
L07599	1	-46,6460240	-23,6525414	3198	0,0313	0,046	5298	3899	1399
L07600	1	-46,6356262	-23,6788985	1377	0,0726	0,046	2329	1795	534
L07601	1	-46,6355606	-23,6678098	1988	0,0503	0,046	3563	2572	991
L07605	1	-46,6526971	-23,6532191	1424	0,0702	0,046	2392	1763	629
L07664	3	-46,7296043	-23,4932746	3302	0,0909	0,1381	5686	4020	1666
L07679	1	-46,7399355	-23,4854976	1669	0,0599	0,046	2714	2024	690
L07681	3	-46,7278522	-23,4974960	3589	0,0836	0,1381	6232	4432	1800
L07689	1	-46,4919582	-23,5063549	2108	0,0474	0,046	3605	2714	891
L07691	1	-46,4782924	-23,4882415	2673	0,0374	0,046	4549	3394	1155
L07694	1	-46,4971517	-23,4840369	2951	0,0339	0,046	4712	3627	1085
L07700	1	-46,4851971	-23,4905377	3489	0,0287	0,046	6056	4395	1661
L07702	1	-46,4749626	-23,4875229	2327	0,043	0,046	4070	2936	1134
L07712	1	-46,4733392	-23,4886727	826	0,1211	0,046	1450	1023	427
L07718	1	-46,6987243	-23,4958644	1305	0,0766	0,046	2151	1595	556
L07720	1	-46,6906776	-23,4886152	2477	0,0404	0,046	4263	2952	1311
L07721	1	-46,7021950	-23,4842550	3320	0,0301	0,046	6150	4149	2001
L07723	3	-46,7155090	-23,4737413	2363	0,127	0,1381	4249	3098	1151
L07726	1	-46,6978976	-23,4998743	2271	0,044	0,046	4256	2757	1499
L07728	1	-46,6928374	-23,5037339	1919	0,0521	0,046	3660	2388	1272
L07739	1	-46,7128806	-23,4857983	3106	0,0322	0,046	5261	3930	1331
L07746	1	-46,6942692	-23,4998988	1098	0,0911	0,046	1786	1314	472
L07748	2	-46,7035579	-23,4832109	1227	0,163	0,0921	2074	1563	511
L07750	15	-46,7708337	-23,6299871	13605	0,1103	0,6906	25821	17652	8169
L07751	1	-46,7857380	-23,6492250	2439	0,041	0,046	4196	3122	1074
L07752	4	-46,7562863	-23,6156016	3810	0,105	0,1842	6732	4937	1795
L07753	7	-46,7766842	-23,6395528	2690	0,2602	0,3223	4737	3519	1218
L07754	3	-46,7510131	-23,6228353	4006	0,0749	0,1381	7103	5278	1825
L07755	5	-46,7557573	-23,6290243	3980	0,1256	0,2302	6741	5172	1569
L07756	4	-46,7617923	-23,6408234	4236	0,0944	0,1842	7697	5404	2293
L07757	7	-46,7705606	-23,6467603	3321	0,2108	0,3223	5877	4308	1569
L07758	5	-46,7701188	-23,6470003	3205	0,156	0,2302	5536	3955	1581
L07759	4	-46,7708253	-23,6346601	2609	0,1533	0,1842	4845	3309	1536
L07760	3	-46,7556667	-23,6404221	3739	0,0802	0,1381	6385	4685	1700
L07761	1	-46,7758320	-23,6436922	4304	0,0232	0,046	7784	5385	2399
L07762	12	-46,7860069	-23,6438270	3683	0,3258	0,5525	6454	4825	1629
L07763	3	-46,7776614	-23,6511000	4197	0,0715	0,1381	7100	5325	1775
L07764	3	-46,7625103	-23,6349197	3815	0,0786	0,1381	6862	4883	1979
L07765	5	-46,7497115	-23,6403144	4495	0,1112	0,2302	7813	5662	2151
L07766	7	-46,7870213	-23,6430817	3412	0,2052	0,3223	6214	4373	1841
L07767	2	-46,7490615	-23,6345587	3174	0,063	0,0921	5702	4133	1569
L07768	2	-46,7739779	-23,6330684	2361	0,0847	0,0921	4577	2954	1623
L07769	5	-46,7686119	-23,6296456	3708	0,1348	0,2302	6898	4781	2117
L07770	5	-46,7542153	-23,6198219	4129	0,1211	0,2302	7176	5149	2027
L07771	5	-46,7622591	-23,6469894	2666	0,1875	0,2302	4394	3333	1061
L07772	7	-46,7607719	-23,6385695	2910	0,2405	0,3223	5170	3706	1464
L07773	5	-46,7538973	-23,6349349	4025	0,1242	0,2302	6657	5039	1618
L07774	4	-46,7498755	-23,6363346	2769	0,1445	0,1842	4952	3627	1325
L08185	1	-46,7191286	-23,6260213	1988	0,0503	0,046	3164	2315	849
L08188	1	-46,7165770	-23,5900570	2517	0,0397	0,046	3979	2849	1130
L08189	3	-46,7439953	-23,5966397	2735	0,1097	0,1381	4371	3211	1160
L08192	1	-46,7464051	-23,5966465	1686	0,0593	0,046	2775	2051	724
L08193	1	-46,7073893	-23,5739269	1438	0,0695	0,046	2590	1633	957
L08194	1	-46,7194106	-23,5935367	4012	0,0249	0,046	6747	4420	2327
L08196	1	-46,7208297	-23,6076803	2840	0,0352	0,046	4752	3330	1422
L08197	2	-46,7361238	-23,5854310	1908	0,1048	0,0921	3173	2287	886
L08200	1	-46,7298173	-23,5966128	2551	0,0392	0,046	4499	3046	1453
L08202	1	-46,7401597	-23,6037788	2287	0,0437	0,046	4380	2818	1562
L08205	1	-46,7205486	-23,5875210	2564	0,039	0,046	4386	2949	1437
L08207	2	-46,7206164	-23,5767376	2202	0,0908	0,0921	4045	2564	1481
L08211	6	-46,7570506	-23,5977877	2938	0,2042	0,2762	5449	3746	1703
L08212	1	-46,7546852	-23,5949824	2625	0,0381	0,046	4694	3368	1326
L08213	1	-46,7052007	-23,6074205	2725	0,0367	0,046	4343	3206	1137
L08214	1	-46,7156551	-23,5796180	554	0,1805	0,046	796	618	178
L08216	1	-46,7591668	-23,5940175	1177	0,085	0,046	1961	1510	451
L08219	1	-46,6985844	-23,5862008	2637	0,0379	0,046	4368	2905	1463
L08220	1	-46,7456903	-23,6030840	1945	0,0514	0,046	3106	2290	816
L08234	2	-46,5317956	-23,5421192	3038	0,0658	0,0921	5442	3818	1624
L08239	2	-46,5141185	-23,5517464	2105	0,095	0,0921	3730	2686	1044
L08241	2	-46,4913846	-23,5478378	2076	0,0963	0,0921	3674	2778	896
L08245	3	-46,4984607	-23,5625811	3684	0,0814	0,1381	6646	4873	1773
L08247	2	-46,4906529	-23,5403308	4098	0,0488	0,0921	7785	5311	2474
L08251	1	-46,5141937	-23,5522187	2485	0,0402	0,046	4173	3088	1085
L08252	1	-46,4996257	-23,5474295	2491	0,0401	0,046	4201	3182	1019
L08256	2	-46,5191281	-23,5450183	2851	0,0702	0,0921	5189	3512	1677
L08258	1	-46,5095374	-23,5384628	2376	0,0421	0,046	4461	3015	1446
L08259	1	-46,5081299	-23,5436866	2539	0,0394	0,046	4640	3247	1393
L08265	1	-46,5251630	-23,5338233	5108	0,0196	0,046	9329	6208	3121
L08266	1	-46,5492719	-23,5643080	3744	0,0267	0,046	6474	4613	1861
L08267	1	-46,5464060	-23,5700350	1922	0,052	0,046	3132	2354	778
L08274	1	-46,5439614	-23,5676780	2439	0,041	0,046	5027	3105	1922
L08278	1	-46,5421410	-23,5610590	3394	0,0295	0,046	6342	4245	2097
L08281	2	-46,5410608	-23,5606823	3255	0,0614	0,0921	5649	4123	1526
L08285	1	-46,5421019	-23,5584414	1912	0,0523	0,046	3129	2348	781
L08292	1	-46,5847312	-23,4571192	1974	0,0507	0,046	3768	2560	1208
L08296	1	-46,5867358	-23,4804731	3045	0,0328	0,046	5362	3770	1592
L08303	1	-46,5951874	-23,4707467	2344	0,0427	0,046	4346	2893	1453
L08305	1	-46,5732891	-23,4514774	4266	0,0234	0,046	8509	5988	2521
L08307	2	-46,5775231	-23,4668711	3245	0,0616	0,0921	6063	4171	1892
L08316	1	-46,5765464	-23,4500907	995	0,1005	0,046	1852	1370	482
L08318	2	-46,5839255	-23,4646554	989	0,2022	0,0921	1750	1236	514
L08321	1	-46,6023221	-23,4823452	4184	0,0239	0,046	7555	5096	2459
L08329	1	-46,5324351	-23,6017298	2549	0,0392	0,046	4651	3215	1436
L08333	1	-46,5151342	-23,5886563	3403	0,0294	0,046	6060	4434	1626
L08337	2	-46,5124860	-23,5891800	2899	0,069	0,0921	5040	3740	1300
L08346	1	-46,5159118	-23,5981902	1878	0,0532	0,046	3155	2401	754
L08350	4	-46,5387495	-23,5924958	2138	0,1871	0,1842	3548	2664	884
L08351	1	-46,5255369	-23,5976545	4099	0,0244	0,046	7280	5240	2040
L08354	3	-46,6718510	-23,6480180	3606	0,0832	0,1381	5953	4267	1686
L08355	1	-46,6440278	-23,6734732	359	0,2786	0,046	615	448	167
L08356	3	-46,6748209	-23,6629694	2548	0,1177	0,1381	4677	3256	1421
L08357	1	-46,6566918	-23,6673339	2867	0,0349	0,046	5558	3511	2047
L08358	3	-46,6595184	-23,6732345	3334	0,09	0,1381	6265	4353	1912
L08360	2	-46,6643846	-23,6634460	2151	0,093	0,0921	3871	2637	1234
L08362	2	-46,6599252	-23,6645331	3182	0,0629	0,0921	5899	3877	2022
L08363	2	-46,6578420	-23,6700605	2290	0,0873	0,0921	3858	2871	987
L08364	1	-46,6666281	-23,6643337	2350	0,0426	0,046	4231	2884	1347
L08365	2	-46,6383547	-23,6857440	3713	0,0539	0,0921	6684	4675	2009
L08367	4	-46,6760160	-23,6550423	3987	0,1003	0,1842	6800	4757	2043
L08369	2	-46,6692349	-23,6669498	3705	0,054	0,0921	6566	4618	1948
L08370	2	-46,6619825	-23,6713695	2545	0,0786	0,0921	4510	3118	1392
L08372	1	-46,6459844	-23,6750154	2880	0,0347	0,046	5258	3622	1636
L08373	1	-46,6423561	-23,6824358	4047	0,0247	0,046	7666	5249	2417
L08374	1	-46,6583497	-23,6731895	2392	0,0418	0,046	4435	3139	1296
L08377	7	-46,6776829	-23,6644228	3581	0,1955	0,3223	6118	4373	1745
L08380	1	-46,3955110	-23,5079850	4070	0,0246	0,046	7143	5356	1787
L08381	1	-46,3943443	-23,5046166	3160	0,0316	0,046	5695	4002	1693
L08382	1	-46,3763198	-23,4939856	3628	0,0276	0,046	6476	4624	1852
L08386	1	-46,3879010	-23,5188440	3845	0,026	0,046	6696	5024	1672
L08390	1	-46,3766695	-23,5066526	4172	0,024	0,046	7610	5548	2062
L08391	1	-46,3965404	-23,5176660	3624	0,0276	0,046	6265	4666	1599
L08396	1	-46,3830556	-23,4914097	2865	0,0349	0,046	5005	3783	1222
L08397	2	-46,3844165	-23,4797530	3246	0,0616	0,0921	5337	4090	1247
L08408	1	-46,3900305	-23,4923096	2762	0,0362	0,046	5089	3777	1312
L08409	1	-46,4020530	-23,4932319	3373	0,0296	0,046	6356	4333	2023
L08423	1	-46,3977921	-23,5358129	1106	0,0904	0,046	2069	1477	592
L08426	1	-46,4008912	-23,5381934	3356	0,0298	0,046	6116	4546	1570
L08432	2	-46,4189254	-23,5384808	3214	0,0622	0,0921	5635	4179	1456
L08433	1	-46,4064807	-23,5311067	739	0,1353	0,046	548	394	154
L08439	1	-46,4207673	-23,5460751	2866	0,0349	0,046	5637	3838	1799
L08441	1	-46,3973726	-23,5355326	2439	0,041	0,046	4306	3101	1205
L08445	1	-46,4037610	-23,5596980	3457	0,0289	0,046	2665	1848	817
L08447	1	-46,4023822	-23,5509844	1988	0,0503	0,046	3479	2599	880
L08448	1	-46,4087514	-23,5527119	2094	0,0478	0,046	4017	2779	1238
L08450	2	-46,4075993	-23,5541832	3404	0,0588	0,0921	5663	4220	1443
L08452	2	-46,4116268	-23,5278328	3591	0,0557	0,0921	6073	4598	1475
L08453	1	-46,4234233	-23,5381049	2084	0,048	0,046	3936	2769	1167
L08454	1	-46,4066295	-23,5366390	2713	0,0369	0,046	4822	3590	1232
L08457	1	-46,3967810	-23,5545250	1819	0,055	0,046	3404	2514	890
L08459	1	-46,4060980	-23,5364980	1267	0,0789	0,046	1475	1092	383
L08846	2	-46,6604530	-23,7438933	5276	0,0379	0,0921	8555	6524	2031
L08847	1	-46,7045504	-23,7542184	5925	0,0169	0,046	10150	7592	2558
L08848	3	-46,6708362	-23,7427238	3254	0,0922	0,1381	5197	4056	1141
L08850	2	-46,6964318	-23,7396716	3205	0,0624	0,0921	5411	4075	1336
L08851	1	-46,7029441	-23,7482829	3251	0,0308	0,046	5688	4114	1574
L08852	2	-46,7044580	-23,7593862	2527	0,0791	0,0921	4290	3181	1109
L08853	3	-46,6805020	-23,7527693	3612	0,0831	0,1381	6315	4616	1699
L08854	1	-46,6901081	-23,7285932	1755	0,057	0,046	3031	2265	766
L08856	2	-46,6732124	-23,7614879	1860	0,1075	0,0921	3183	2357	826
L08858	1	-46,6957840	-23,7538980	1671	0,0598	0,046	2892	2171	721
L08859	1	-46,6816347	-23,7551323	1701	0,0588	0,046	2903	2139	764
L08860	6	-46,6895040	-23,7350676	2726	0,2201	0,2762	4411	3424	987
L08862	2	-46,6941916	-23,7361482	4568	0,0438	0,0921	8304	5797	2507
L08865	3	-46,6897118	-23,7494669	2152	0,1394	0,1381	3650	2758	892
L08866	1	-46,6833302	-23,7528996	2031	0,0492	0,046	3523	2593	930
L08867	1	-46,6470260	-23,7040291	3006	0,0333	0,046	4976	3854	1122
L08869	2	-46,6976128	-23,7478250	3454	0,0579	0,0921	5909	4430	1479
L08870	2	-46,6818898	-23,7403681	3700	0,0541	0,0921	6280	4769	1511
L08871	2	-46,6684971	-23,7532554	4993	0,0401	0,0921	8570	6421	2149
L08872	4	-46,6890875	-23,7386502	2798	0,143	0,1842	4627	3538	1089
L08873	1	-46,6837456	-23,7546935	3538	0,0283	0,046	6358	4435	1923
L08876	4	-46,6681724	-23,7475017	2547	0,157	0,1842	4140	3222	918
L08878	2	-46,6965550	-23,7515210	1325	0,1509	0,0921	2198	1720	478
L08879	2	-46,6771720	-23,7532160	2969	0,0674	0,0921	5144	3881	1263
L08880	1	-46,6703618	-23,7532358	3720	0,0269	0,046	5940	4631	1309
L08884	3	-46,6726701	-23,7529648	1434	0,2092	0,1381	2384	1838	546
L08885	11	-46,7826347	-23,7426504	5319	0,2068	0,5064	9184	6673	2511
L08886	1	-46,7536488	-23,6769928	628	0,1592	0,046	1106	834	272
L08887	6	-46,7821867	-23,7409511	5907	0,1016	0,2762	10173	7415	2758
L08888	4	-46,7449271	-23,6845334	3976	0,1006	0,1842	6506	4872	1634
L08889	3	-46,7529192	-23,6919752	3326	0,0902	0,1381	5647	4219	1428
L08890	2	-46,7816360	-23,7154750	1211	0,1652	0,0921	2073	1497	576
L08891	6	-46,7705221	-23,7208213	4451	0,1348	0,2762	7568	5541	2027
L08892	3	-46,7732050	-23,6978420	1070	0,2804	0,1381	1790	1342	448
L08893	1	-46,7717602	-23,6885585	842	0,1188	0,046	1410	1044	366
L08894	7	-46,7822515	-23,7187870	4175	0,1677	0,3223	7569	5347	2222
L08895	7	-46,7563455	-23,6839424	2676	0,2616	0,3223	4670	3304	1366
L08896	8	-46,7722560	-23,6977360	3286	0,2435	0,3683	5962	4211	1751
L08897	4	-46,7579085	-23,6866996	1823	0,2194	0,1842	3092	2340	752
L08899	4	-46,7296989	-23,6686244	4808	0,0832	0,1842	7532	5810	1722
L08900	1	-46,7459944	-23,6760859	3870	0,0258	0,046	6211	4807	1404
L08901	4	-46,7645258	-23,6853526	2060	0,1942	0,1842	3371	2470	901
L08902	2	-46,7420691	-23,6929780	3706	0,054	0,0921	6165	4741	1424
L08903	2	-46,7549903	-23,6797057	2449	0,0817	0,0921	4419	3166	1253
L08905	1	-46,7646740	-23,6894253	1784	0,0561	0,046	2837	2183	654
L08906	4	-46,7756880	-23,7009931	3097	0,1292	0,1842	5172	3825	1347
L08908	6	-46,7789630	-23,7147600	3404	0,1763	0,2762	5872	4422	1450
L08909	6	-46,7343899	-23,6780392	4253	0,1411	0,2762	6926	5231	1695
L08910	10	-46,7644449	-23,7005122	3583	0,2791	0,4604	6421	4721	1700
L08911	7	-46,7895404	-23,7358720	4436	0,1578	0,3223	7779	5629	2150
L08912	12	-46,7544275	-23,6715623	3436	0,3492	0,5525	5880	4460	1420
L08913	13	-46,7553528	-23,6757960	3255	0,3994	0,5985	5943	4082	1861
L08914	4	-46,7644205	-23,6860017	2545	0,1572	0,1842	4224	3108	1116
L08915	8	-46,7923315	-23,7092825	2309	0,3465	0,3683	4001	2961	1040
L08916	2	-46,7607341	-23,6898202	637	0,314	0,0921	1036	792	244
L08917	1	-46,7474059	-23,6737216	2586	0,0387	0,046	4466	3168	1298
L08918	9	-46,7646129	-23,6800985	3973	0,2265	0,4144	7083	4944	2139
L08919	8	-46,7518905	-23,6805097	3188	0,2509	0,3683	5387	4046	1341
L08920	8	-46,7717602	-23,6885585	3458	0,2313	0,3683	6360	4250	2110
L08921	3	-46,7477778	-23,6709060	3171	0,0946	0,1381	5519	3877	1642
L08922	4	-46,7486749	-23,6678597	2396	0,1669	0,1842	3958	3033	925
L08923	2	-46,7515278	-23,6806812	949	0,2107	0,0921	1668	1256	412
L08924	9	-46,7528366	-23,6745244	3179	0,2831	0,4144	5308	3981	1327
L08925	4	-46,7637275	-23,6860902	3526	0,1134	0,1842	6017	4176	1841
L08926	3	-46,7768923	-23,6963317	2699	0,1112	0,1381	4639	3456	1183
L08927	3	-46,7602288	-23,6921984	3141	0,0955	0,1381	5143	3919	1224
L08928	9	-46,7383011	-23,6797511	3519	0,2558	0,4144	5719	4390	1329
L08930	4	-46,7603013	-23,6823176	2127	0,1881	0,1842	3532	2612	920
L08931	4	-46,7926628	-23,7318431	4353	0,0919	0,1842	7513	5588	1925
L08932	2	-46,7488560	-23,6665560	1906	0,1049	0,0921	3162	2420	742
L08933	3	-46,7407017	-23,6677721	3280	0,0915	0,1381	5502	4064	1438
L08934	4	-46,7701634	-23,7200619	4256	0,094	0,1842	7146	5402	1744
L08936	9	-46,7568865	-23,7221715	4624	0,1946	0,4144	7539	5712	1827
L08937	5	-46,7398408	-23,6738654	4636	0,1079	0,2302	7955	5725	2230
L08938	3	-46,7563790	-23,6782580	1306	0,2297	0,1381	2186	1665	521
L08939	11	-46,7687891	-23,6747016	1964	0,5601	0,5064	3621	2542	1079
L08940	13	-46,7643695	-23,6705361	2617	0,4968	0,5985	4716	3439	1277
L08941	9	-46,7584936	-23,6672249	1847	0,4873	0,4144	3218	2371	847
L08943	1	-46,7619149	-23,6635947	1581	0,0633	0,046	2777	2012	765
L08944	3	-46,7869811	-23,6550768	3281	0,0914	0,1381	5927	4213	1714
L08945	28	-46,7595495	-23,6741975	3422	0,8182	1,2891	5713	4273	1440
L08946	1	-46,7599809	-23,6583845	3828	0,0261	0,046	6414	4828	1586
L08947	10	-46,7588097	-23,6679219	3084	0,3243	0,4604	5635	3906	1729
L08948	8	-46,7709966	-23,6560362	4506	0,1775	0,3683	7853	5738	2115
L08949	7	-46,7514131	-23,6635812	2498	0,2802	0,3223	4346	3049	1297
L08950	10	-46,7904828	-23,6530515	1902	0,5258	0,4604	3059	2375	684
L08951	2	-46,7886418	-23,6575053	2044	0,0978	0,0921	3413	2611	802
L08952	22	-46,7676270	-23,6679840	4298	0,5119	1,0129	7695	5421	2274
L08953	1	-46,7897522	-23,6576515	2681	0,0373	0,046	4927	3511	1416
L08954	8	-46,7664599	-23,6622186	3884	0,206	0,3683	7168	4912	2256
L08955	16	-46,7671835	-23,6773241	4100	0,3902	0,7366	7105	5165	1940
L08956	10	-46,7685672	-23,6718762	1603	0,6238	0,4604	2820	2048	772
L08957	13	-46,7797422	-23,6633017	2939	0,4423	0,5985	5299	3860	1439
L08958	3	-46,7594862	-23,6585655	2498	0,1201	0,1381	4132	3123	1009
L08959	7	-46,7717000	-23,6780060	1598	0,438	0,3223	2710	2016	694
L08961	4	-46,7833170	-23,6591080	3489	0,1146	0,1842	6112	4474	1638
L08962	2	-46,7552312	-23,6597385	2495	0,0802	0,0921	4466	3243	1223
L08963	7	-46,7734927	-23,6740405	2049	0,3416	0,3223	3996	2559	1437
L08964	2	-46,7859043	-23,6612756	2404	0,0832	0,0921	4384	2994	1390
L08965	9	-46,7675970	-23,6617050	4014	0,2242	0,4144	7021	5104	1917
L08969	2	-46,7387859	-23,5794283	2272	0,088	0,0921	3703	2689	1014
L08970	2	-46,7496719	-23,5825103	2692	0,0743	0,0921	4652	3312	1340
L08971	2	-46,7414689	-23,5502101	1483	0,1349	0,0921	2896	1900	996
L08972	4	-46,7892721	-23,6004866	3302	0,1211	0,1842	5905	4260	1645
L08973	2	-46,7736965	-23,5753008	3789	0,0528	0,0921	5984	4683	1301
L08974	2	-46,7460154	-23,5642656	2683	0,0745	0,0921	4513	3262	1251
L08976	4	-46,7540875	-23,5858304	1209	0,3309	0,1842	1901	1455	446
L08980	4	-46,7469625	-23,5508738	2646	0,1512	0,1842	4690	3392	1298
L08981	1	-46,7462340	-23,5733770	1936	0,0517	0,046	3286	2410	876
L08984	2	-46,7484555	-23,5435228	2932	0,0682	0,0921	5430	3759	1671
L08986	3	-46,7497980	-23,5823512	2155	0,1392	0,1381	3952	2665	1287
L08990	5	-46,7660251	-23,5891918	3308	0,1511	0,2302	5815	4319	1496
L08991	1	-46,7687542	-23,5959462	2154	0,0464	0,046	3725	2823	902
L08994	3	-46,7816430	-23,5898970	4658	0,0644	0,1381	8134	5717	2417
L08998	1	-46,7616411	-23,5738108	3264	0,0306	0,046	5781	3909	1872
L09001	1	-46,7812526	-23,5984796	764	0,1309	0,046	1352	990	362
L09006	2	-46,7920023	-23,5981368	2693	0,0743	0,0921	4763	3274	1489
L09009	1	-46,7601010	-23,5793980	1753	0,057	0,046	2840	2160	680
L09010	3	-46,7580485	-23,5857090	3186	0,0942	0,1381	6188	4045	2143
L09015	1	-46,7680477	-23,5870733	738	0,1355	0,046	1206	923	283
L09019	1	-46,7313271	-23,5767877	1362	0,0734	0,046	2150	1572	578
L09022	1	-46,7590170	-23,5574330	1081	0,0925	0,046	1638	1228	410
L09027	2	-46,7228401	-23,5715849	2029	0,0986	0,0921	3117	2297	820
L09036	2	-46,4835312	-23,6003513	2527	0,0791	0,0921	4456	3269	1187
L09037	1	-46,4562405	-23,6205281	2079	0,0481	0,046	3718	2655	1063
L09039	1	-46,4545421	-23,6241104	1336	0,0749	0,046	2381	1745	636
L09041	1	-46,4824676	-23,6012239	2857	0,035	0,046	5384	3613	1771
L09044	1	-46,4785593	-23,5947194	2910	0,0344	0,046	5416	3690	1726
L09056	1	-46,4433978	-23,6307158	2114	0,0473	0,046	3691	2498	1193
L09059	1	-46,4626277	-23,6209456	3192	0,0313	0,046	6229	4211	2018
L09060	1	-46,4915612	-23,5952026	2836	0,0353	0,046	5085	3699	1386
L09062	1	-46,4892324	-23,6122890	2777	0,036	0,046	5135	3576	1559
L09066	2	-46,4621492	-23,6284570	2730	0,0733	0,0921	5142	3766	1376
L09073	1	-46,4623540	-23,6265038	2947	0,0339	0,046	5192	3866	1326
L09079	3	-46,4516620	-23,6049100	1514	0,1982	0,1381	2644	1971	673
L09092	1	-46,4703344	-23,6125189	2663	0,0376	0,046	4922	3399	1523
L09097	3	-46,6833436	-23,4716951	3420	0,0877	0,1381	6292	4301	1991
L09099	1	-46,6998285	-23,4605103	2820	0,0355	0,046	4930	3583	1347
L09100	2	-46,6986546	-23,4803642	3036	0,0659	0,0921	5415	3789	1626
L09102	1	-46,6877814	-23,4600022	3235	0,0309	0,046	5834	4249	1585
L09109	1	-46,7072163	-23,4599973	3074	0,0325	0,046	5299	3983	1316
L09111	1	-46,6780978	-23,4504874	2994	0,0334	0,046	5456	3938	1518
L09117	1	-46,7020440	-23,4580940	3715	0,0269	0,046	6828	4901	1927
L09118	1	-46,6795279	-23,4641832	7883	0,0127	0,046	15183	10348	4835
L09124	1	-46,6736651	-23,4709745	2675	0,0374	0,046	4617	3454	1163
L09129	1	-46,6940812	-23,4585925	3967	0,0252	0,046	6922	5126	1796
L09142	1	-46,6871539	-23,4821017	1630	0,0613	0,046	2758	2043	715
L09324	1	-46,6807410	-23,7669661	7735	0,0129	0,046	13259	9980	3279
L09325	2	-46,7263218	-23,8274592	6787	0,0295	0,0921	12142	8727	3415
L09327	1	-46,7068713	-23,8607984	3425	0,0292	0,046	5439	4161	1278
L09331	2	-46,7035072	-23,7651387	3604	0,0555	0,0921	6158	4583	1575
L09334	1	-46,7177616	-23,7331948	2616	0,0382	0,046	4208	3249	959
L09335	1	-46,6948722	-23,7705062	2172	0,046	0,046	3674	2724	950
L09336	2	-46,7167371	-23,7695068	4256	0,047	0,0921	7217	5340	1877
L09337	2	-46,7106055	-23,7451522	2081	0,0961	0,0921	3438	2605	833
L09340	2	-46,7557667	-23,8674974	1613	0,124	0,0921	2893	2210	683
L09341	1	-46,6962116	-23,7633829	3630	0,0275	0,046	5815	4452	1363
L09342	2	-46,6978953	-23,8459940	2662	0,0751	0,0921	4306	3337	969
L09344	2	-46,6923854	-23,7664548	2534	0,0789	0,0921	4216	3211	1005
L09345	1	-46,7226984	-23,7765320	3746	0,0267	0,046	6480	4713	1767
L09347	1	-46,7059302	-23,7403363	3101	0,0322	0,046	5690	3864	1826
L09348	1	-46,7339841	-23,8396236	1854	0,0539	0,046	2931	2282	649
L09353	1	-46,7400817	-23,8783745	1743	0,0574	0,046	3113	2365	748
L09356	1	-46,7319307	-23,7919749	4689	0,0213	0,046	8175	6073	2102
L09357	3	-46,6847035	-23,7863114	4077	0,0736	0,1381	6645	5160	1485
L09358	2	-46,7172350	-23,7608768	1918	0,1043	0,0921	3049	2354	695
L09362	3	-46,7145555	-23,7851162	4313	0,0696	0,1381	7001	5315	1686
L09363	2	-46,6948722	-23,7705062	3781	0,0529	0,0921	6218	4781	1437
L09368	1	-46,7095920	-23,7408252	1645	0,0608	0,046	2849	2040	809
L09370	1	-46,7127840	-23,7642340	2495	0,0401	0,046	4004	3110	894
L09371	1	-46,7078313	-23,7380888	1925	0,0519	0,046	3423	2328	1095
L09373	6	-46,7126190	-23,8613850	4278	0,1403	0,2762	6351	5045	1306
L09375	1	-46,7273286	-23,8287482	1211	0,0826	0,046	1981	1489	492
L09376	1	-46,7288136	-23,8070119	698	0,1433	0,046	1166	927	239
L09377	1	-46,7365620	-23,7988400	2015	0,0496	0,046	3368	2542	826
L09644	1	-46,7595246	-23,4046073	6764	0,0148	0,046	12622	8645	3977
L09647	1	-46,7170362	-23,4446937	2209	0,0453	0,046	3864	2823	1041
L09650	1	-46,7167070	-23,4450305	2708	0,0369	0,046	4712	3446	1266
L09654	1	-46,7924236	-23,4385264	2360	0,0424	0,046	4480	3143	1337
L09666	1	-46,7516173	-23,3995291	2810	0,0356	0,046	4777	3531	1246
L09671	2	-46,7508213	-23,4136565	4987	0,0401	0,0921	8189	6303	1886
L09674	2	-46,8068959	-23,4410929	1146	0,1745	0,0921	2077	1538	539
L09680	1	-46,7192925	-23,4350205	2678	0,0373	0,046	4924	3572	1352
L09682	1	-46,7892030	-23,4388604	2519	0,0397	0,046	4252	3196	1056
L09684	3	-46,7449950	-23,4008390	1788	0,1678	0,1381	3003	2296	707
L09685	2	-46,7141265	-23,4344010	2433	0,0822	0,0921	4113	3094	1019
L09688	1	-46,7166746	-23,4347728	1683	0,0594	0,046	2857	2153	704
L09694	2	-46,7254060	-23,4420603	684	0,2924	0,0921	1123	892	231
L09713	1	-46,5202416	-23,5000815	2013	0,0497	0,046	3488	2617	871
L09714	1	-46,5267033	-23,5028825	2319	0,0431	0,046	4701	2945	1756
L09717	1	-46,4987106	-23,5049643	2292	0,0436	0,046	3848	2901	947
L09721	1	-46,5168781	-23,5117373	706	0,1416	0,046	1241	933	308
L09754	4	-46,4761598	-23,5359998	2662	0,1503	0,1842	4728	3332	1396
L09757	2	-46,4799583	-23,5263781	2015	0,0993	0,0921	3665	2771	894
L09762	1	-46,4813689	-23,5374258	3181	0,0314	0,046	5713	4094	1619
L09765	4	-46,4693922	-23,5224683	3655	0,1094	0,1842	6254	4742	1512
L09769	3	-46,4765549	-23,5327711	2321	0,1293	0,1381	4173	2902	1271
L09780	1	-46,4939673	-23,5195032	2596	0,0385	0,046	4433	3417	1016
L09783	2	-46,4752420	-23,5235190	4447	0,045	0,0921	7421	5633	1788
L09924	1	-46,4044363	-23,5213143	2034	0,0492	0,046	3716	2844	872
L09926	1	-46,4100903	-23,4872826	3946	0,0253	0,046	6777	5183	1594
L09935	1	-46,4135985	-23,4998743	4252	0,0235	0,046	7458	5385	2073
L09936	2	-46,4103530	-23,5225647	2103	0,0951	0,0921	3821	2877	944
L09939	3	-46,4058353	-23,5217846	3328	0,0901	0,1381	5634	4378	1256
L09941	1	-46,4089885	-23,5011168	2267	0,0441	0,046	3907	3021	886
L09948	1	-46,4030957	-23,5139436	1816	0,0551	0,046	3163	2414	749
L09954	1	-46,4581061	-23,4953823	1804	0,0554	0,046	3147	2304	843
L09955	1	-46,4581061	-23,4953823	1783	0,0561	0,046	3145	2251	894
L09960	1	-46,4662456	-23,5033514	2103	0,0476	0,046	3666	2754	912
L09970	1	-46,4560056	-23,5122728	3898	0,0257	0,046	6534	5016	1518
L09972	2	-46,4663780	-23,5115601	2666	0,075	0,0921	4869	3367	1502
L10130	2	-46,7515284	-23,4909867	3496	0,0572	0,0921	6108	4518	1590
L10133	2	-46,7369336	-23,4466755	2437	0,0821	0,0921	3928	3008	920
L10134	3	-46,7361616	-23,4500614	2869	0,1046	0,1381	5129	3556	1573
L10137	2	-46,7356785	-23,4445684	1110	0,1802	0,0921	1850	1400	450
L10138	1	-46,7498728	-23,4458752	1878	0,0532	0,046	3193	2426	767
L10139	1	-46,7581248	-23,4814649	2609	0,0383	0,046	4345	3256	1089
L10147	1	-46,7433597	-23,4559128	2088	0,0479	0,046	3915	2589	1326
L10148	1	-46,7311790	-23,4454790	2341	0,0427	0,046	3944	2990	954
L10151	2	-46,7566652	-23,4897825	2092	0,0956	0,0921	3515	2634	881
L10152	2	-46,7319051	-23,4391779	3819	0,0524	0,0921	6289	4770	1519
L10153	1	-46,7291158	-23,4519438	2823	0,0354	0,046	4774	3497	1277
L10185	2	-46,4231640	-23,5985590	1231	0,1625	0,0921	2022	1583	439
L10191	2	-46,4081455	-23,5938557	2942	0,068	0,0921	4794	3605	1189
L10193	2	-46,4414315	-23,5961736	2959	0,0676	0,0921	5227	3738	1489
L10195	2	-46,4005020	-23,5933829	2950	0,0678	0,0921	5001	3717	1284
L10200	1	-46,4077080	-23,5934470	2037	0,0491	0,046	3462	2558	904
L10202	2	-46,4258475	-23,5516624	1476	0,1355	0,0921	2694	1997	697
L10203	2	-46,4258537	-23,5660747	3386	0,0591	0,0921	6124	4511	1613
L10204	1	-46,4437362	-23,5536130	3367	0,0297	0,046	5872	4414	1458
L10211	1	-46,4410384	-23,5384069	4053	0,0247	0,046	7309	5151	2158
L10212	2	-46,4277510	-23,5498460	3585	0,0558	0,0921	6336	4627	1709
L10213	1	-46,4350193	-23,5546910	4684	0,0213	0,046	8573	6058	2515
L10215	1	-46,4375782	-23,5533997	2536	0,0394	0,046	4483	3244	1239
L10216	2	-46,4285496	-23,5394983	3748	0,0534	0,0921	6636	4916	1720
L10217	1	-46,4293241	-23,5467063	3148	0,0318	0,046	5968	4010	1958
L10219	1	-46,4216949	-23,5880443	2893	0,0346	0,046	4936	3772	1164
L10311	8	-46,7438418	-23,6469973	3989	0,2006	0,3683	6890	4938	1952
L10312	1	-46,7277244	-23,6232924	2826	0,0354	0,046	5507	3651	1856
L10313	1	-46,7409855	-23,6288859	4572	0,0219	0,046	7434	5319	2115
L10314	4	-46,7374229	-23,6602461	3948	0,1013	0,1842	6700	4839	1861
L10315	2	-46,7329180	-23,6456264	3655	0,0547	0,0921	6542	4487	2055
L10316	4	-46,7406208	-23,6440978	2363	0,1693	0,1842	4428	2886	1542
L10317	5	-46,7326913	-23,6400041	1979	0,2527	0,2302	3493	2460	1033
L10318	4	-46,7348644	-23,6510220	1977	0,2023	0,1842	3469	2405	1064
L10319	4	-46,7322309	-23,6212240	7028	0,0569	0,1842	12398	8767	3631
L10320	1	-46,7456339	-23,6149639	1637	0,0611	0,046	2637	1931	706
L10321	10	-46,7373128	-23,6532119	4481	0,2232	0,4604	7802	5537	2265
L10322	3	-46,7415537	-23,6615674	1588	0,1889	0,1381	2564	2023	541
L10323	6	-46,7448452	-23,6511623	3217	0,1865	0,2762	5549	3996	1553
L10324	1	-46,7404239	-23,6491380	3708	0,027	0,046	6560	4602	1958
L10325	1	-46,7462436	-23,6209695	4031	0,0248	0,046	7403	4961	2442
L10326	5	-46,7816360	-23,7154750	1072	0,4664	0,2302	1844	1339	505
L10327	2	-46,7463527	-23,6415609	1596	0,1253	0,0921	2789	2043	746
L10328	12	-46,7421998	-23,6581125	3665	0,3274	0,5525	6040	4563	1477
L10329	4	-46,7515285	-23,6467951	3583	0,1116	0,1842	6346	4335	2011
L10330	1	-46,7277244	-23,6232924	3496	0,0286	0,046	6463	4523	1940
L10333	1	-46,7411845	-23,6324928	2557	0,0391	0,046	4483	2941	1542
L10334	6	-46,7309023	-23,6590081	3965	0,1513	0,2762	6583	4851	1732
L10335	11	-46,7470038	-23,6574330	4546	0,242	0,5064	7984	5664	2320
L10336	7	-46,7442610	-23,6566420	3010	0,2326	0,3223	5133	3848	1285
L10337	1	-46,7498793	-23,6122189	1138	0,0879	0,046	1735	1321	414
L10338	1	-46,7534411	-23,6571085	1904	0,0525	0,046	3281	2446	835
L10339	1	-46,7419737	-23,6662638	455	0,2198	0,046	730	554	176
L10340	4	-46,7551211	-23,6549905	1723	0,2322	0,1842	3127	2375	752
L10342	1	-46,7280051	-23,6215451	3199	0,0313	0,046	5761	3985	1776
L10495	1	-46,6042777	-23,6188105	1662	0,0602	0,046	2687	1983	704
L10497	3	-46,6090050	-23,6525822	4417	0,0679	0,1381	7225	5438	1787
L10504	1	-46,6101359	-23,6467725	2446	0,0409	0,046	4304	2974	1330
L10505	1	-46,6259535	-23,6310077	2563	0,039	0,046	4493	3160	1333
L10509	1	-46,6042492	-23,6485675	2893	0,0346	0,046	4670	3547	1123
L10511	1	-46,5988854	-23,6473033	3074	0,0325	0,046	4952	3868	1084
L10516	2	-46,6134748	-23,6571470	3833	0,0522	0,0921	5910	4608	1302
L10609	1	-46,4834938	-23,5654763	1529	0,0654	0,046	2675	2050	625
L10618	2	-46,4876555	-23,5528722	3863	0,0518	0,0921	7214	4790	2424
L10620	1	-46,4864496	-23,5496384	3089	0,0324	0,046	5680	3970	1710
L10622	3	-46,4616617	-23,5574890	4046	0,0741	0,1381	7280	5166	2114
L10625	2	-46,4714895	-23,5528836	3285	0,0609	0,0921	5837	4288	1549
L10627	1	-46,4652985	-23,5546299	3666	0,0273	0,046	6843	4619	2224
L10628	2	-46,4787958	-23,5757265	2501	0,08	0,0921	4279	3187	1092
L10636	1	-46,6847532	-23,6873203	930	0,1075	0,046	1484	1150	334
L10637	3	-46,6758032	-23,6715957	1259	0,2383	0,1381	2143	1542	601
L10638	1	-46,6371403	-23,7009481	1770	0,0565	0,046	3477	2430	1047
L10639	6	-46,6668566	-23,6825593	3864	0,1553	0,2762	6372	4667	1705
L10642	1	-46,6355906	-23,7135071	1785	0,056	0,046	3599	2383	1216
L10643	3	-46,6714350	-23,6978615	2344	0,128	0,1381	4232	2899	1333
L10644	4	-46,6556236	-23,6824021	2836	0,141	0,1842	4936	3557	1379
L10645	2	-46,6362933	-23,7001858	2822	0,0709	0,0921	5118	3730	1388
L10646	1	-46,6646874	-23,6848562	3387	0,0295	0,046	6111	4324	1787
L10647	5	-46,6809971	-23,6837327	3113	0,1606	0,2302	5197	3757	1440
L10648	1	-46,6336174	-23,7033308	3476	0,0288	0,046	6288	4717	1571
L10649	5	-46,6574272	-23,6831739	3484	0,1435	0,2302	6377	4622	1755
L10650	1	-46,6524439	-23,6886719	3624	0,0276	0,046	6394	4556	1838
L10651	3	-46,6505536	-23,7001667	3622	0,0828	0,1381	6325	4590	1735
L10652	11	-46,6774173	-23,6820430	4275	0,2573	0,5064	7370	5418	1952
L10653	2	-46,6580576	-23,7104493	3879	0,0516	0,0921	6559	4846	1713
L10654	1	-46,6484762	-23,6909018	2269	0,0441	0,046	3946	2781	1165
L10655	3	-46,6834503	-23,6829378	2922	0,1027	0,1381	5153	3581	1572
L10656	2	-46,6614438	-23,6833579	2638	0,0758	0,0921	4634	3302	1332
L10657	2	-46,6712450	-23,6947528	3201	0,0625	0,0921	5811	4046	1765
L10659	1	-46,6595246	-23,6891350	2763	0,0362	0,046	4753	3468	1285
L10661	1	-46,6761983	-23,6715815	3187	0,0314	0,046	5530	3861	1669
L10662	2	-46,6553293	-23,6948602	2865	0,0698	0,0921	5307	3647	1660
L10663	1	-46,6656946	-23,6912971	3280	0,0305	0,046	5926	4159	1767
L10664	1	-46,6822506	-23,6859937	2727	0,0367	0,046	4800	3284	1516
L10666	1	-46,6654170	-23,6770470	2516	0,0397	0,046	4411	3162	1249
L10667	4	-46,6484937	-23,6939898	3026	0,1322	0,1842	5380	3783	1597
L10668	2	-46,6754475	-23,6898357	1623	0,1232	0,0921	2747	2004	743
L10670	5	-46,6532948	-23,6930429	4054	0,1233	0,2302	7018	5197	1821
L10671	1	-46,6759703	-23,6706677	1293	0,0773	0,046	1989	1559	430
L10672	1	-46,6554638	-23,6936711	1054	0,0949	0,046	1736	1348	388
L10674	1	-46,6488051	-23,6891793	776	0,1289	0,046	1295	1012	283
L10712	1	-46,5930087	-23,4922966	801	0,1248	0,046	1363	1022	341
L10713	1	-46,5785229	-23,4851103	1775	0,0563	0,046	3031	2287	744
L10715	1	-46,5738210	-23,4767120	1723	0,058	0,046	3005	2230	775
L10725	4	-46,5743549	-23,4975157	1855	0,2156	0,1842	3076	2333	743
L10730	1	-46,5677498	-23,4890100	1919	0,0521	0,046	3223	2470	753
L10736	1	-46,5681819	-23,4784924	3650	0,0274	0,046	6352	4719	1633
L10749	2	-46,5009514	-23,5953008	3234	0,0618	0,0921	5657	4320	1337
L10751	1	-46,5061790	-23,6170608	3511	0,0285	0,046	6321	4673	1648
L10752	1	-46,4907070	-23,6054790	4502	0,0222	0,046	7815	5884	1931
L10757	1	-46,5082245	-23,6128851	3263	0,0306	0,046	5872	4151	1721
L10758	1	-46,5007848	-23,6042677	3731	0,0268	0,046	6630	4687	1943
L10762	1	-46,5016183	-23,6011869	3850	0,026	0,046	6508	4865	1643
L10766	1	-46,4983849	-23,5987055	3171	0,0315	0,046	5783	4036	1747
L10767	1	-46,5096661	-23,6117172	1613	0,062	0,046	2708	2079	629
L10769	1	-46,6633740	-23,4626370	1208	0,0828	0,046	2100	1567	533
L10773	1	-46,6378689	-23,4793297	3726	0,0268	0,046	5957	4473	1484
L10778	1	-46,6714017	-23,4574567	4417	0,0226	0,046	7852	5784	2068
L10782	1	-46,6285532	-23,4710309	2053	0,0487	0,046	3411	2494	917
L10787	1	-46,6597938	-23,4579944	3590	0,0279	0,046	6710	4563	2147
L10792	1	-46,6392692	-23,4685393	2749	0,0364	0,046	4914	3299	1615
L10793	1	-46,6540520	-23,4791841	2694	0,0371	0,046	4415	3409	1006
L10798	1	-46,6350691	-23,4720027	1005	0,0995	0,046	1587	1213	374
L10803	1	-46,6313732	-23,4672637	1642	0,0609	0,046	2751	2004	747
