cod_local	QT_VOTOS	longitude	latitude	LOC_VALID	%_LOC_V	%_CAND	QT_APTOS	QT_COMPARECIMENTO	QT_ABSTENCOES
L00006	2	-46,6471893	-23,5496488	4359	0,0459	1,2422	8358	5061	3297
L00009	1	-46,6401698	-23,5538581	823	0,1215	0,6211	1409	943	466
L00011	2	-46,6535747	-23,5498948	3808	0,0525	1,2422	7072	4407	2665
L00016	1	-46,6361305	-23,5497845	2669	0,0375	0,6211	5297	3132	2165
L00151	1	-46,6209441	-23,5882398	2949	0,0339	0,6211	4478	3358	1120
L05550	1	-46,6945706	-23,6304883	5120	0,0195	0,6211	8978	5840	3138
L05615	1	-46,6333996	-23,5019647	1282	0,078	0,6211	2094	1527	567
L05621	2	-46,6332236	-23,4899666	5271	0,0379	1,2422	8744	6129	2615
L05626	1	-46,6278934	-23,4963679	2077	0,0481	0,6211	3746	2434	1312
L05629	2	-46,6242804	-23,4770119	2556	0,0782	1,2422	4643	3161	1482
L05631	1	-46,6446670	-23,4910726	1627	0,0615	0,6211	3161	2027	1134
L05703	1	-46,6962316	-23,5650597	1732	0,0577	0,6211	3356	1964	1392
L05714	1	-46,6896585	-23,5656255	1173	0,0853	0,6211	1972	1294	678
L05759	1	-46,5311184	-23,5605521	2832	0,0353	0,6211	5109	3500	1609
L05765	1	-46,5279368	-23,5603880	519	0,1927	0,6211	884	666	218
L05794	1	-46,5433831	-23,5503063	4135	0,0242	0,6211	6973	5037	1936
L05816	2	-46,5824545	-23,5151915	4574	0,0437	1,2422	8444	5563	2881
L05841	2	-46,6618639	-23,5067043	2520	0,0794	1,2422	4281	2973	1308
L05842	1	-46,6566659	-23,5007326	1397	0,0716	0,6211	2475	1764	711
L05848	1	-46,6506305	-23,5026837	3720	0,0269	0,6211	6771	4492	2279
L05851	1	-46,6632938	-23,5087770	4242	0,0236	0,6211	7237	4966	2271
L05853	2	-46,6576552	-23,4676225	2016	0,0992	1,2422	3658	2494	1164
L05854	4	-46,6559225	-23,4706050	3589	0,1115	2,4845	6533	4491	2042
L05856	1	-46,6576980	-23,5105636	3626	0,0276	0,6211	6816	4472	2344
L05863	1	-46,6642085	-23,4767719	3809	0,0263	0,6211	7192	4768	2424
L05864	2	-46,6729030	-23,5109220	2299	0,087	1,2422	4247	2858	1389
L05865	2	-46,6698247	-23,4725347	947	0,2112	1,2422	1605	1205	400
L05867	1	-46,6611936	-23,4979397	2374	0,0421	0,6211	4516	2931	1585
L05873	5	-46,6545485	-23,4716736	1878	0,2662	3,1056	2977	2288	689
L05881	1	-46,6182089	-23,4725956	2680	0,0373	0,6211	4271	3113	1158
L05885	3	-46,6064554	-23,4772146	3669	0,0818	1,8634	6325	4434	1891
L05895	2	-46,5968505	-23,4651601	3059	0,0654	1,2422	5869	3863	2006
L05900	1	-46,5803132	-23,4357702	2733	0,0366	0,6211	5108	3666	1442
L05905	5	-46,5872324	-23,4196031	2830	0,1767	3,1056	5422	3879	1543
L05908	1	-46,5774727	-23,4379629	2559	0,0391	0,6211	4721	3325	1396
L05909	2	-46,5745264	-23,4316764	1629	0,1228	1,2422	3155	2181	974
L05911	1	-46,5953507	-23,4480324	2669	0,0375	0,6211	4700	3478	1222
L05914	1	-46,6046269	-23,4577565	2417	0,0414	0,6211	4627	3016	1611
L05916	2	-46,5772676	-23,4381432	1120	0,1786	1,2422	1985	1453	532
L05997	1	-46,6475368	-23,6025329	2704	0,037	0,6211	4279	2988	1291
L06056	1	-46,6019600	-23,5909040	5133	0,0195	0,6211	9867	6305	3562
L07720	1	-46,6906776	-23,4886152	2477	0,0404	0,6211	4263	2952	1311
L07732	1	-46,6916354	-23,4865099	2408	0,0415	0,6211	4588	2950	1638
L07739	1	-46,7128806	-23,4857983	3106	0,0322	0,6211	5261	3930	1331
L07750	1	-46,7708337	-23,6299871	13605	0,0074	0,6211	25821	17652	8169
L07752	2	-46,7562863	-23,6156016	3810	0,0525	1,2422	6732	4937	1795
L07766	1	-46,7870213	-23,6430817	3412	0,0293	0,6211	6214	4373	1841
L08201	1	-46,7313899	-23,5980074	3354	0,0298	0,6211	5937	3987	1950
L08267	1	-46,5464060	-23,5700350	1922	0,052	0,6211	3132	2354	778
L08313	1	-46,5922900	-23,4849578	1618	0,0618	0,6211	3176	1990	1186
L08423	1	-46,3977921	-23,5358129	1106	0,0904	0,6211	2069	1477	592
L08875	1	-46,6915742	-23,7450075	3614	0,0277	0,6211	6510	4487	2023
L08939	2	-46,7687891	-23,6747016	1964	0,1018	1,2422	3621	2542	1079
L08959	1	-46,7717000	-23,6780060	1598	0,0626	0,6211	2710	2016	694
L09008	1	-46,7530566	-23,5528242	2689	0,0372	0,6211	4923	3222	1701
L09070	1	-46,4466713	-23,6086516	4014	0,0249	0,6211	7074	5208	1866
L09074	1	-46,4538383	-23,5987817	2975	0,0336	0,6211	5013	3755	1258
L09077	1	-46,4645811	-23,6112224	3566	0,028	0,6211	6521	4469	2052
L09079	1	-46,4516620	-23,6049100	1514	0,0661	0,6211	2644	1971	673
L09105	1	-46,6983080	-23,4693623	4632	0,0216	0,6211	8469	5835	2634
L09118	1	-46,6795279	-23,4641832	7883	0,0127	0,6211	15183	10348	4835
L09121	4	-46,6774616	-23,4736278	2374	0,1685	2,4845	4175	3125	1050
L09129	1	-46,6940812	-23,4585925	3967	0,0252	0,6211	6922	5126	1796
L09138	1	-46,6809709	-23,4669256	2642	0,0379	0,6211	4579	3416	1163
L09143	1	-46,7028915	-23,4758818	987	0,1013	0,6211	1579	1208	371
L09697	1	-46,4962588	-23,4990145	1337	0,0748	0,6211	2287	1695	592
L09945	2	-46,4180582	-23,4867289	3677	0,0544	1,2422	6336	4651	1685
L09964	1	-46,4478293	-23,5112363	2288	0,0437	0,6211	3975	3015	960
L09968	6	-46,4469938	-23,5086770	2427	0,2472	3,7267	4394	2952	1442
L09970	1	-46,4560056	-23,5122728	3898	0,0257	0,6211	6534	5016	1518
L10220	1	-46,4161442	-23,5651315	3039	0,0329	0,6211	5389	3972	1417
L10321	2	-46,7373128	-23,6532119	4481	0,0446	1,2422	7802	5537	2265
L10728	1	-46,5798590	-23,4856546	3035	0,0329	0,6211	5717	3858	1859
L10737	1	-46,5819128	-23,4810310	2931	0,0341	0,6211	5742	3793	1949
L10773	3	-46,6378689	-23,4793297	3726	0,0805	1,8634	5957	4473	1484
L10774	2	-46,6386490	-23,4679230	2796	0,0715	1,2422	4464	3356	1108
L10777	1	-46,6334518	-23,4764864	2961	0,0338	0,6211	5466	3552	1914
L10779	3	-46,6398944	-23,4854805	2414	0,1243	1,8634	4899	3028	1871
L10780	5	-46,6459828	-23,4561450	2090	0,2392	3,1056	3524	2632	892
L10781	8	-46,6492631	-23,4694520	4305	0,1858	4,9689	7868	5458	2410
L10782	2	-46,6285532	-23,4710309	2053	0,0974	1,2422	3411	2494	917
L10784	2	-46,6538036	-23,4559206	2010	0,0995	1,2422	3602	2586	1016
L10785	1	-46,6647421	-23,4572438	3367	0,0297	0,6211	6195	4418	1777
L10789	2	-46,6351309	-23,4713832	3445	0,0581	1,2422	6308	4270	2038
L10791	6	-46,6510885	-23,4620515	3736	0,1606	3,7267	6918	4639	2279
L10792	3	-46,6392692	-23,4685393	2749	0,1091	1,8634	4914	3299	1615
L10793	3	-46,6540520	-23,4791841	2694	0,1114	1,8634	4415	3409	1006
L10794	3	-46,6467400	-23,4764270	3174	0,0945	1,8634	5910	4120	1790
L10796	1	-46,6434663	-23,4580215	2754	0,0363	0,6211	4853	3483	1370
L10797	3	-46,6582380	-23,4574276	3510	0,0855	1,8634	6233	4568	1665
L10799	1	-46,6467390	-23,4772016	1155	0,0866	0,6211	1950	1447	503
L10803	1	-46,6313732	-23,4672637	1642	0,0609	0,6211	2751	2004	747
