cod_local	QT_VOTOS	longitude	latitude	LOC_VALID	%_LOC_V	%_CAND	QT_APTOS	QT_COMPARECIMENTO	QT_ABSTENCOES
L00003	2	-46,6455650	-23,5547500	3290	0,0608	0,1392	5696	3792	1904
L00004	1	-46,6511260	-23,5652103	5298	0,0189	0,0696	9838	5921	3917
L00005	2	-46,6603762	-23,5406137	4082	0,049	0,1392	8248	4503	3745
L00006	2	-46,6471893	-23,5496488	4359	0,0459	0,1392	8358	5061	3297
L00010	1	-46,6355899	-23,5623979	2996	0,0334	0,0696	5666	3638	2028
L00016	1	-46,6361305	-23,5497845	2669	0,0375	0,0696	5297	3132	2165
L00022	1	-46,6521240	-23,5458002	10350	0,0097	0,0696	18525	11583	6942
L00030	4	-46,6716846	-23,5278546	4168	0,096	0,2784	8123	4653	3470
L00032	1	-46,6564979	-23,5376940	1668	0,06	0,0696	2471	1844	627
L00033	1	-46,6545420	-23,5418060	2940	0,034	0,0696	4562	3313	1249
L00034	1	-46,6605264	-23,5415277	5254	0,019	0,0696	7993	5767	2226
L00036	1	-46,6671104	-23,5303076	1611	0,0621	0,0696	3037	1845	1192
L00038	1	-46,6844226	-23,5340373	3156	0,0317	0,0696	5271	3545	1726
L00044	2	-46,6566305	-23,5207777	1534	0,1304	0,1392	2722	1815	907
L00046	3	-46,6555734	-23,5283610	2335	0,1285	0,2088	4656	2795	1861
L00048	1	-46,6841353	-23,5370181	2501	0,04	0,0696	3771	2812	959
L00060	4	-46,6711550	-23,5381000	10857	0,0368	0,2784	17946	11853	6093
L00064	1	-46,6278434	-23,5475185	2980	0,0336	0,0696	5641	3584	2057
L00065	1	-46,6385252	-23,5376549	2229	0,0449	0,0696	4267	2744	1523
L00067	5	-46,6107088	-23,5252045	1435	0,3484	0,3479	2765	1755	1010
L00072	2	-46,6208174	-23,5236456	705	0,2837	0,1392	1424	855	569
L00073	3	-46,6217056	-23,5381881	1287	0,2331	0,2088	2708	1593	1115
L00075	1	-46,6325856	-23,5295792	4103	0,0244	0,0696	8045	4955	3090
L00077	2	-46,6228821	-23,5238878	3089	0,0647	0,1392	5985	3756	2229
L00080	16	-46,5869070	-23,5756756	3323	0,4815	1,1134	5823	3854	1969
L00081	5	-46,5848689	-23,5392025	3560	0,1404	0,3479	5984	4200	1784
L00082	3	-46,5746890	-23,5568730	2818	0,1065	0,2088	4581	3379	1202
L00083	3	-46,5997287	-23,5410220	3324	0,0903	0,2088	6501	4011	2490
L00084	13	-46,5895134	-23,5593568	5301	0,2452	0,9047	8807	6387	2420
L00085	11	-46,5978907	-23,5552089	4372	0,2516	0,7655	8050	5269	2781
L00086	9	-46,6000356	-23,5353560	2856	0,3151	0,6263	5171	3468	1703
L00087	11	-46,5842762	-23,5514675	2993	0,3675	0,7655	5617	3662	1955
L00089	4	-46,5902871	-23,5470008	2261	0,1769	0,2784	4286	2820	1466
L00090	2	-46,5652413	-23,5675233	2503	0,0799	0,1392	4461	3203	1258
L00091	10	-46,5964833	-23,5637925	3169	0,3156	0,6959	6188	3786	2402
L00092	12	-46,5828225	-23,5542479	3888	0,3086	0,8351	7164	4714	2450
L00093	7	-46,5813248	-23,5619799	3706	0,1889	0,4871	6970	4489	2481
L00095	2	-46,5726610	-23,5574173	1814	0,1103	0,1392	3331	2227	1104
L00096	2	-46,5697601	-23,5636527	4049	0,0494	0,1392	7290	5070	2220
L00097	1	-46,5595868	-23,5719075	2559	0,0391	0,0696	4560	3187	1373
L00100	2	-46,5637915	-23,5715671	2872	0,0696	0,1392	5130	3619	1511
L00101	11	-46,5902071	-23,5606910	4284	0,2568	0,7655	7988	5172	2816
L00102	10	-46,5979424	-23,5532296	4622	0,2164	0,6959	8563	5548	3015
L00103	3	-46,5812316	-23,5700009	4342	0,0691	0,2088	7905	5265	2640
L00106	6	-46,5939719	-23,5375195	4328	0,1386	0,4175	6924	5149	1775
L00107	1	-46,6116378	-23,5511180	2148	0,0466	0,0696	4565	2585	1980
L00108	9	-46,5976041	-23,5519593	6779	0,1328	0,6263	11883	7994	3889
L00110	1	-46,6602508	-23,5695486	2517	0,0397	0,0696	4741	2759	1982
L00111	2	-46,6590182	-23,5634584	7550	0,0265	0,1392	13488	8273	5215
L00112	1	-46,6747793	-23,5889660	1465	0,0683	0,0696	2322	1627	695
L00118	1	-46,6768341	-23,5885769	2860	0,035	0,0696	5240	3249	1991
L00121	1	-46,6790390	-23,5798975	3855	0,0259	0,0696	7199	4264	2935
L00124	2	-46,6605835	-23,5566944	5697	0,0351	0,1392	10701	6297	4404
L00125	2	-46,6822891	-23,5834680	4924	0,0406	0,1392	9066	5408	3658
L00126	1	-46,6724723	-23,5954720	3916	0,0255	0,0696	6669	4338	2331
L00129	1	-46,6486232	-23,5813704	3537	0,0283	0,0696	5654	3970	1684
L00131	1	-46,6442337	-23,5847251	4116	0,0243	0,0696	7035	4617	2418
L00132	1	-46,6416210	-23,5785510	4598	0,0217	0,0696	7651	5166	2485
L00133	1	-46,6320497	-23,5811282	2750	0,0364	0,0696	4986	3131	1855
L00134	1	-46,6358455	-23,5895447	4856	0,0206	0,0696	8425	5454	2971
L00135	2	-46,6431906	-23,5719338	4487	0,0446	0,1392	7477	5015	2462
L00136	3	-46,6234512	-23,5608329	4167	0,072	0,2088	7421	4897	2524
L00137	1	-46,6125927	-23,5728431	3033	0,033	0,0696	4908	3570	1338
L00142	1	-46,6119113	-23,5742236	2504	0,0399	0,0696	4454	2944	1510
L00143	2	-46,6414511	-23,5858080	2718	0,0736	0,1392	4786	3093	1693
L00144	2	-46,6356180	-23,5786976	2260	0,0885	0,1392	3961	2589	1372
L00146	1	-46,6223857	-23,5681693	2480	0,0403	0,0696	4585	2913	1672
L00147	1	-46,6251868	-23,5770987	3004	0,0333	0,0696	5565	3493	2072
L00148	4	-46,6273889	-23,5872670	4439	0,0901	0,2784	7836	5122	2714
L00149	2	-46,6300092	-23,5766639	1599	0,1251	0,1392	2985	1875	1110
L00150	1	-46,6299014	-23,5758099	4050	0,0247	0,0696	6863	4657	2206
L00153	3	-46,6399206	-23,5899717	4323	0,0694	0,2088	6624	4826	1798
L00154	1	-46,6235069	-23,5745404	4329	0,0231	0,0696	7193	5134	2059
L00156	4	-46,6397771	-23,5727404	4608	0,0868	0,2784	8784	5242	3542
L05530	3	-46,7007739	-23,6497088	5044	0,0595	0,2088	8236	5638	2598
L05531	1	-46,7133162	-23,6344474	2027	0,0493	0,0696	3063	2266	797
L05541	2	-46,7153680	-23,6417200	3773	0,053	0,1392	6610	4390	2220
L05542	1	-46,7071520	-23,6499060	3093	0,0323	0,0696	5733	3640	2093
L05543	1	-46,6875690	-23,6745424	2821	0,0354	0,0696	4627	3474	1153
L05549	1	-46,7057350	-23,6332760	4550	0,022	0,0696	7718	5073	2645
L05550	2	-46,6945706	-23,6304883	5120	0,0391	0,1392	8978	5840	3138
L05551	1	-46,7022860	-23,6510126	4767	0,021	0,0696	8841	5514	3327
L05553	3	-46,4351534	-23,5022679	3506	0,0856	0,2088	6236	4381	1855
L05554	3	-46,4441795	-23,4982353	3546	0,0846	0,2088	6065	4260	1805
L05555	1	-46,4398111	-23,5068607	1270	0,0787	0,0696	2259	1566	693
L05557	1	-46,4452179	-23,4993366	2352	0,0425	0,0696	3986	2897	1089
L05558	3	-46,4234630	-23,5085168	3758	0,0798	0,2088	6529	4735	1794
L05566	1	-46,4352447	-23,5020281	2851	0,0351	0,0696	4735	3521	1214
L05568	1	-46,4300003	-23,4998815	2971	0,0337	0,0696	5227	3654	1573
L05569	1	-46,4407439	-23,4944067	1547	0,0646	0,0696	2737	1890	847
L05570	3	-46,4345329	-23,5094734	3688	0,0813	0,2088	6309	4565	1744
L05576	1	-46,4220218	-23,5011268	1232	0,0812	0,0696	1990	1570	420
L05577	3	-46,4390699	-23,4987794	622	0,4823	0,2088	1101	766	335
L05578	10	-46,4526050	-23,5387875	2564	0,39	0,6959	4882	3187	1695
L05579	4	-46,4415141	-23,5227656	2072	0,1931	0,2784	3867	2846	1021
L05580	4	-46,4367093	-23,5286893	3428	0,1167	0,2784	6257	4314	1943
L05582	5	-46,4362612	-23,5281919	1912	0,2615	0,3479	3481	2438	1043
L05583	6	-46,4325849	-23,5321585	3488	0,172	0,4175	6128	4395	1733
L05584	2	-46,4623208	-23,5289299	3239	0,0617	0,1392	5568	4191	1377
L05585	2	-46,4451845	-23,5472188	2365	0,0846	0,1392	4123	3094	1029
L05586	11	-46,4459252	-23,5256810	2399	0,4585	0,7655	4163	3117	1046
L05587	4	-46,4443497	-23,5387667	3161	0,1265	0,2784	5471	4127	1344
L05589	4	-46,4544868	-23,5471412	2039	0,1962	0,2784	3417	2606	811
L05590	3	-46,4560761	-23,5496358	3285	0,0913	0,2088	6239	4284	1955
L05591	22	-46,4544144	-23,5410443	3621	0,6076	1,531	6839	4640	2199
L05592	36	-46,4528483	-23,5265608	3373	1,0673	2,5052	6254	4448	1806
L05593	1	-46,4528982	-23,5182408	3494	0,0286	0,0696	6309	4695	1614
L05594	2	-46,4618318	-23,5393802	2228	0,0898	0,1392	3850	2859	991
L05595	2	-46,4580805	-23,5512840	2564	0,078	0,1392	4400	3342	1058
L05596	5	-46,4536228	-23,5552304	3671	0,1362	0,3479	6672	4852	1820
L05597	2	-46,4601240	-23,5260232	3143	0,0636	0,1392	5422	4051	1371
L05599	14	-46,4443340	-23,5321000	3793	0,3691	0,9743	6860	4712	2148
L05600	13	-46,4589975	-23,5302914	3067	0,4239	0,9047	5494	3916	1578
L05602	2	-46,4402958	-23,5148095	3394	0,0589	0,1392	6298	4377	1921
L05603	4	-46,4430227	-23,5314831	2610	0,1533	0,2784	4621	3404	1217
L05604	3	-46,4434311	-23,5313295	1136	0,2641	0,2088	1958	1485	473
L05605	3	-46,4587342	-23,5292643	947	0,3168	0,2088	1607	1196	411
L05606	1	-46,4338955	-23,5321290	491	0,2037	0,0696	859	653	206
L05607	1	-46,4470139	-23,5216112	1268	0,0789	0,0696	2275	1708	567
L05608	2	-46,4565300	-23,5399000	1319	0,1516	0,1392	2270	1658	612
L05609	1	-46,4624252	-23,5453895	12	8,3333	0,0696	23	14	9
L05610	78	-46,4554689	-23,5282555	6146	1,2691	5,428	10609	7693	2916
L05611	1	-46,6300964	-23,5033502	2831	0,0353	0,0696	4847	3284	1563
L05612	1	-46,6264879	-23,4763633	1123	0,089	0,0696	2007	1430	577
L05613	3	-46,6310064	-23,5025938	1028	0,2918	0,2088	2041	1205	836
L05616	4	-46,6281182	-23,4912871	3378	0,1184	0,2784	5313	3930	1383
L05617	1	-46,6180480	-23,4923992	3331	0,03	0,0696	5427	3880	1547
L05620	1	-46,6405710	-23,4868210	1451	0,0689	0,0696	2771	1812	959
L05621	6	-46,6332236	-23,4899666	5271	0,1138	0,4175	8744	6129	2615
L05623	2	-46,6405537	-23,5023028	2520	0,0794	0,1392	4590	2978	1612
L05625	1	-46,6261164	-23,4898514	2978	0,0336	0,0696	5488	3556	1932
L05627	1	-46,6249697	-23,5016655	1535	0,0651	0,0696	3087	1826	1261
L05630	1	-46,6433628	-23,5013965	1299	0,077	0,0696	2306	1568	738
L05631	2	-46,6446670	-23,4910726	1627	0,1229	0,1392	3161	2027	1134
L05632	7	-46,6381967	-23,4939821	2961	0,2364	0,4871	5002	3517	1485
L05634	2	-46,6264580	-23,4818440	1908	0,1048	0,1392	3707	2335	1372
L05635	2	-46,6142540	-23,4901233	2048	0,0977	0,1392	3470	2399	1071
L05638	8	-46,6330906	-23,4915684	3666	0,2182	0,5567	6121	4251	1870
L05644	2	-46,7293968	-23,5276493	3559	0,0562	0,1392	5915	4024	1891
L05648	2	-46,7032968	-23,5283085	4170	0,048	0,1392	7531	4847	2684
L05650	3	-46,7098479	-23,5204991	2248	0,1335	0,2088	3855	2539	1316
L05654	2	-46,7056393	-23,5213772	2148	0,0931	0,1392	4003	2538	1465
L05658	1	-46,7052733	-23,5150700	2442	0,041	0,0696	4469	2893	1576
L05692	1	-46,7342495	-23,5279924	4939	0,0202	0,0696	7451	5535	1916
L05693	1	-46,6769917	-23,5570934	4108	0,0243	0,0696	6768	4547	2221
L05697	2	-46,6950038	-23,5603746	3405	0,0587	0,1392	5468	3675	1793
L05708	1	-46,6938161	-23,5563030	2004	0,0499	0,0696	3625	2231	1394
L05709	1	-46,6896173	-23,5508030	2889	0,0346	0,0696	4742	3138	1604
L05712	1	-46,6912249	-23,5538578	1310	0,0763	0,0696	1948	1434	514
L05714	1	-46,6896585	-23,5656255	1173	0,0853	0,0696	1972	1294	678
L05725	1	-46,5417930	-23,5164577	1220	0,082	0,0696	2066	1547	519
L05727	3	-46,5492590	-23,5262720	2649	0,1133	0,2088	4685	3161	1524
L05729	1	-46,5386362	-23,5224127	3595	0,0278	0,0696	7112	4601	2511
L05730	1	-46,5498247	-23,5164939	1446	0,0692	0,0696	2917	1826	1091
L05731	2	-46,5285678	-23,5250739	3128	0,0639	0,1392	5872	3858	2014
L05733	1	-46,5480210	-23,5212900	2116	0,0473	0,0696	4002	2723	1279
L05734	3	-46,5478984	-23,5284411	2172	0,1381	0,2088	4014	2746	1268
L05735	1	-46,4932640	-23,5309670	2238	0,0447	0,0696	4145	2862	1283
L05736	1	-46,5179226	-23,5228086	3663	0,0273	0,0696	6711	4640	2071
L05737	2	-46,4989941	-23,5275262	2079	0,0962	0,1392	3862	2632	1230
L05739	1	-46,4991515	-23,5296706	3000	0,0333	0,0696	5527	3909	1618
L05740	3	-46,5095310	-23,5250203	3929	0,0764	0,2088	7326	4889	2437
L05743	1	-46,5487021	-23,5239078	1983	0,0504	0,0696	3819	2477	1342
L05745	1	-46,5393250	-23,5309129	2457	0,0407	0,0696	4417	3008	1409
L05746	4	-46,5505175	-23,5250578	1516	0,2639	0,2784	2837	1855	982
L05750	9	-46,5686249	-23,5424482	4557	0,1975	0,6263	7587	5295	2292
L05751	3	-46,5757522	-23,5380963	4097	0,0732	0,2088	6495	4845	1650
L05752	3	-46,5494401	-23,5441268	4128	0,0727	0,2088	7403	5019	2384
L05753	5	-46,5571310	-23,5490160	3586	0,1394	0,3479	6008	4212	1796
L05754	8	-46,5702535	-23,5486528	3035	0,2636	0,5567	4571	3526	1045
L05755	1	-46,5179584	-23,5638358	3205	0,0312	0,0696	5295	4046	1249
L05756	1	-46,5564250	-23,5331500	2613	0,0383	0,0696	4568	3155	1413
L05759	1	-46,5311184	-23,5605521	2832	0,0353	0,0696	5109	3500	1609
L05760	2	-46,4984532	-23,5847269	4733	0,0423	0,1392	8851	6109	2742
L05761	4	-46,5547639	-23,5507972	2499	0,1601	0,2784	4611	3030	1581
L05762	1	-46,5116367	-23,5763889	1262	0,0792	0,0696	2597	1618	979
L05763	1	-46,5178296	-23,5802614	2728	0,0367	0,0696	4620	3507	1113
L05768	1	-46,5794166	-23,5383741	2522	0,0397	0,0696	4651	2995	1656
L05771	8	-46,5727024	-23,5507422	2617	0,3057	0,5567	4908	3111	1797
L05773	3	-46,5660691	-23,5558508	2623	0,1144	0,2088	4486	3058	1428
L05775	3	-46,5662223	-23,5472777	2792	0,1074	0,2088	5162	3308	1854
L05776	6	-46,5726461	-23,5512878	2634	0,2278	0,4175	4333	3190	1143
L05778	1	-46,5363195	-23,5540735	2588	0,0386	0,0696	4862	3218	1644
L05781	2	-46,5589094	-23,5412357	2005	0,0998	0,1392	3920	2483	1437
L05782	3	-46,5454070	-23,5485123	1497	0,2004	0,2088	2866	1877	989
L05783	3	-46,5747550	-23,5436990	1751	0,1713	0,2088	2933	2099	834
L05786	1	-46,5327843	-23,5461447	1839	0,0544	0,0696	3271	2275	996
L05790	1	-46,5666544	-23,5322415	751	0,1332	0,0696	1423	890	533
L05793	2	-46,5257140	-23,5554119	2865	0,0698	0,1392	5360	3578	1782
L05794	7	-46,5433831	-23,5503063	4135	0,1693	0,4871	6973	5037	1936
L05795	5	-46,5630428	-23,5455348	2537	0,1971	0,3479	4283	2957	1326
L05796	3	-46,5581932	-23,5503944	4508	0,0665	0,2088	6964	5342	1622
L05797	1	-46,5602785	-23,5363132	5811	0,0172	0,0696	9848	6857	2991
L05800	1	-46,6048519	-23,5043234	2579	0,0388	0,0696	4629	3241	1388
L05801	2	-46,5968739	-23,5084251	2820	0,0709	0,1392	5313	3529	1784
L05804	1	-46,5729009	-23,5009851	2656	0,0377	0,0696	4990	3348	1642
L05805	3	-46,6019251	-23,4930215	3006	0,0998	0,2088	5399	3750	1649
L05807	2	-46,5779360	-23,5053673	3549	0,0564	0,1392	6465	4410	2055
L05809	2	-46,5863582	-23,5062229	1595	0,1254	0,1392	2902	1932	970
L05814	2	-46,6049224	-23,5160697	1794	0,1115	0,1392	3377	2233	1144
L05816	4	-46,5824545	-23,5151915	4574	0,0875	0,2784	8444	5563	2881
L05817	1	-46,6117405	-23,5017844	2739	0,0365	0,0696	5039	3341	1698
L05820	1	-46,5663467	-23,5211065	3363	0,0297	0,0696	6296	4358	1938
L05821	1	-46,5830638	-23,5000382	2451	0,0408	0,0696	4154	2865	1289
L05828	3	-46,6007196	-23,5005481	2697	0,1112	0,2088	4882	3315	1567
L05834	1	-46,5964032	-23,5194682	1589	0,0629	0,0696	2795	1963	832
L05844	2	-46,6552440	-23,4837840	4064	0,0492	0,1392	6975	5136	1839
L05845	1	-46,6748489	-23,4996347	2821	0,0354	0,0696	4345	3361	984
L05847	1	-46,6551176	-23,4983123	3654	0,0274	0,0696	6457	4489	1968
L05848	4	-46,6506305	-23,5026837	3720	0,1075	0,2784	6771	4492	2279
L05849	2	-46,6657859	-23,4885740	3928	0,0509	0,1392	7229	4920	2309
L05851	2	-46,6632938	-23,5087770	4242	0,0471	0,1392	7237	4966	2271
L05854	1	-46,6559225	-23,4706050	3589	0,0279	0,0696	6533	4491	2042
L05855	3	-46,6512743	-23,4915758	3689	0,0813	0,2088	6598	4579	2019
L05856	2	-46,6576980	-23,5105636	3626	0,0552	0,1392	6816	4472	2344
L05857	2	-46,6610100	-23,4937600	3204	0,0624	0,1392	6028	4077	1951
L05860	1	-46,6806536	-23,4985927	2933	0,0341	0,0696	5335	3608	1727
L05863	1	-46,6642085	-23,4767719	3809	0,0263	0,0696	7192	4768	2424
L05864	1	-46,6729030	-23,5109220	2299	0,0435	0,0696	4247	2858	1389
L05866	1	-46,6545707	-23,4916062	2697	0,0371	0,0696	4880	3285	1595
L05867	1	-46,6611936	-23,4979397	2374	0,0421	0,0696	4516	2931	1585
L05872	1	-46,6618430	-23,4656280	2879	0,0347	0,0696	4826	3497	1329
L05873	2	-46,6545485	-23,4716736	1878	0,1065	0,1392	2977	2288	689
L05874	1	-46,6665068	-23,4702189	3203	0,0312	0,0696	5602	3899	1703
L05875	2	-46,6702128	-23,4900049	1711	0,1169	0,1392	3184	2157	1027
L05877	3	-46,6612422	-23,4986956	1596	0,188	0,2088	2824	1983	841
L05885	2	-46,6064554	-23,4772146	3669	0,0545	0,1392	6325	4434	1891
L05889	1	-46,6306396	-23,4568482	2624	0,0381	0,0696	4737	3252	1485
L05891	1	-46,5884421	-23,4440711	2609	0,0383	0,0696	4730	3437	1293
L05892	4	-46,6200080	-23,4826288	3225	0,124	0,2784	5990	3879	2111
L05894	2	-46,6064995	-23,4765109	1719	0,1163	0,1392	2945	2156	789
L05895	1	-46,5968505	-23,4651601	3059	0,0327	0,0696	5869	3863	2006
L05897	1	-46,5851276	-23,4502408	3003	0,0333	0,0696	5429	3962	1467
L05901	2	-46,6114391	-23,4769661	1848	0,1082	0,1392	3409	2201	1208
L05908	1	-46,5774727	-23,4379629	2559	0,0391	0,0696	4721	3325	1396
L05911	1	-46,5953507	-23,4480324	2669	0,0375	0,0696	4700	3478	1222
L05916	1	-46,5772676	-23,4381432	1120	0,0893	0,0696	1985	1453	532
L05919	1	-46,6120305	-23,4757531	1300	0,0769	0,0696	2166	1565	601
L05922	1	-46,5766081	-23,5796376	1138	0,0879	0,0696	1953	1397	556
L05923	3	-46,5785504	-23,5815302	2493	0,1203	0,2088	3882	2983	899
L05925	5	-46,5735437	-23,5894829	2983	0,1676	0,3479	4660	3569	1091
L05926	4	-46,5852470	-23,5802350	4531	0,0883	0,2784	8206	5391	2815
L05927	4	-46,5596293	-23,5771217	1915	0,2089	0,2784	3103	2398	705
L05929	1	-46,5585843	-23,5972769	3198	0,0313	0,0696	6011	4129	1882
L05930	4	-46,5620004	-23,5788819	2521	0,1587	0,2784	4889	3094	1795
L05933	3	-46,5471739	-23,5927268	3403	0,0882	0,2088	6295	4294	2001
L05934	2	-46,5733889	-23,5841252	2885	0,0693	0,1392	5165	3545	1620
L05935	2	-46,5827588	-23,5877885	1764	0,1134	0,1392	3128	2148	980
L05936	4	-46,5703839	-23,5879450	1764	0,2268	0,2784	2906	2096	810
L05939	1	-46,5882111	-23,5851502	2486	0,0402	0,0696	4230	2908	1322
L05940	2	-46,5797671	-23,5725988	1605	0,1246	0,1392	2616	1974	642
L05941	9	-46,5887796	-23,5755336	1948	0,462	0,6263	3574	2324	1250
L05942	1	-46,5766081	-23,5796376	2512	0,0398	0,0696	4766	3082	1684
L05943	2	-46,5480300	-23,5998140	3286	0,0609	0,1392	5695	4099	1596
L05945	1	-46,5663969	-23,5940979	2754	0,0363	0,0696	5100	3435	1665
L05946	3	-46,5642049	-23,5759686	2719	0,1103	0,2088	4371	3343	1028
L05947	2	-46,5795917	-23,5926018	3241	0,0617	0,1392	5895	4000	1895
L05948	1	-46,5542887	-23,6019436	1256	0,0796	0,0696	2152	1652	500
L05949	3	-46,5838544	-23,5814914	2972	0,1009	0,2088	5338	3529	1809
L05954	2	-46,5808524	-23,5927084	2296	0,0871	0,1392	3895	2825	1070
L05955	4	-46,5775910	-23,5732024	1606	0,2491	0,2784	2687	2013	674
L05958	5	-46,5654838	-23,5972434	2924	0,171	0,3479	5305	3683	1622
L05959	7	-46,5810310	-23,5900310	2339	0,2993	0,4871	4164	2855	1309
L05963	3	-46,5786516	-23,5835336	1407	0,2132	0,2088	2348	1677	671
L05964	1	-46,6783620	-23,6167251	2994	0,0334	0,0696	5082	3353	1729
L05966	2	-46,6599239	-23,6127900	4523	0,0442	0,1392	8055	5113	2942
L05968	1	-46,6685076	-23,6131455	3538	0,0283	0,0696	6251	3963	2288
L05973	1	-46,6755086	-23,6206909	2385	0,0419	0,0696	3883	2648	1235
L05974	2	-46,6641427	-23,6002288	6184	0,0323	0,1392	10325	6924	3401
L05979	1	-46,6580933	-23,6013714	3443	0,029	0,0696	5874	3827	2047
L05980	1	-46,6536700	-23,6386552	2086	0,0479	0,0696	3437	2526	911
L05981	1	-46,6812703	-23,6263887	3816	0,0262	0,0696	6833	4360	2473
L05983	1	-46,6510975	-23,6123036	3947	0,0253	0,0696	7274	4497	2777
L05984	1	-46,6639945	-23,6440840	2592	0,0386	0,0696	4500	3040	1460
L05985	1	-46,6850791	-23,6183057	3742	0,0267	0,0696	6558	4258	2300
L05990	2	-46,6927807	-23,6165017	1477	0,1354	0,1392	2368	1722	646
L05995	1	-46,6692023	-23,5986819	4821	0,0207	0,0696	7627	5289	2338
L05996	2	-46,6390563	-23,5354119	3573	0,056	0,1392	6373	4095	2278
L05997	2	-46,6475368	-23,6025329	2704	0,074	0,1392	4279	2988	1291
L06000	4	-46,6362275	-23,5988254	5755	0,0695	0,2784	9671	6446	3225
L06001	1	-46,6367820	-23,6023840	4353	0,023	0,0696	7231	4917	2314
L06005	1	-46,6362090	-23,6170540	2367	0,0422	0,0696	3816	2777	1039
L06007	2	-46,6165982	-23,6041985	3954	0,0506	0,1392	7269	4693	2576
L06010	1	-46,6214969	-23,5987034	3306	0,0302	0,0696	5715	3957	1758
L06012	1	-46,6319660	-23,6059990	2471	0,0405	0,0696	4092	2850	1242
L06013	1	-46,6344010	-23,5954544	2340	0,0427	0,0696	4149	2692	1457
L06015	1	-46,6448925	-23,6100010	2447	0,0409	0,0696	4269	2836	1433
L06019	1	-46,6449004	-23,6103211	2557	0,0391	0,0696	4643	2988	1655
L06021	1	-46,6335779	-23,6059257	1306	0,0766	0,0696	1946	1490	456
L06023	1	-46,6389150	-23,6157370	2881	0,0347	0,0696	4965	3266	1699
L06025	1	-46,6389693	-23,6190507	3888	0,0257	0,0696	6569	4406	2163
L06026	3	-46,6383254	-23,5955707	3315	0,0905	0,2088	5603	3692	1911
L06027	6	-46,6300558	-23,5928665	2573	0,2332	0,4175	4339	2922	1417
L06037	1	-46,6027120	-23,6151290	1762	0,0568	0,0696	3240	2071	1169
L06038	2	-46,6043324	-23,5881805	4423	0,0452	0,1392	7818	5323	2495
L06041	1	-46,6051622	-23,5751923	2652	0,0377	0,0696	4753	3194	1559
L06043	2	-46,5939912	-23,6283792	2004	0,0998	0,1392	3754	2526	1228
L06047	1	-46,5866191	-23,6277500	3027	0,033	0,0696	5754	3872	1882
L06056	1	-46,6019600	-23,5909040	5133	0,0195	0,0696	9867	6305	3562
L06057	1	-46,6013725	-23,6127005	1501	0,0666	0,0696	2879	1866	1013
L06067	2	-46,6098374	-23,5932998	5055	0,0396	0,1392	8453	5954	2499
L06672	1	-46,7004276	-23,7112720	3395	0,0295	0,0696	6059	4083	1976
L06684	1	-46,6863422	-23,7040675	2925	0,0342	0,0696	5005	3592	1413
L06689	1	-46,7031746	-23,6922472	2879	0,0347	0,0696	4842	3413	1429
L07573	1	-46,6398751	-23,6453386	2341	0,0427	0,0696	3752	2782	970
L07575	1	-46,6365200	-23,6320743	4017	0,0249	0,0696	7103	4799	2304
L07579	1	-46,6444998	-23,6334867	4067	0,0246	0,0696	7242	4778	2464
L07661	2	-46,7108413	-23,4971928	1645	0,1216	0,1392	2799	2020	779
L07666	1	-46,7187075	-23,4795423	4684	0,0213	0,0696	9004	6008	2996
L07667	1	-46,7261678	-23,4829058	2616	0,0382	0,0696	4926	3233	1693
L07671	1	-46,7225558	-23,4963064	2986	0,0335	0,0696	5033	3579	1454
L07672	1	-46,7132794	-23,5018341	2276	0,0439	0,0696	4138	2805	1333
L07674	1	-46,7340887	-23,4861415	1145	0,0873	0,0696	1962	1407	555
L07678	1	-46,7265335	-23,4891389	1972	0,0507	0,0696	3537	2347	1190
L07681	1	-46,7278522	-23,4974960	3589	0,0279	0,0696	6232	4432	1800
L07688	4	-46,4915180	-23,5074055	1641	0,2438	0,2784	3150	2085	1065
L07689	5	-46,4919582	-23,5063549	2108	0,2372	0,3479	3605	2714	891
L07690	2	-46,4825992	-23,5059494	1295	0,1544	0,1392	2134	1637	497
L07703	1	-46,4731818	-23,5027056	2186	0,0457	0,0696	3519	2750	769
L07708	1	-46,4849725	-23,5032693	2712	0,0369	0,0696	5219	3402	1817
L07720	2	-46,6906776	-23,4886152	2477	0,0807	0,1392	4263	2952	1311
L07721	1	-46,7021950	-23,4842550	3320	0,0301	0,0696	6150	4149	2001
L07726	1	-46,6978976	-23,4998743	2271	0,044	0,0696	4256	2757	1499
L07729	2	-46,7028160	-23,4979150	3736	0,0535	0,1392	6670	4600	2070
L07732	1	-46,6916354	-23,4865099	2408	0,0415	0,0696	4588	2950	1638
L07737	1	-46,6860439	-23,4985664	2566	0,039	0,0696	4751	3195	1556
L07739	1	-46,7128806	-23,4857983	3106	0,0322	0,0696	5261	3930	1331
L07759	1	-46,7708253	-23,6346601	2609	0,0383	0,0696	4845	3309	1536
L07770	1	-46,7542153	-23,6198219	4129	0,0242	0,0696	7176	5149	2027
L08189	1	-46,7439953	-23,5966397	2735	0,0366	0,0696	4371	3211	1160
L08192	3	-46,7464051	-23,5966465	1686	0,1779	0,2088	2775	2051	724
L08195	1	-46,7277361	-23,6045363	3437	0,0291	0,0696	5923	4007	1916
L08204	4	-46,7468132	-23,6034358	3032	0,1319	0,2784	5249	3566	1683
L08216	3	-46,7591668	-23,5940175	1177	0,2549	0,2088	1961	1510	451
L08223	1	-46,5031002	-23,5704138	1840	0,0543	0,0696	3025	2358	667
L08225	2	-46,5100191	-23,5446064	4128	0,0484	0,1392	7026	5147	1879
L08227	1	-46,5050519	-23,5458928	1879	0,0532	0,0696	3494	2368	1126
L08229	2	-46,4982241	-23,5504038	2927	0,0683	0,1392	5051	3739	1312
L08230	1	-46,5221139	-23,5406331	2745	0,0364	0,0696	5219	3471	1748
L08234	1	-46,5317956	-23,5421192	3038	0,0329	0,0696	5442	3818	1624
L08235	1	-46,4958682	-23,5663286	2328	0,043	0,0696	4095	3031	1064
L08237	1	-46,5212577	-23,5434956	2878	0,0347	0,0696	5496	3656	1840
L08239	1	-46,5141185	-23,5517464	2105	0,0475	0,0696	3730	2686	1044
L08242	3	-46,5020045	-23,5414163	2155	0,1392	0,2088	4183	2801	1382
L08243	1	-46,5065643	-23,5285802	1947	0,0514	0,0696	3332	2479	853
L08245	1	-46,4984607	-23,5625811	3684	0,0271	0,0696	6646	4873	1773
L08247	1	-46,4906529	-23,5403308	4098	0,0244	0,0696	7785	5311	2474
L08256	2	-46,5191281	-23,5450183	2851	0,0702	0,1392	5189	3512	1677
L08260	2	-46,5041450	-23,5368140	2070	0,0966	0,1392	3558	2654	904
L08261	2	-46,5328060	-23,5351986	2423	0,0825	0,1392	4244	2978	1266
L08262	3	-46,5005028	-23,5350092	2427	0,1236	0,2088	4145	3117	1028
L08265	2	-46,5251630	-23,5338233	5108	0,0392	0,1392	9329	6208	3121
L08266	2	-46,5492719	-23,5643080	3744	0,0534	0,1392	6474	4613	1861
L08267	1	-46,5464060	-23,5700350	1922	0,052	0,0696	3132	2354	778
L08269	1	-46,5456990	-23,5729610	1641	0,0609	0,0696	2921	2045	876
L08271	1	-46,5489169	-23,5706004	2230	0,0448	0,0696	4306	2779	1527
L08272	3	-46,5288323	-23,5727122	2238	0,134	0,2088	4229	2897	1332
L08276	1	-46,5458952	-23,5550134	2003	0,0499	0,0696	3017	2414	603
L08279	1	-46,5397986	-23,5751068	3183	0,0314	0,0696	5939	4067	1872
L08280	3	-46,5272729	-23,5842759	3215	0,0933	0,2088	5879	4206	1673
L08281	2	-46,5410608	-23,5606823	3255	0,0614	0,1392	5649	4123	1526
L08283	1	-46,5276225	-23,5710305	2727	0,0367	0,0696	5111	3464	1647
L08284	1	-46,5527913	-23,5614550	3182	0,0314	0,0696	5966	3914	2052
L08285	1	-46,5421019	-23,5584414	1912	0,0523	0,0696	3129	2348	781
L08287	1	-46,5495140	-23,5691620	649	0,1541	0,0696	1068	790	278
L08290	1	-46,5242645	-23,5744660	1705	0,0587	0,0696	2898	2194	704
L08292	1	-46,5847312	-23,4571192	1974	0,0507	0,0696	3768	2560	1208
L08295	1	-46,5903643	-23,4794354	1163	0,086	0,0696	1836	1454	382
L08296	2	-46,5867358	-23,4804731	3045	0,0657	0,1392	5362	3770	1592
L08302	2	-46,5835571	-23,4654238	2768	0,0723	0,1392	5668	3556	2112
L08314	1	-46,6000523	-23,4896398	3153	0,0317	0,0696	5703	3872	1831
L08321	2	-46,6023221	-23,4823452	4184	0,0478	0,1392	7555	5096	2459
L08325	2	-46,5316668	-23,6073717	2872	0,0696	0,1392	5114	3787	1327
L08327	1	-46,5339774	-23,5909237	3590	0,0279	0,0696	6889	4568	2321
L08332	1	-46,5276317	-23,6081073	3269	0,0306	0,0696	5625	4153	1472
L08335	1	-46,5288900	-23,6093393	3208	0,0312	0,0696	5889	4085	1804
L08337	1	-46,5124860	-23,5891800	2899	0,0345	0,0696	5040	3740	1300
L08339	1	-46,5170364	-23,6013813	1959	0,051	0,0696	3455	2476	979
L08349	1	-46,5265229	-23,5911881	1522	0,0657	0,0696	2691	1958	733
L08350	1	-46,5387495	-23,5924958	2138	0,0468	0,0696	3548	2664	884
L08352	1	-46,6695961	-23,6608635	1635	0,0612	0,0696	2532	1947	585
L08353	1	-46,6568120	-23,6724366	2485	0,0402	0,0696	4291	3131	1160
L08354	2	-46,6718510	-23,6480180	3606	0,0555	0,1392	5953	4267	1686
L08356	1	-46,6748209	-23,6629694	2548	0,0392	0,0696	4677	3256	1421
L08370	1	-46,6619825	-23,6713695	2545	0,0393	0,0696	4510	3118	1392
L08375	1	-46,6386530	-23,6906350	1750	0,0571	0,0696	3291	2401	890
L08380	2	-46,3955110	-23,5079850	4070	0,0491	0,1392	7143	5356	1787
L08381	2	-46,3943443	-23,5046166	3160	0,0633	0,1392	5695	4002	1693
L08382	3	-46,3763198	-23,4939856	3628	0,0827	0,2088	6476	4624	1852
L08385	1	-46,3767415	-23,5064594	1891	0,0529	0,0696	3406	2573	833
L08387	1	-46,3754478	-23,4964448	3203	0,0312	0,0696	5688	4215	1473
L08396	1	-46,3830556	-23,4914097	2865	0,0349	0,0696	5005	3783	1222
L08405	5	-46,3718376	-23,5014239	2671	0,1872	0,3479	4809	3768	1041
L08409	1	-46,4020530	-23,4932319	3373	0,0296	0,0696	6356	4333	2023
L08412	1	-46,3926599	-23,5078228	2908	0,0344	0,0696	5104	3773	1331
L08414	2	-46,3950439	-23,4989421	2828	0,0707	0,1392	5125	3485	1640
L08416	1	-46,3888850	-23,4978960	1488	0,0672	0,0696	2526	1944	582
L08421	1	-46,3873807	-23,5128291	521	0,1919	0,0696	935	707	228
L08426	1	-46,4008912	-23,5381934	3356	0,0298	0,0696	6116	4546	1570
L08427	2	-46,4213722	-23,5297891	4764	0,042	0,1392	7765	5959	1806
L08428	1	-46,3882687	-23,5454378	2086	0,0479	0,0696	3720	2817	903
L08430	1	-46,4157806	-23,5492070	1808	0,0553	0,0696	3393	2325	1068
L08432	2	-46,4189254	-23,5384808	3214	0,0622	0,1392	5635	4179	1456
L08433	1	-46,4064807	-23,5311067	739	0,1353	0,0696	548	394	154
L08441	1	-46,3973726	-23,5355326	2439	0,041	0,0696	4306	3101	1205
L08444	1	-46,3977921	-23,5358129	2757	0,0363	0,0696	5165	3761	1404
L08445	2	-46,4037610	-23,5596980	3457	0,0579	0,1392	2665	1848	817
L08450	2	-46,4075993	-23,5541832	3404	0,0588	0,1392	5663	4220	1443
L08452	1	-46,4116268	-23,5278328	3591	0,0278	0,0696	6073	4598	1475
L08454	1	-46,4066295	-23,5366390	2713	0,0369	0,0696	4822	3590	1232
L08461	1	-46,4228459	-23,5390975	2171	0,0461	0,0696	3128	2231	897
L08462	1	-46,4037610	-23,5596980	1122	0,0891	0,0696	954	745	209
L08924	1	-46,7528366	-23,6745244	3179	0,0315	0,0696	5308	3981	1327
L08927	1	-46,7602288	-23,6921984	3141	0,0318	0,0696	5143	3919	1224
L08970	1	-46,7496719	-23,5825103	2692	0,0371	0,0696	4652	3312	1340
L08973	1	-46,7736965	-23,5753008	3789	0,0264	0,0696	5984	4683	1301
L08974	1	-46,7460154	-23,5642656	2683	0,0373	0,0696	4513	3262	1251
L08975	1	-46,7386988	-23,5779575	1738	0,0575	0,0696	2783	2052	731
L08982	2	-46,7512554	-23,5452190	2973	0,0673	0,1392	5291	3603	1688
L08990	1	-46,7660251	-23,5891918	3308	0,0302	0,0696	5815	4319	1496
L08999	1	-46,7748594	-23,5743052	2796	0,0358	0,0696	5077	3810	1267
L09004	1	-46,7583340	-23,5575440	3682	0,0272	0,0696	5975	4245	1730
L09027	1	-46,7228401	-23,5715849	2029	0,0493	0,0696	3117	2297	820
L09034	1	-46,7138143	-23,5687160	6650	0,015	0,0696	11871	7672	4199
L09043	1	-46,4541133	-23,6084711	2305	0,0434	0,0696	4116	3063	1053
L09060	2	-46,4915612	-23,5952026	2836	0,0705	0,1392	5085	3699	1386
L09062	2	-46,4892324	-23,6122890	2777	0,072	0,1392	5135	3576	1559
L09065	1	-46,4573138	-23,6173317	3507	0,0285	0,0696	6005	4481	1524
L09074	2	-46,4538383	-23,5987817	2975	0,0672	0,1392	5013	3755	1258
L09075	1	-46,4854339	-23,6126187	1607	0,0622	0,0696	2865	2088	777
L09080	1	-46,4532396	-23,6020534	2820	0,0355	0,0696	4742	3542	1200
L09085	3	-46,4719716	-23,6057020	3309	0,0907	0,2088	6370	4187	2183
L09093	1	-46,6891450	-23,4480420	1559	0,0641	0,0696	2715	1914	801
L09096	2	-46,6919830	-23,4800350	2740	0,073	0,1392	4783	3354	1429
L09097	1	-46,6833436	-23,4716951	3420	0,0292	0,0696	6292	4301	1991
L09102	1	-46,6877814	-23,4600022	3235	0,0309	0,0696	5834	4249	1585
L09109	2	-46,7072163	-23,4599973	3074	0,0651	0,1392	5299	3983	1316
L09111	1	-46,6780978	-23,4504874	2994	0,0334	0,0696	5456	3938	1518
L09116	2	-46,6837802	-23,4832228	2960	0,0676	0,1392	5049	3734	1315
L09118	1	-46,6795279	-23,4641832	7883	0,0127	0,0696	15183	10348	4835
L09119	1	-46,6862656	-23,4703417	2113	0,0473	0,0696	4014	2752	1262
L09124	1	-46,6736651	-23,4709745	2675	0,0374	0,0696	4617	3454	1163
L09129	10	-46,6940812	-23,4585925	3967	0,2521	0,6959	6922	5126	1796
L09135	1	-46,6875898	-23,4827743	3242	0,0308	0,0696	6012	4001	2011
L09137	2	-46,6974031	-23,4623180	3119	0,0641	0,1392	5897	3958	1939
L09146	2	-46,6902385	-23,4621836	572	0,3497	0,1392	1001	722	279
L09347	1	-46,7059302	-23,7403363	3101	0,0322	0,0696	5690	3864	1826
L09373	1	-46,7126190	-23,8613850	4278	0,0234	0,0696	6351	5045	1306
L09661	1	-46,7122032	-23,4487517	1353	0,0739	0,0696	2268	1720	548
L09671	1	-46,7508213	-23,4136565	4987	0,0201	0,0696	8189	6303	1886
L09673	1	-46,7384315	-23,4028665	2893	0,0346	0,0696	5072	3732	1340
L09679	1	-46,7290271	-23,4281151	2096	0,0477	0,0696	3630	2766	864
L09700	1	-46,4949911	-23,5049464	2959	0,0338	0,0696	5656	3767	1889
L09704	1	-46,5346956	-23,5090208	3162	0,0316	0,0696	6202	4010	2192
L09705	2	-46,4976882	-23,4974521	2912	0,0687	0,1392	5100	3739	1361
L09708	1	-46,5011972	-23,4910374	3598	0,0278	0,0696	5673	4513	1160
L09709	1	-46,5011218	-23,4970068	2480	0,0403	0,0696	4098	3151	947
L09715	1	-46,5417660	-23,5078996	2268	0,0441	0,0696	4139	2897	1242
L09716	3	-46,5307769	-23,5112782	2975	0,1008	0,2088	5262	3745	1517
L09717	2	-46,4987106	-23,5049643	2292	0,0873	0,1392	3848	2901	947
L09718	1	-46,5280832	-23,5051057	531	0,1883	0,0696	1009	704	305
L09719	1	-46,5199592	-23,4989882	906	0,1104	0,0696	1573	1175	398
L09754	2	-46,4761598	-23,5359998	2662	0,0751	0,1392	4728	3332	1396
L09755	1	-46,4808207	-23,5172670	2520	0,0397	0,0696	4399	3291	1108
L09756	1	-46,5035712	-23,5158497	3180	0,0314	0,0696	5593	4105	1488
L09762	1	-46,4813689	-23,5374258	3181	0,0314	0,0696	5713	4094	1619
L09764	6	-46,4678340	-23,5355610	3575	0,1678	0,4175	6685	4497	2188
L09768	1	-46,4792021	-23,5282349	2012	0,0497	0,0696	3434	2685	749
L09777	2	-46,4780882	-23,5104731	680	0,2941	0,1392	1097	867	230
L09781	1	-46,5043724	-23,5151956	911	0,1098	0,0696	1510	1166	344
L09783	1	-46,4752420	-23,5235190	4447	0,0225	0,0696	7421	5633	1788
L09923	3	-46,4212855	-23,4882306	1531	0,196	0,2088	2520	1972	548
L09924	1	-46,4044363	-23,5213143	2034	0,0492	0,0696	3716	2844	872
L09925	1	-46,4289892	-23,4865951	4098	0,0244	0,0696	7255	5323	1932
L09926	1	-46,4100903	-23,4872826	3946	0,0253	0,0696	6777	5183	1594
L09928	1	-46,4200714	-23,4802190	3350	0,0299	0,0696	5654	4131	1523
L09929	1	-46,4136703	-23,4837091	3959	0,0253	0,0696	6588	5137	1451
L09932	1	-46,4170900	-23,5033830	2547	0,0393	0,0696	4564	3380	1184
L09933	2	-46,4324856	-23,4898223	2690	0,0743	0,1392	4807	3562	1245
L09934	1	-46,4079760	-23,4926871	4280	0,0234	0,0696	7364	5388	1976
L09935	4	-46,4135985	-23,4998743	4252	0,0941	0,2784	7458	5385	2073
L09942	1	-46,4066823	-23,5098630	3334	0,03	0,0696	5872	4480	1392
L09943	1	-46,4100104	-23,4972377	3575	0,028	0,0696	6284	4540	1744
L09944	1	-46,4089885	-23,5099210	2792	0,0358	0,0696	4837	3753	1084
L09954	2	-46,4581061	-23,4953823	1804	0,1109	0,1392	3147	2304	843
L09959	2	-46,4626811	-23,5121755	2874	0,0696	0,1392	5221	3497	1724
L09967	1	-46,4485753	-23,5009963	2271	0,044	0,0696	3893	2812	1081
L09969	1	-46,4652162	-23,5011465	2204	0,0454	0,0696	3832	2745	1087
L09971	1	-46,4610139	-23,4967947	2718	0,0368	0,0696	4758	3458	1300
L09973	3	-46,4696520	-23,5041190	2277	0,1318	0,2088	3842	2928	914
L09974	1	-46,4458454	-23,5101744	1031	0,097	0,0696	1684	1326	358
L09979	1	-46,4533158	-23,4993370	3973	0,0252	0,0696	6808	4929	1879
L10135	1	-46,7502212	-23,4398778	2289	0,0437	0,0696	3989	2990	999
L10138	1	-46,7498728	-23,4458752	1878	0,0532	0,0696	3193	2426	767
L10147	1	-46,7433597	-23,4559128	2088	0,0479	0,0696	3915	2589	1326
L10156	1	-46,7461969	-23,4530448	960	0,1042	0,0696	1618	1224	394
L10157	1	-46,4337506	-23,6070194	2460	0,0407	0,0696	4455	3157	1298
L10159	1	-46,3986638	-23,5652267	1792	0,0558	0,0696	2935	2258	677
L10161	1	-46,4041961	-23,5809663	1876	0,0533	0,0696	3205	2396	809
L10165	1	-46,4019720	-23,5932929	1404	0,0712	0,0696	2421	1822	599
L10166	6	-46,4073307	-23,5666032	3346	0,1793	0,4175	5875	4258	1617
L10180	2	-46,4062685	-23,5831792	1633	0,1225	0,1392	2765	2101	664
L10184	1	-46,3942223	-23,5789990	3555	0,0281	0,0696	6001	4511	1490
L10194	1	-46,3915721	-23,5870657	3661	0,0273	0,0696	5997	4550	1447
L10197	1	-46,3997870	-23,5705358	1901	0,0526	0,0696	3155	2448	707
L10198	1	-46,4014360	-23,5912442	4177	0,0239	0,0696	6889	5203	1686
L10202	1	-46,4258475	-23,5516624	1476	0,0678	0,0696	2694	1997	697
L10203	2	-46,4258537	-23,5660747	3386	0,0591	0,1392	6124	4511	1613
L10204	1	-46,4437362	-23,5536130	3367	0,0297	0,0696	5872	4414	1458
L10206	2	-46,4374003	-23,5499344	2591	0,0772	0,1392	4412	3400	1012
L10207	1	-46,4402616	-23,5431917	2833	0,0353	0,0696	4781	3684	1097
L10208	2	-46,4337487	-23,5491681	3521	0,0568	0,1392	6483	4451	2032
L10209	1	-46,4412380	-23,5517239	2465	0,0406	0,0696	4185	3101	1084
L10210	10	-46,4355290	-23,5413160	4313	0,2319	0,6959	7351	5434	1917
L10211	2	-46,4410384	-23,5384069	4053	0,0493	0,1392	7309	5151	2158
L10212	3	-46,4277510	-23,5498460	3585	0,0837	0,2088	6336	4627	1709
L10213	5	-46,4350193	-23,5546910	4684	0,1067	0,3479	8573	6058	2515
L10216	5	-46,4285496	-23,5394983	3748	0,1334	0,3479	6636	4916	1720
L10219	1	-46,4216949	-23,5880443	2893	0,0346	0,0696	4936	3772	1164
L10220	1	-46,4161442	-23,5651315	3039	0,0329	0,0696	5389	3972	1417
L10222	1	-46,4387810	-23,5470846	1896	0,0527	0,0696	3138	2443	695
L10313	4	-46,7409855	-23,6288859	4572	0,0875	0,2784	7434	5319	2115
L10320	2	-46,7456339	-23,6149639	1637	0,1222	0,1392	2637	1931	706
L10326	1	-46,7816360	-23,7154750	1072	0,0933	0,0696	1844	1339	505
L10327	1	-46,7463527	-23,6415609	1596	0,0627	0,0696	2789	2043	746
L10342	2	-46,7280051	-23,6215451	3199	0,0625	0,1392	5761	3985	1776
L10493	1	-46,6004969	-23,6242367	3658	0,0273	0,0696	6286	4333	1953
L10497	2	-46,6090050	-23,6525822	4417	0,0453	0,1392	7225	5438	1787
L10501	2	-46,6131234	-23,6336255	3411	0,0586	0,1392	6193	4182	2011
L10502	1	-46,6166660	-23,6283520	2618	0,0382	0,0696	4677	3342	1335
L10516	1	-46,6134748	-23,6571470	3833	0,0261	0,0696	5910	4608	1302
L10611	15	-46,4696904	-23,5681129	5770	0,26	1,0438	11060	7441	3619
L10612	1	-46,4871909	-23,5625475	3428	0,0292	0,0696	5997	4558	1439
L10613	1	-46,4813947	-23,5513733	2971	0,0337	0,0696	4901	3803	1098
L10614	2	-46,4765220	-23,5538502	1616	0,1238	0,1392	2992	2135	857
L10615	1	-46,4563702	-23,5747489	3354	0,0298	0,0696	5745	4207	1538
L10616	1	-46,4850436	-23,5755403	2607	0,0384	0,0696	4518	3409	1109
L10617	5	-46,4705701	-23,5650788	2486	0,2011	0,3479	4479	3304	1175
L10618	1	-46,4876555	-23,5528722	3863	0,0259	0,0696	7214	4790	2424
L10620	2	-46,4864496	-23,5496384	3089	0,0647	0,1392	5680	3970	1710
L10621	4	-46,4798018	-23,5438419	3988	0,1003	0,2784	7410	5062	2348
L10622	2	-46,4616617	-23,5574890	4046	0,0494	0,1392	7280	5166	2114
L10623	1	-46,4610673	-23,5638539	2685	0,0372	0,0696	4646	3537	1109
L10624	1	-46,4474483	-23,5693701	1987	0,0503	0,0696	3374	2526	848
L10627	3	-46,4652985	-23,5546299	3666	0,0818	0,2088	6843	4619	2224
L10628	5	-46,4787958	-23,5757265	2501	0,1999	0,3479	4279	3187	1092
L10629	2	-46,4814410	-23,5690400	3111	0,0643	0,1392	5332	4086	1246
L10630	1	-46,4606590	-23,5643471	657	0,1522	0,0696	1114	874	240
L10631	1	-46,4748034	-23,5576482	753	0,1328	0,0696	1240	968	272
L10633	3	-46,4580781	-23,5527746	2129	0,1409	0,2088	3815	2839	976
L10641	1	-46,6436362	-23,7008286	3775	0,0265	0,0696	6742	4811	1931
L10646	1	-46,6646874	-23,6848562	3387	0,0295	0,0696	6111	4324	1787
L10647	1	-46,6809971	-23,6837327	3113	0,0321	0,0696	5197	3757	1440
L10651	2	-46,6505536	-23,7001667	3622	0,0552	0,1392	6325	4590	1735
L10655	1	-46,6834503	-23,6829378	2922	0,0342	0,0696	5153	3581	1572
L10713	1	-46,5785229	-23,4851103	1775	0,0563	0,0696	3031	2287	744
L10714	1	-46,5844229	-23,4895089	469	0,2132	0,0696	774	594	180
L10715	1	-46,5738210	-23,4767120	1723	0,058	0,0696	3005	2230	775
L10719	2	-46,5812144	-23,4890395	2814	0,0711	0,1392	4897	3512	1385
L10722	2	-46,5624088	-23,4783293	2298	0,087	0,1392	4490	2893	1597
L10723	1	-46,5874208	-23,4972108	3391	0,0295	0,0696	6308	4248	2060
L10725	3	-46,5743549	-23,4975157	1855	0,1617	0,2088	3076	2333	743
L10728	5	-46,5798590	-23,4856546	3035	0,1647	0,3479	5717	3858	1859
L10733	1	-46,5670163	-23,4806621	504	0,1984	0,0696	877	667	210
L10737	1	-46,5819128	-23,4810310	2931	0,0341	0,0696	5742	3793	1949
L10744	2	-46,5101702	-23,6058819	5877	0,034	0,1392	10885	7744	3141
L10751	1	-46,5061790	-23,6170608	3511	0,0285	0,0696	6321	4673	1648
L10757	1	-46,5082245	-23,6128851	3263	0,0306	0,0696	5872	4151	1721
L10766	2	-46,4983849	-23,5987055	3171	0,0631	0,1392	5783	4036	1747
L10770	18	-46,6497888	-23,4836075	744	2,4194	1,2526	1223	930	293
L10771	5	-46,6343175	-23,4756514	2471	0,2023	0,3479	3986	2974	1012
L10772	4	-46,6412490	-23,4854900	1860	0,2151	0,2784	2866	2221	645
L10773	7	-46,6378689	-23,4793297	3726	0,1879	0,4871	5957	4473	1484
L10774	6	-46,6386490	-23,4679230	2796	0,2146	0,4175	4464	3356	1108
L10777	3	-46,6334518	-23,4764864	2961	0,1013	0,2088	5466	3552	1914
L10778	1	-46,6714017	-23,4574567	4417	0,0226	0,0696	7852	5784	2068
L10779	4	-46,6398944	-23,4854805	2414	0,1657	0,2784	4899	3028	1871
L10780	1	-46,6459828	-23,4561450	2090	0,0478	0,0696	3524	2632	892
L10782	5	-46,6285532	-23,4710309	2053	0,2435	0,3479	3411	2494	917
L10783	1	-46,6504436	-23,4737052	1529	0,0654	0,0696	2559	1936	623
L10785	1	-46,6647421	-23,4572438	3367	0,0297	0,0696	6195	4418	1777
L10786	3	-46,6509458	-23,4833087	1389	0,216	0,2088	2199	1761	438
L10788	3	-46,6521748	-23,4881391	2843	0,1055	0,2088	5381	3583	1798
L10789	6	-46,6351309	-23,4713832	3445	0,1742	0,4175	6308	4270	2038
L10792	2	-46,6392692	-23,4685393	2749	0,0728	0,1392	4914	3299	1615
L10793	4	-46,6540520	-23,4791841	2694	0,1485	0,2784	4415	3409	1006
L10794	3	-46,6467400	-23,4764270	3174	0,0945	0,2088	5910	4120	1790
L10796	1	-46,6434663	-23,4580215	2754	0,0363	0,0696	4853	3483	1370
L10798	2	-46,6350691	-23,4720027	1005	0,199	0,1392	1587	1213	374
L10799	1	-46,6467390	-23,4772016	1155	0,0866	0,0696	1950	1447	503
L10801	1	-46,6641570	-23,4607210	1547	0,0646	0,0696	2618	2063	555
L10802	5	-46,6456752	-23,4760563	951	0,5258	0,3479	1582	1196	386
L10803	1	-46,6313732	-23,4672637	1642	0,0609	0,0696	2751	2004	747
