cod_local	QT_VOTOS	longitude	latitude	LOC_VALID	%_LOC_V	%_CAND	QT_APTOS	QT_COMPARECIMENTO	QT_ABSTENCOES
L00003	2	-46,6455650	-23,5547500	3290	0,0608	0,0693	5696	3792	1904
L00004	6	-46,6511260	-23,5652103	5298	0,1133	0,208	9838	5921	3917
L00005	1	-46,6603762	-23,5406137	4082	0,0245	0,0347	8248	4503	3745
L00007	2	-46,6432717	-23,5529543	1958	0,1021	0,0693	3791	2317	1474
L00008	3	-46,6464095	-23,5560819	3643	0,0823	0,104	6983	4278	2705
L00009	1	-46,6401698	-23,5538581	823	0,1215	0,0347	1409	943	466
L00010	1	-46,6355899	-23,5623979	2996	0,0334	0,0347	5666	3638	2028
L00011	1	-46,6535747	-23,5498948	3808	0,0263	0,0347	7072	4407	2665
L00013	1	-46,6421456	-23,5572933	2899	0,0345	0,0347	5416	3426	1990
L00014	2	-46,6289218	-23,5548030	2700	0,0741	0,0693	5182	3459	1723
L00015	1	-46,6368132	-23,5574886	3591	0,0278	0,0347	7151	4273	2878
L00016	1	-46,6361305	-23,5497845	2669	0,0375	0,0347	5297	3132	2165
L00018	8	-46,6419109	-23,5592168	3389	0,2361	0,2773	7001	3906	3095
L00019	4	-46,6376429	-23,5607300	2664	0,1502	0,1386	5259	3125	2134
L00020	2	-46,6376429	-23,5607300	2293	0,0872	0,0693	5052	2698	2354
L00021	5	-46,6419109	-23,5592168	3437	0,1455	0,1733	6548	4013	2535
L00022	3	-46,6521240	-23,5458002	10350	0,029	0,104	18525	11583	6942
L00023	1	-46,6498912	-23,5493645	2834	0,0353	0,0347	4909	3201	1708
L00024	1	-46,6497533	-23,5485991	1896	0,0527	0,0347	3234	2130	1104
L00026	1	-46,6351446	-23,5631017	1170	0,0855	0,0347	2088	1410	678
L00027	2	-46,6368084	-23,5498480	2635	0,0759	0,0693	5430	3072	2358
L00030	1	-46,6716846	-23,5278546	4168	0,024	0,0347	8123	4653	3470
L00031	2	-46,6872489	-23,5323018	3785	0,0528	0,0693	5622	4272	1350
L00032	2	-46,6564979	-23,5376940	1668	0,1199	0,0693	2471	1844	627
L00033	2	-46,6545420	-23,5418060	2940	0,068	0,0693	4562	3313	1249
L00034	3	-46,6605264	-23,5415277	5254	0,0571	0,104	7993	5767	2226
L00036	1	-46,6671104	-23,5303076	1611	0,0621	0,0347	3037	1845	1192
L00037	2	-46,6566164	-23,5307137	3471	0,0576	0,0693	6463	3952	2511
L00038	1	-46,6844226	-23,5340373	3156	0,0317	0,0347	5271	3545	1726
L00039	3	-46,6663954	-23,5361229	5419	0,0554	0,104	8062	5901	2161
L00045	2	-46,6523017	-23,5318175	2128	0,094	0,0693	3940	2485	1455
L00046	1	-46,6555734	-23,5283610	2335	0,0428	0,0347	4656	2795	1861
L00048	1	-46,6841353	-23,5370181	2501	0,04	0,0347	3771	2812	959
L00049	4	-46,6806583	-23,5307166	4578	0,0874	0,1386	8065	5186	2879
L00052	1	-46,6832663	-23,5289919	4888	0,0205	0,0347	8677	5629	3048
L00053	3	-46,6630845	-23,5450242	5945	0,0505	0,104	9970	6457	3513
L00055	2	-46,6566164	-23,5307137	5271	0,0379	0,0693	9323	6035	3288
L00056	3	-46,6508278	-23,5375343	2409	0,1245	0,104	4853	2751	2102
L00058	1	-46,6432297	-23,5320752	3161	0,0316	0,0347	6470	3731	2739
L00060	5	-46,6711550	-23,5381000	10857	0,0461	0,1733	17946	11853	6093
L00061	3	-46,6666956	-23,5298372	3408	0,088	0,104	6305	3946	2359
L00062	2	-46,6375237	-23,5287430	2256	0,0887	0,0693	4421	2765	1656
L00063	2	-46,6343483	-23,5436627	2624	0,0762	0,0693	5154	3085	2069
L00064	1	-46,6278434	-23,5475185	2980	0,0336	0,0347	5641	3584	2057
L00065	2	-46,6385252	-23,5376549	2229	0,0897	0,0693	4267	2744	1523
L00066	1	-46,6126881	-23,5372312	2446	0,0409	0,0347	4500	2909	1591
L00070	5	-46,6134834	-23,5400667	2964	0,1687	0,1733	5594	3588	2006
L00071	2	-46,6341197	-23,5306628	2982	0,0671	0,0693	5785	3615	2170
L00073	1	-46,6217056	-23,5381881	1287	0,0777	0,0347	2708	1593	1115
L00074	2	-46,6370866	-23,5384772	2847	0,0702	0,0693	6133	3437	2696
L00075	2	-46,6325856	-23,5295792	4103	0,0487	0,0693	8045	4955	3090
L00078	3	-46,6212238	-23,5429654	2774	0,1081	0,104	5496	3398	2098
L00080	1	-46,5869070	-23,5756756	3323	0,0301	0,0347	5823	3854	1969
L00081	5	-46,5848689	-23,5392025	3560	0,1404	0,1733	5984	4200	1784
L00082	3	-46,5746890	-23,5568730	2818	0,1065	0,104	4581	3379	1202
L00083	1	-46,5997287	-23,5410220	3324	0,0301	0,0347	6501	4011	2490
L00084	6	-46,5895134	-23,5593568	5301	0,1132	0,208	8807	6387	2420
L00085	1	-46,5978907	-23,5552089	4372	0,0229	0,0347	8050	5269	2781
L00086	3	-46,6000356	-23,5353560	2856	0,105	0,104	5171	3468	1703
L00087	1	-46,5842762	-23,5514675	2993	0,0334	0,0347	5617	3662	1955
L00089	1	-46,5902871	-23,5470008	2261	0,0442	0,0347	4286	2820	1466
L00090	1	-46,5652413	-23,5675233	2503	0,04	0,0347	4461	3203	1258
L00091	2	-46,5964833	-23,5637925	3169	0,0631	0,0693	6188	3786	2402
L00092	4	-46,5828225	-23,5542479	3888	0,1029	0,1386	7164	4714	2450
L00093	1	-46,5813248	-23,5619799	3706	0,027	0,0347	6970	4489	2481
L00094	1	-46,6214361	-23,5534993	2393	0,0418	0,0347	4753	2932	1821
L00096	7	-46,5697601	-23,5636527	4049	0,1729	0,2426	7290	5070	2220
L00097	2	-46,5595868	-23,5719075	2559	0,0782	0,0693	4560	3187	1373
L00099	2	-46,5683158	-23,5701115	2161	0,0925	0,0693	3989	2770	1219
L00100	2	-46,5637915	-23,5715671	2872	0,0696	0,0693	5130	3619	1511
L00101	2	-46,5902071	-23,5606910	4284	0,0467	0,0693	7988	5172	2816
L00102	1	-46,5979424	-23,5532296	4622	0,0216	0,0347	8563	5548	3015
L00103	2	-46,5812316	-23,5700009	4342	0,0461	0,0693	7905	5265	2640
L00106	1	-46,5939719	-23,5375195	4328	0,0231	0,0347	6924	5149	1775
L00107	1	-46,6116378	-23,5511180	2148	0,0466	0,0347	4565	2585	1980
L00108	1	-46,5976041	-23,5519593	6779	0,0148	0,0347	11883	7994	3889
L00111	6	-46,6590182	-23,5634584	7550	0,0795	0,208	13488	8273	5215
L00113	2	-46,6642690	-23,5638420	4708	0,0425	0,0693	8733	5175	3558
L00114	3	-46,6627773	-23,5790597	1545	0,1942	0,104	2374	1668	706
L00115	2	-46,6759394	-23,5867575	1860	0,1075	0,0693	3357	2042	1315
L00117	1	-46,6709040	-23,5923207	3151	0,0317	0,0347	5443	3456	1987
L00118	1	-46,6768341	-23,5885769	2860	0,035	0,0347	5240	3249	1991
L00121	1	-46,6790390	-23,5798975	3855	0,0259	0,0347	7199	4264	2935
L00123	1	-46,6731135	-23,5792999	2804	0,0357	0,0347	4967	3078	1889
L00124	6	-46,6605835	-23,5566944	5697	0,1053	0,208	10701	6297	4404
L00125	1	-46,6822891	-23,5834680	4924	0,0203	0,0347	9066	5408	3658
L00126	2	-46,6724723	-23,5954720	3916	0,0511	0,0693	6669	4338	2331
L00127	2	-46,6605835	-23,5566944	6318	0,0317	0,0693	11459	6999	4460
L00129	1	-46,6486232	-23,5813704	3537	0,0283	0,0347	5654	3970	1684
L00130	2	-46,6437100	-23,5775691	2213	0,0904	0,0693	3690	2443	1247
L00132	1	-46,6416210	-23,5785510	4598	0,0217	0,0347	7651	5166	2485
L00133	3	-46,6320497	-23,5811282	2750	0,1091	0,104	4986	3131	1855
L00135	2	-46,6431906	-23,5719338	4487	0,0446	0,0693	7477	5015	2462
L00136	2	-46,6234512	-23,5608329	4167	0,048	0,0693	7421	4897	2524
L00137	2	-46,6125927	-23,5728431	3033	0,0659	0,0693	4908	3570	1338
L00138	1	-46,6259630	-23,5630260	2096	0,0477	0,0347	3469	2565	904
L00141	1	-46,6308086	-23,5650323	5144	0,0194	0,0347	9743	6059	3684
L00142	3	-46,6119113	-23,5742236	2504	0,1198	0,104	4454	2944	1510
L00146	2	-46,6223857	-23,5681693	2480	0,0806	0,0693	4585	2913	1672
L00149	1	-46,6300092	-23,5766639	1599	0,0625	0,0347	2985	1875	1110
L00151	1	-46,6209441	-23,5882398	2949	0,0339	0,0347	4478	3358	1120
L00152	1	-46,6459660	-23,5746810	3017	0,0331	0,0347	4888	3361	1527
L00153	2	-46,6399206	-23,5899717	4323	0,0463	0,0693	6624	4826	1798
L00156	3	-46,6397771	-23,5727404	4608	0,0651	0,104	8784	5242	3542
L00527	1	-46,7748328	-23,6788482	330	0,303	0,0347	567	411	156
L00528	2	-46,7937390	-23,6862114	4929	0,0406	0,0693	8528	6298	2230
L00532	1	-46,7878988	-23,6864426	238	0,4202	0,0347	424	297	127
L00534	2	-46,7872371	-23,6773522	3311	0,0604	0,0693	5703	4173	1530
L00535	3	-46,7885429	-23,6654381	2164	0,1386	0,104	3718	2707	1011
L00537	3	-46,7846410	-23,6975287	3599	0,0834	0,104	6096	4448	1648
L00538	1	-46,7850919	-23,7005041	671	0,149	0,0347	1195	850	345
L00539	1	-46,7886237	-23,6861459	4146	0,0241	0,0347	7243	5328	1915
L00540	1	-46,7937648	-23,6769801	2766	0,0362	0,0347	4791	3520	1271
L00541	2	-46,7778780	-23,6885051	4697	0,0426	0,0693	8374	5781	2593
L00542	1	-46,7901616	-23,6750896	3768	0,0265	0,0347	6810	4643	2167
L00543	1	-46,7810676	-23,6817954	3950	0,0253	0,0347	6766	5016	1750
L00544	1	-46,7734160	-23,6802425	3538	0,0283	0,0347	6419	4341	2078
L00545	3	-46,7766899	-23,6802567	3771	0,0796	0,104	6802	4728	2074
L00546	1	-46,7853039	-23,6768377	3484	0,0287	0,0347	6085	4510	1575
L00547	3	-46,7885429	-23,6654381	4193	0,0715	0,104	7471	5355	2116
L00550	3	-46,7755198	-23,6742186	2704	0,1109	0,104	4775	3448	1327
L00551	1	-46,7827546	-23,6998617	2755	0,0363	0,0347	4627	3392	1235
L00552	2	-46,7867141	-23,6791697	1483	0,1349	0,0693	2634	1909	725
L00554	1	-46,7932547	-23,6670602	2548	0,0392	0,0347	4491	3254	1237
L00555	1	-46,7999759	-23,6870539	3475	0,0288	0,0347	6174	4460	1714
L00556	1	-46,7765383	-23,6680796	2361	0,0424	0,0347	3983	2908	1075
L00560	3	-46,7971617	-23,6783864	2752	0,109	0,104	4757	3583	1174
L00561	2	-46,7797991	-23,6713610	3438	0,0582	0,0693	6027	4213	1814
L00562	2	-46,7764988	-23,6792511	2508	0,0797	0,0693	4349	3228	1121
L05530	1	-46,7007739	-23,6497088	5044	0,0198	0,0347	8236	5638	2598
L05532	2	-46,7034029	-23,6447800	2886	0,0693	0,0693	4752	3201	1551
L05533	3	-46,7012118	-23,6454413	2673	0,1122	0,104	4610	2961	1649
L05534	3	-46,6930410	-23,6638790	5787	0,0518	0,104	9716	6724	2992
L05535	1	-46,6912424	-23,6607866	3055	0,0327	0,0347	4525	3449	1076
L05537	1	-46,6842291	-23,6383685	2076	0,0482	0,0347	2987	2240	747
L05538	2	-46,6809074	-23,6663068	3075	0,065	0,0693	5073	3651	1422
L05539	3	-46,7155893	-23,6513354	1889	0,1588	0,104	3179	2190	989
L05540	3	-46,7098940	-23,6536635	1724	0,174	0,104	3235	2032	1203
L05541	2	-46,7153680	-23,6417200	3773	0,053	0,0693	6610	4390	2220
L05542	4	-46,7071520	-23,6499060	3093	0,1293	0,1386	5733	3640	2093
L05543	1	-46,6875690	-23,6745424	2821	0,0354	0,0347	4627	3474	1153
L05545	1	-46,6998999	-23,6559182	2564	0,039	0,0347	3946	2911	1035
L05547	1	-46,7031531	-23,6485078	2502	0,04	0,0347	4597	2896	1701
L05548	1	-46,6996076	-23,6331312	1978	0,0506	0,0347	3388	2288	1100
L05549	1	-46,7057350	-23,6332760	4550	0,022	0,0347	7718	5073	2645
L05550	2	-46,6945706	-23,6304883	5120	0,0391	0,0693	8978	5840	3138
L05551	3	-46,7022860	-23,6510126	4767	0,0629	0,104	8841	5514	3327
L05552	2	-46,4488381	-23,4906612	2090	0,0957	0,0693	3620	2620	1000
L05553	1	-46,4351534	-23,5022679	3506	0,0285	0,0347	6236	4381	1855
L05554	4	-46,4441795	-23,4982353	3546	0,1128	0,1386	6065	4260	1805
L05556	2	-46,4403512	-23,4942325	2553	0,0783	0,0693	4433	3067	1366
L05558	3	-46,4234630	-23,5085168	3758	0,0798	0,104	6529	4735	1794
L05561	1	-46,4389924	-23,5145862	3097	0,0323	0,0347	5489	4147	1342
L05562	4	-46,4459517	-23,5057536	2705	0,1479	0,1386	4642	3367	1275
L05563	1	-46,4331534	-23,4945484	2753	0,0363	0,0347	4924	3393	1531
L05565	1	-46,4195668	-23,5172129	2191	0,0456	0,0347	3749	2826	923
L05566	2	-46,4352447	-23,5020281	2851	0,0702	0,0693	4735	3521	1214
L05568	1	-46,4300003	-23,4998815	2971	0,0337	0,0347	5227	3654	1573
L05569	1	-46,4407439	-23,4944067	1547	0,0646	0,0347	2737	1890	847
L05571	1	-46,4218866	-23,5204965	2679	0,0373	0,0347	4440	3324	1116
L05572	2	-46,4193422	-23,5228558	2139	0,0935	0,0693	3993	2664	1329
L05573	1	-46,4192720	-23,4963124	2328	0,043	0,0347	4347	2982	1365
L05574	1	-46,4424219	-23,4946443	1702	0,0588	0,0347	3011	2169	842
L05578	1	-46,4526050	-23,5387875	2564	0,039	0,0347	4882	3187	1695
L05579	1	-46,4415141	-23,5227656	2072	0,0483	0,0347	3867	2846	1021
L05580	3	-46,4367093	-23,5286893	3428	0,0875	0,104	6257	4314	1943
L05581	5	-46,4522081	-23,5171617	3935	0,1271	0,1733	6924	5015	1909
L05582	1	-46,4362612	-23,5281919	1912	0,0523	0,0347	3481	2438	1043
L05583	5	-46,4325849	-23,5321585	3488	0,1433	0,1733	6128	4395	1733
L05584	1	-46,4623208	-23,5289299	3239	0,0309	0,0347	5568	4191	1377
L05585	5	-46,4451845	-23,5472188	2365	0,2114	0,1733	4123	3094	1029
L05586	1	-46,4459252	-23,5256810	2399	0,0417	0,0347	4163	3117	1046
L05587	3	-46,4443497	-23,5387667	3161	0,0949	0,104	5471	4127	1344
L05588	2	-46,4326641	-23,5174330	2595	0,0771	0,0693	4297	3303	994
L05589	2	-46,4544868	-23,5471412	2039	0,0981	0,0693	3417	2606	811
L05590	3	-46,4560761	-23,5496358	3285	0,0913	0,104	6239	4284	1955
L05591	3	-46,4544144	-23,5410443	3621	0,0829	0,104	6839	4640	2199
L05592	3	-46,4528483	-23,5265608	3373	0,0889	0,104	6254	4448	1806
L05593	1	-46,4528982	-23,5182408	3494	0,0286	0,0347	6309	4695	1614
L05594	4	-46,4618318	-23,5393802	2228	0,1795	0,1386	3850	2859	991
L05595	2	-46,4580805	-23,5512840	2564	0,078	0,0693	4400	3342	1058
L05596	1	-46,4536228	-23,5552304	3671	0,0272	0,0347	6672	4852	1820
L05597	3	-46,4601240	-23,5260232	3143	0,0955	0,104	5422	4051	1371
L05599	3	-46,4443340	-23,5321000	3793	0,0791	0,104	6860	4712	2148
L05600	1	-46,4589975	-23,5302914	3067	0,0326	0,0347	5494	3916	1578
L05601	3	-46,4359061	-23,5226454	2327	0,1289	0,104	4159	3108	1051
L05602	3	-46,4402958	-23,5148095	3394	0,0884	0,104	6298	4377	1921
L05603	4	-46,4430227	-23,5314831	2610	0,1533	0,1386	4621	3404	1217
L05604	1	-46,4434311	-23,5313295	1136	0,088	0,0347	1958	1485	473
L05610	2	-46,4554689	-23,5282555	6146	0,0325	0,0693	10609	7693	2916
L05611	1	-46,6300964	-23,5033502	2831	0,0353	0,0347	4847	3284	1563
L05614	1	-46,6407233	-23,4948591	1725	0,058	0,0347	2839	2166	673
L05615	1	-46,6333996	-23,5019647	1282	0,078	0,0347	2094	1527	567
L05621	2	-46,6332236	-23,4899666	5271	0,0379	0,0693	8744	6129	2615
L05622	2	-46,6256600	-23,4972860	1960	0,102	0,0693	3358	2341	1017
L05624	1	-46,6161131	-23,5004170	2563	0,039	0,0347	4896	3055	1841
L05625	2	-46,6261164	-23,4898514	2978	0,0672	0,0693	5488	3556	1932
L05626	1	-46,6278934	-23,4963679	2077	0,0481	0,0347	3746	2434	1312
L05629	4	-46,6242804	-23,4770119	2556	0,1565	0,1386	4643	3161	1482
L05632	2	-46,6381967	-23,4939821	2961	0,0675	0,0693	5002	3517	1485
L05634	1	-46,6264580	-23,4818440	1908	0,0524	0,0347	3707	2335	1372
L05637	1	-46,6267268	-23,5135649	1530	0,0654	0,0347	2947	1815	1132
L05639	1	-46,6239120	-23,4891654	1527	0,0655	0,0347	2617	1818	799
L05643	1	-46,7520177	-23,5161535	657	0,1522	0,0347	1121	836	285
L05648	1	-46,7032968	-23,5283085	4170	0,024	0,0347	7531	4847	2684
L05649	1	-46,7178181	-23,5361638	1874	0,0534	0,0347	2784	2102	682
L05654	2	-46,7056393	-23,5213772	2148	0,0931	0,0693	4003	2538	1465
L05656	2	-46,7433720	-23,4969505	2765	0,0723	0,0693	4919	3437	1482
L05658	2	-46,7052733	-23,5150700	2442	0,0819	0,0693	4469	2893	1576
L05659	2	-46,7518718	-23,5135808	2141	0,0934	0,0693	4040	2770	1270
L05660	2	-46,7231084	-23,5262770	2294	0,0872	0,0693	3992	2673	1319
L05661	1	-46,7443554	-23,5048937	2325	0,043	0,0347	4192	2863	1329
L05662	1	-46,7545011	-23,5097174	1694	0,059	0,0347	3337	2259	1078
L05663	2	-46,7053463	-23,5246614	2188	0,0914	0,0693	4237	2584	1653
L05667	1	-46,6875289	-23,5240849	2857	0,035	0,0347	4734	3347	1387
L05670	3	-46,7041160	-23,5315757	2953	0,1016	0,104	5089	3434	1655
L05671	2	-46,7382418	-23,4999018	2364	0,0846	0,0693	4244	2840	1404
L05672	1	-46,7311891	-23,5069529	1946	0,0514	0,0347	3336	2311	1025
L05673	1	-46,7244140	-23,5363009	2278	0,0439	0,0347	4168	2682	1486
L05674	1	-46,7403488	-23,4962095	1814	0,0551	0,0347	3029	2259	770
L05678	1	-46,7498669	-23,4969079	2593	0,0386	0,0347	4758	3251	1507
L05679	2	-46,7572703	-23,5028236	2080	0,0962	0,0693	3534	2609	925
L05681	1	-46,6949470	-23,5283220	1938	0,0516	0,0347	3100	2183	917
L05682	1	-46,7500222	-23,4964512	535	0,1869	0,0347	919	650	269
L05686	1	-46,7064510	-23,5301730	1194	0,0838	0,0347	1873	1372	501
L05688	2	-46,7278581	-23,5209253	3285	0,0609	0,0693	5542	3799	1743
L05691	2	-46,7186092	-23,5246136	1648	0,1214	0,0693	2675	1868	807
L05695	1	-46,6826600	-23,5737124	2079	0,0481	0,0347	3613	2221	1392
L05696	2	-46,6826600	-23,5737124	2813	0,0711	0,0693	4397	3021	1376
L05700	1	-46,7170159	-23,5510140	4888	0,0205	0,0347	7257	5167	2090
L05704	1	-46,7169080	-23,5430685	2482	0,0403	0,0347	4378	2777	1601
L05706	1	-46,6827388	-23,5501422	2508	0,0399	0,0347	4043	2732	1311
L05709	3	-46,6896173	-23,5508030	2889	0,1038	0,104	4742	3138	1604
L05711	1	-46,6940900	-23,5501725	1686	0,0593	0,0347	2686	1891	795
L05713	2	-46,6816743	-23,5708583	3367	0,0594	0,0693	5931	3590	2341
L05715	1	-46,6918510	-23,5514540	1237	0,0808	0,0347	1953	1335	618
L05716	2	-46,6975056	-23,5623803	2545	0,0786	0,0693	4027	2825	1202
L05718	1	-46,6823120	-23,5625230	2934	0,0341	0,0347	4770	3236	1534
L05720	2	-46,5018743	-23,5298075	832	0,2404	0,0693	1456	1081	375
L05722	1	-46,5000225	-23,5253888	2828	0,0354	0,0347	4665	3627	1038
L05723	2	-46,5331739	-23,5220975	2306	0,0867	0,0693	3823	2837	986
L05724	1	-46,5270161	-23,5293151	2599	0,0385	0,0347	4443	3201	1242
L05725	1	-46,5417930	-23,5164577	1220	0,082	0,0347	2066	1547	519
L05727	1	-46,5492590	-23,5262720	2649	0,0378	0,0347	4685	3161	1524
L05728	3	-46,5180445	-23,5238771	2335	0,1285	0,104	4138	2919	1219
L05729	1	-46,5386362	-23,5224127	3595	0,0278	0,0347	7112	4601	2511
L05730	2	-46,5498247	-23,5164939	1446	0,1383	0,0693	2917	1826	1091
L05731	1	-46,5285678	-23,5250739	3128	0,032	0,0347	5872	3858	2014
L05733	1	-46,5480210	-23,5212900	2116	0,0473	0,0347	4002	2723	1279
L05734	2	-46,5478984	-23,5284411	2172	0,0921	0,0693	4014	2746	1268
L05735	3	-46,4932640	-23,5309670	2238	0,134	0,104	4145	2862	1283
L05736	2	-46,5179226	-23,5228086	3663	0,0546	0,0693	6711	4640	2071
L05737	2	-46,4989941	-23,5275262	2079	0,0962	0,0693	3862	2632	1230
L05738	2	-46,5333555	-23,5182551	2464	0,0812	0,0693	4343	3015	1328
L05739	3	-46,4991515	-23,5296706	3000	0,1	0,104	5527	3909	1618
L05740	1	-46,5095310	-23,5250203	3929	0,0255	0,0347	7326	4889	2437
L05741	1	-46,5356236	-23,5299143	915	0,1093	0,0347	1501	1148	353
L05742	1	-46,5211173	-23,5214041	2853	0,0351	0,0347	5266	3603	1663
L05744	1	-46,5317318	-23,5311949	1071	0,0934	0,0347	1768	1306	462
L05745	1	-46,5393250	-23,5309129	2457	0,0407	0,0347	4417	3008	1409
L05748	2	-46,5402474	-23,5261748	1467	0,1363	0,0693	2351	1835	516
L05750	1	-46,5686249	-23,5424482	4557	0,0219	0,0347	7587	5295	2292
L05751	2	-46,5757522	-23,5380963	4097	0,0488	0,0693	6495	4845	1650
L05752	3	-46,5494401	-23,5441268	4128	0,0727	0,104	7403	5019	2384
L05753	2	-46,5571310	-23,5490160	3586	0,0558	0,0693	6008	4212	1796
L05754	2	-46,5702535	-23,5486528	3035	0,0659	0,0693	4571	3526	1045
L05756	1	-46,5564250	-23,5331500	2613	0,0383	0,0347	4568	3155	1413
L05757	2	-46,5403970	-23,5459183	2015	0,0993	0,0693	3549	2496	1053
L05759	3	-46,5311184	-23,5605521	2832	0,1059	0,104	5109	3500	1609
L05760	5	-46,4984532	-23,5847269	4733	0,1056	0,1733	8851	6109	2742
L05761	1	-46,5547639	-23,5507972	2499	0,04	0,0347	4611	3030	1581
L05762	1	-46,5116367	-23,5763889	1262	0,0792	0,0347	2597	1618	979
L05763	3	-46,5178296	-23,5802614	2728	0,11	0,104	4620	3507	1113
L05764	2	-46,5738227	-23,5337115	1764	0,1134	0,0693	3163	2131	1032
L05766	2	-46,5138214	-23,5842903	1916	0,1044	0,0693	3190	2507	683
L05768	2	-46,5794166	-23,5383741	2522	0,0793	0,0693	4651	2995	1656
L05770	6	-46,5075141	-23,5806329	2164	0,2773	0,208	3900	2720	1180
L05771	1	-46,5727024	-23,5507422	2617	0,0382	0,0347	4908	3111	1797
L05773	2	-46,5660691	-23,5558508	2623	0,0762	0,0693	4486	3058	1428
L05774	1	-46,5225365	-23,5551065	2202	0,0454	0,0347	4174	2786	1388
L05775	1	-46,5662223	-23,5472777	2792	0,0358	0,0347	5162	3308	1854
L05777	2	-46,5636721	-23,5353692	1934	0,1034	0,0693	3252	2352	900
L05779	3	-46,5006634	-23,5840738	2450	0,1224	0,104	4426	3133	1293
L05780	6	-46,5072844	-23,5706991	5535	0,1084	0,208	10333	6962	3371
L05781	3	-46,5589094	-23,5412357	2005	0,1496	0,104	3920	2483	1437
L05782	1	-46,5454070	-23,5485123	1497	0,0668	0,0347	2866	1877	989
L05783	1	-46,5747550	-23,5436990	1751	0,0571	0,0347	2933	2099	834
L05785	3	-46,4982329	-23,5898352	2069	0,145	0,104	3681	2817	864
L05786	1	-46,5327843	-23,5461447	1839	0,0544	0,0347	3271	2275	996
L05787	1	-46,5170355	-23,5835096	2514	0,0398	0,0347	4277	3252	1025
L05789	1	-46,5161156	-23,5584076	585	0,1709	0,0347	915	734	181
L05790	1	-46,5666544	-23,5322415	751	0,1332	0,0347	1423	890	533
L05792	2	-46,5620492	-23,5418287	1124	0,1779	0,0693	1793	1351	442
L05793	2	-46,5257140	-23,5554119	2865	0,0698	0,0693	5360	3578	1782
L05794	1	-46,5433831	-23,5503063	4135	0,0242	0,0347	6973	5037	1936
L05795	2	-46,5630428	-23,5455348	2537	0,0788	0,0693	4283	2957	1326
L05797	2	-46,5602785	-23,5363132	5811	0,0344	0,0693	9848	6857	2991
L05798	2	-46,5834851	-23,5000601	913	0,2191	0,0693	1615	1122	493
L05801	3	-46,5968739	-23,5084251	2820	0,1064	0,104	5313	3529	1784
L05803	3	-46,6028988	-23,4934538	1298	0,2311	0,104	2472	1632	840
L05804	2	-46,5729009	-23,5009851	2656	0,0753	0,0693	4990	3348	1642
L05806	2	-46,5685781	-23,5119963	4184	0,0478	0,0693	7823	5387	2436
L05807	2	-46,5779360	-23,5053673	3549	0,0564	0,0693	6465	4410	2055
L05808	1	-46,5892786	-23,5184715	2964	0,0337	0,0347	5799	3706	2093
L05809	1	-46,5863582	-23,5062229	1595	0,0627	0,0347	2902	1932	970
L05810	1	-46,5928674	-23,5005803	3037	0,0329	0,0347	5514	3674	1840
L05811	1	-46,5847966	-23,5140241	2439	0,041	0,0347	4518	2999	1519
L05812	1	-46,5733059	-23,5126116	2290	0,0437	0,0347	4034	2934	1100
L05813	1	-46,6060326	-23,5005742	1776	0,0563	0,0347	3262	2171	1091
L05814	1	-46,6049224	-23,5160697	1794	0,0557	0,0347	3377	2233	1144
L05815	2	-46,5904721	-23,5159874	2393	0,0836	0,0693	4362	2917	1445
L05816	4	-46,5824545	-23,5151915	4574	0,0875	0,1386	8444	5563	2881
L05817	4	-46,6117405	-23,5017844	2739	0,146	0,1386	5039	3341	1698
L05818	1	-46,5907052	-23,5016081	2983	0,0335	0,0347	5429	3613	1816
L05819	1	-46,5825547	-23,5256742	2853	0,0351	0,0347	5154	3537	1617
L05820	4	-46,5663467	-23,5211065	3363	0,1189	0,1386	6296	4358	1938
L05821	1	-46,5830638	-23,5000382	2451	0,0408	0,0347	4154	2865	1289
L05822	3	-46,5755961	-23,5193541	2191	0,1369	0,104	3907	2794	1113
L05823	2	-46,5847505	-23,5062429	2469	0,081	0,0693	4405	3039	1366
L05824	1	-46,5850061	-23,5058039	555	0,1802	0,0347	877	693	184
L05825	1	-46,6088452	-23,5120897	1543	0,0648	0,0347	2874	1903	971
L05828	1	-46,6007196	-23,5005481	2697	0,0371	0,0347	4882	3315	1567
L05831	1	-46,5910102	-23,5018506	664	0,1506	0,0347	1020	795	225
L05832	2	-46,5754788	-23,5000239	1037	0,1929	0,0693	1570	1248	322
L05833	1	-46,6239380	-23,5087000	1035	0,0966	0,0347	1958	1312	646
L05834	1	-46,5964032	-23,5194682	1589	0,0629	0,0347	2795	1963	832
L05838	3	-46,5930563	-23,5195686	3761	0,0798	0,104	6624	4656	1968
L05841	1	-46,6618639	-23,5067043	2520	0,0397	0,0347	4281	2973	1308
L05845	1	-46,6748489	-23,4996347	2821	0,0354	0,0347	4345	3361	984
L05846	4	-46,6811823	-23,4913790	3097	0,1292	0,1386	5454	4068	1386
L05847	1	-46,6551176	-23,4983123	3654	0,0274	0,0347	6457	4489	1968
L05848	1	-46,6506305	-23,5026837	3720	0,0269	0,0347	6771	4492	2279
L05849	2	-46,6657859	-23,4885740	3928	0,0509	0,0693	7229	4920	2309
L05850	2	-46,6672729	-23,4955761	2587	0,0773	0,0693	4487	3234	1253
L05852	2	-46,6754529	-23,4902989	2604	0,0768	0,0693	4917	3236	1681
L05853	1	-46,6576552	-23,4676225	2016	0,0496	0,0347	3658	2494	1164
L05854	2	-46,6559225	-23,4706050	3589	0,0557	0,0693	6533	4491	2042
L05856	4	-46,6576980	-23,5105636	3626	0,1103	0,1386	6816	4472	2344
L05857	2	-46,6610100	-23,4937600	3204	0,0624	0,0693	6028	4077	1951
L05859	3	-46,6755514	-23,4980697	2950	0,1017	0,104	5525	3700	1825
L05860	2	-46,6806536	-23,4985927	2933	0,0682	0,0693	5335	3608	1727
L05861	3	-46,6633902	-23,4700233	2413	0,1243	0,104	4175	2930	1245
L05862	1	-46,6805862	-23,5028507	5531	0,0181	0,0347	9763	6800	2963
L05865	1	-46,6698247	-23,4725347	947	0,1056	0,0347	1605	1205	400
L05866	1	-46,6545707	-23,4916062	2697	0,0371	0,0347	4880	3285	1595
L05867	2	-46,6611936	-23,4979397	2374	0,0842	0,0693	4516	2931	1585
L05868	2	-46,6710286	-23,4857719	2636	0,0759	0,0693	4932	3370	1562
L05870	1	-46,6722354	-23,4967228	2389	0,0419	0,0347	4246	3161	1085
L05871	1	-46,6689770	-23,4751050	1758	0,0569	0,0347	3076	2211	865
L05873	1	-46,6545485	-23,4716736	1878	0,0532	0,0347	2977	2288	689
L05874	1	-46,6665068	-23,4702189	3203	0,0312	0,0347	5602	3899	1703
L05875	4	-46,6702128	-23,4900049	1711	0,2338	0,1386	3184	2157	1027
L05877	1	-46,6612422	-23,4986956	1596	0,0627	0,0347	2824	1983	841
L05880	2	-46,6130080	-23,4747157	994	0,2012	0,0693	2024	1156	868
L05884	1	-46,6024410	-23,4546385	2320	0,0431	0,0347	3954	2867	1087
L05885	3	-46,6064554	-23,4772146	3669	0,0818	0,104	6325	4434	1891
L05886	3	-46,5974438	-23,4545847	4312	0,0696	0,104	8140	5407	2733
L05888	4	-46,5855959	-23,4389881	3768	0,1062	0,1386	6719	4916	1803
L05890	4	-46,6048373	-23,4642332	3719	0,1076	0,1386	6880	4577	2303
L05891	3	-46,5884421	-23,4440711	2609	0,115	0,104	4730	3437	1293
L05892	2	-46,6200080	-23,4826288	3225	0,062	0,0693	5990	3879	2111
L05893	1	-46,5880090	-23,4446471	973	0,1028	0,0347	1866	1339	527
L05894	1	-46,6064995	-23,4765109	1719	0,0582	0,0347	2945	2156	789
L05895	1	-46,5968505	-23,4651601	3059	0,0327	0,0347	5869	3863	2006
L05897	3	-46,5851276	-23,4502408	3003	0,0999	0,104	5429	3962	1467
L05899	3	-46,6056454	-23,4658408	3170	0,0946	0,104	5858	3789	2069
L05900	1	-46,5803132	-23,4357702	2733	0,0366	0,0347	5108	3666	1442
L05901	1	-46,6114391	-23,4769661	1848	0,0541	0,0347	3409	2201	1208
L05902	2	-46,5890824	-23,4546164	3266	0,0612	0,0693	5800	4185	1615
L05903	3	-46,5972378	-23,4563706	2628	0,1142	0,104	4890	3280	1610
L05904	2	-46,6195870	-23,4540240	1890	0,1058	0,0693	3278	2265	1013
L05905	1	-46,5872324	-23,4196031	2830	0,0353	0,0347	5422	3879	1543
L05906	2	-46,6048700	-23,4811680	2460	0,0813	0,0693	4808	3065	1743
L05908	4	-46,5774727	-23,4379629	2559	0,1563	0,1386	4721	3325	1396
L05909	1	-46,5745264	-23,4316764	1629	0,0614	0,0347	3155	2181	974
L05910	2	-46,6108766	-23,4549274	2539	0,0788	0,0693	4480	2999	1481
L05911	1	-46,5953507	-23,4480324	2669	0,0375	0,0347	4700	3478	1222
L05912	1	-46,6031271	-23,4684303	2532	0,0395	0,0347	4589	3126	1463
L05913	2	-46,6248203	-23,4576182	3097	0,0646	0,0693	5869	3776	2093
L05914	3	-46,6046269	-23,4577565	2417	0,1241	0,104	4627	3016	1611
L05915	1	-46,6095277	-23,4493251	985	0,1015	0,0347	1561	1165	396
L05917	1	-46,5967409	-23,4660680	1177	0,085	0,0347	1931	1452	479
L05918	1	-46,6002385	-23,4553201	665	0,1504	0,0347	1114	830	284
L05919	1	-46,6120305	-23,4757531	1300	0,0769	0,0347	2166	1565	601
L05924	1	-46,5604307	-23,5979220	3363	0,0297	0,0347	5863	4288	1575
L05925	1	-46,5735437	-23,5894829	2983	0,0335	0,0347	4660	3569	1091
L05928	1	-46,5582100	-23,5739759	2347	0,0426	0,0347	4461	2967	1494
L05929	2	-46,5585843	-23,5972769	3198	0,0625	0,0693	6011	4129	1882
L05930	1	-46,5620004	-23,5788819	2521	0,0397	0,0347	4889	3094	1795
L05931	3	-46,5593803	-23,5886767	2087	0,1437	0,104	3493	2634	859
L05932	2	-46,5660422	-23,6040127	2344	0,0853	0,0693	4184	2990	1194
L05933	4	-46,5471739	-23,5927268	3403	0,1175	0,1386	6295	4294	2001
L05934	2	-46,5733889	-23,5841252	2885	0,0693	0,0693	5165	3545	1620
L05935	2	-46,5827588	-23,5877885	1764	0,1134	0,0693	3128	2148	980
L05937	3	-46,5435649	-23,6013500	2013	0,149	0,104	3580	2564	1016
L05938	2	-46,5607547	-23,6059835	2674	0,0748	0,0693	5130	3444	1686
L05939	1	-46,5882111	-23,5851502	2486	0,0402	0,0347	4230	2908	1322
L05941	2	-46,5887796	-23,5755336	1948	0,1027	0,0693	3574	2324	1250
L05942	1	-46,5766081	-23,5796376	2512	0,0398	0,0347	4766	3082	1684
L05943	1	-46,5480300	-23,5998140	3286	0,0304	0,0347	5695	4099	1596
L05945	3	-46,5663969	-23,5940979	2754	0,1089	0,104	5100	3435	1665
L05946	2	-46,5642049	-23,5759686	2719	0,0736	0,0693	4371	3343	1028
L05947	3	-46,5795917	-23,5926018	3241	0,0926	0,104	5895	4000	1895
L05948	1	-46,5542887	-23,6019436	1256	0,0796	0,0347	2152	1652	500
L05950	2	-46,5543296	-23,5793590	3947	0,0507	0,0693	7538	4962	2576
L05951	1	-46,5702281	-23,5758520	1372	0,0729	0,0347	2658	1731	927
L05952	2	-46,5523937	-23,5873869	2979	0,0671	0,0693	5466	3759	1707
L05953	4	-46,5568681	-23,6075908	1986	0,2014	0,1386	3562	2523	1039
L05957	1	-46,5450386	-23,5985655	1975	0,0506	0,0347	3567	2479	1088
L05959	1	-46,5810310	-23,5900310	2339	0,0428	0,0347	4164	2855	1309
L05962	1	-46,5476777	-23,5952842	1070	0,0935	0,0347	1786	1360	426
L05964	1	-46,6783620	-23,6167251	2994	0,0334	0,0347	5082	3353	1729
L05966	3	-46,6599239	-23,6127900	4523	0,0663	0,104	8055	5113	2942
L05968	4	-46,6685076	-23,6131455	3538	0,1131	0,1386	6251	3963	2288
L05969	1	-46,6882980	-23,6116910	2974	0,0336	0,0347	5627	3387	2240
L05970	1	-46,6673187	-23,6261976	2521	0,0397	0,0347	4330	2895	1435
L05971	1	-46,6565440	-23,6161400	2071	0,0483	0,0347	3277	2385	892
L05972	1	-46,6606590	-23,6082950	3573	0,028	0,0347	6139	4037	2102
L05973	1	-46,6755086	-23,6206909	2385	0,0419	0,0347	3883	2648	1235
L05974	2	-46,6641427	-23,6002288	6184	0,0323	0,0693	10325	6924	3401
L05976	1	-46,6786792	-23,6169250	3059	0,0327	0,0347	4637	3422	1215
L05977	8	-46,6702545	-23,6470231	3091	0,2588	0,2773	4695	3516	1179
L05978	1	-46,6439417	-23,6284438	2379	0,042	0,0347	4586	2796	1790
L05980	6	-46,6536700	-23,6386552	2086	0,2876	0,208	3437	2526	911
L05981	2	-46,6812703	-23,6263887	3816	0,0524	0,0693	6833	4360	2473
L05982	1	-46,6821455	-23,6155051	5201	0,0192	0,0347	8875	5878	2997
L05984	1	-46,6639945	-23,6440840	2592	0,0386	0,0347	4500	3040	1460
L05986	2	-46,6440222	-23,6209368	2009	0,0996	0,0693	3782	2326	1456
L05987	3	-46,6726843	-23,6097127	3510	0,0855	0,104	5718	3982	1736
L05988	2	-46,6679674	-23,6420583	3208	0,0623	0,0693	5082	3709	1373
L05989	2	-46,6718044	-23,6208493	3539	0,0565	0,0693	6412	4051	2361
L05990	1	-46,6927807	-23,6165017	1477	0,0677	0,0347	2368	1722	646
L05991	5	-46,6608489	-23,6330376	3246	0,154	0,1733	5977	3853	2124
L05992	5	-46,6629476	-23,6161029	1424	0,3511	0,1733	2755	1641	1114
L05994	4	-46,6880132	-23,6223740	4177	0,0958	0,1386	7394	4699	2695
L05995	6	-46,6692023	-23,5986819	4821	0,1245	0,208	7627	5289	2338
L05997	1	-46,6475368	-23,6025329	2704	0,037	0,0347	4279	2988	1291
L06000	1	-46,6362275	-23,5988254	5755	0,0174	0,0347	9671	6446	3225
L06002	1	-46,6235160	-23,6123380	3568	0,028	0,0347	6002	4132	1870
L06003	1	-46,6214935	-23,6221583	2425	0,0412	0,0347	3862	2803	1059
L06005	1	-46,6362090	-23,6170540	2367	0,0422	0,0347	3816	2777	1039
L06006	1	-46,6360133	-23,6258929	2395	0,0418	0,0347	4157	2791	1366
L06007	1	-46,6165982	-23,6041985	3954	0,0253	0,0347	7269	4693	2576
L06013	2	-46,6344010	-23,5954544	2340	0,0855	0,0693	4149	2692	1457
L06015	3	-46,6448925	-23,6100010	2447	0,1226	0,104	4269	2836	1433
L06016	2	-46,6492475	-23,5982808	2316	0,0864	0,0693	4108	2664	1444
L06020	3	-46,6201994	-23,6074833	1448	0,2072	0,104	2183	1677	506
L06022	1	-46,6399802	-23,6207015	7560	0,0132	0,0347	11823	8719	3104
L06023	1	-46,6389150	-23,6157370	2881	0,0347	0,0347	4965	3266	1699
L06026	2	-46,6383254	-23,5955707	3315	0,0603	0,0693	5603	3692	1911
L06027	1	-46,6300558	-23,5928665	2573	0,0389	0,0347	4339	2922	1417
L06028	2	-46,6346346	-23,5975076	3131	0,0639	0,0693	4577	3510	1067
L06029	1	-46,6492868	-23,6040214	2036	0,0491	0,0347	3024	2307	717
L06030	1	-46,6079927	-23,5824240	1637	0,0611	0,0347	2785	1978	807
L06031	2	-46,5834188	-23,6215419	2911	0,0687	0,0693	5114	3726	1388
L06035	2	-46,6093832	-23,5888257	2646	0,0756	0,0693	4381	3053	1328
L06037	1	-46,6027120	-23,6151290	1762	0,0568	0,0347	3240	2071	1169
L06038	2	-46,6043324	-23,5881805	4423	0,0452	0,0693	7818	5323	2495
L06041	3	-46,6051622	-23,5751923	2652	0,1131	0,104	4753	3194	1559
L06042	1	-46,5932441	-23,6218013	3332	0,03	0,0347	5834	4057	1777
L06043	3	-46,5939912	-23,6283792	2004	0,1497	0,104	3754	2526	1228
L06045	1	-46,5907336	-23,5984174	3727	0,0268	0,0347	6818	4710	2108
L06046	6	-46,5830025	-23,6226329	2716	0,2209	0,208	4830	3455	1375
L06048	4	-46,5945812	-23,6240333	3452	0,1159	0,1386	6548	4452	2096
L06049	1	-46,5971870	-23,6124820	2991	0,0334	0,0347	5347	3706	1641
L06051	2	-46,6031399	-23,6063806	3228	0,062	0,0693	5899	4148	1751
L06052	4	-46,6023320	-23,6013361	2212	0,1808	0,1386	4121	2738	1383
L06053	2	-46,6021325	-23,6063749	1386	0,1443	0,0693	2568	1713	855
L06054	1	-46,6080780	-23,6028560	3098	0,0323	0,0347	5810	3763	2047
L06055	1	-46,6096977	-23,5916041	2870	0,0348	0,0347	5430	3473	1957
L06056	2	-46,6019600	-23,5909040	5133	0,039	0,0693	9867	6305	3562
L06057	1	-46,6013725	-23,6127005	1501	0,0666	0,0347	2879	1866	1013
L06058	3	-46,5930326	-23,5972734	2828	0,1061	0,104	5015	3572	1443
L06059	1	-46,5975968	-23,6097769	2880	0,0347	0,0347	4845	3529	1316
L06060	2	-46,5954073	-23,6104073	3797	0,0527	0,0693	6278	4612	1666
L06061	1	-46,5809811	-23,6100573	2017	0,0496	0,0347	3626	2610	1016
L06062	2	-46,5863383	-23,6186398	3309	0,0604	0,0693	5473	4075	1398
L06063	2	-46,5967273	-23,6269558	1159	0,1726	0,0693	1865	1435	430
L06065	1	-46,6119497	-23,5892321	3011	0,0332	0,0347	5516	3638	1878
L06067	1	-46,6098374	-23,5932998	5055	0,0198	0,0347	8453	5954	2499
L06661	2	-46,7041000	-23,7108340	2709	0,0738	0,0693	4548	3262	1286
L06662	2	-46,6977550	-23,7276870	2621	0,0763	0,0693	4332	3313	1019
L06665	3	-46,6964372	-23,6925377	2324	0,1291	0,104	3819	2859	960
L06667	3	-46,6985697	-23,7261191	2231	0,1345	0,104	3856	2781	1075
L06668	2	-46,7079679	-23,7294845	5089	0,0393	0,0693	8445	6409	2036
L06669	2	-46,6865884	-23,7095906	3707	0,054	0,0693	6138	4679	1459
L06671	3	-46,7092435	-23,7150718	2233	0,1343	0,104	3875	2681	1194
L06672	2	-46,7004276	-23,7112720	3395	0,0589	0,0693	6059	4083	1976
L06673	3	-46,6853733	-23,7259814	3759	0,0798	0,104	6283	4756	1527
L06674	1	-46,6793309	-23,7195684	3211	0,0311	0,0347	5467	4147	1320
L06675	1	-46,6881398	-23,7299942	3738	0,0268	0,0347	6186	4796	1390
L06676	3	-46,6947263	-23,7122284	3026	0,0991	0,104	5161	3620	1541
L06677	4	-46,7023442	-23,7336887	3497	0,1144	0,1386	6166	4530	1636
L06678	1	-46,7003248	-23,7336023	2433	0,0411	0,0347	3957	3049	908
L06680	4	-46,7011093	-23,7188128	4508	0,0887	0,1386	7833	5525	2308
L06681	1	-46,6810487	-23,7212278	1316	0,076	0,0347	2471	1778	693
L06682	3	-46,7022612	-23,7224803	3236	0,0927	0,104	5448	4015	1433
L06683	2	-46,6987338	-23,7098273	2586	0,0773	0,0693	4747	3089	1658
L06684	4	-46,6863422	-23,7040675	2925	0,1368	0,1386	5005	3592	1413
L06687	2	-46,6995340	-23,7330324	2757	0,0725	0,0693	4736	3370	1366
L06689	2	-46,7031746	-23,6922472	2879	0,0695	0,0693	4842	3413	1429
L06691	1	-46,6914688	-23,7136432	2546	0,0393	0,0347	4232	3121	1111
L06693	1	-46,7113227	-23,6667443	640	0,1562	0,0347	1046	781	265
L06696	1	-46,7097890	-23,7283561	1131	0,0884	0,0347	1836	1425	411
L06699	1	-46,6892770	-23,7027230	580	0,1724	0,0347	799	693	106
L07571	1	-46,6379000	-23,6572701	455	0,2198	0,0347	791	567	224
L07572	1	-46,6503535	-23,6588627	1554	0,0644	0,0347	2594	1913	681
L07573	3	-46,6398751	-23,6453386	2341	0,1282	0,104	3752	2782	970
L07574	2	-46,6415339	-23,6443503	1932	0,1035	0,0693	3346	2359	987
L07575	3	-46,6365200	-23,6320743	4017	0,0747	0,104	7103	4799	2304
L07576	4	-46,6349642	-23,6431290	2278	0,1756	0,1386	4207	2702	1505
L07577	3	-46,6419142	-23,6629092	3221	0,0931	0,104	5894	4037	1857
L07578	4	-46,6468602	-23,6449791	4043	0,0989	0,1386	7270	4851	2419
L07580	3	-46,6579978	-23,6496781	3546	0,0846	0,104	6231	4318	1913
L07581	3	-46,6363601	-23,6810716	3028	0,0991	0,104	5287	3909	1378
L07582	2	-46,6358025	-23,6609951	3615	0,0553	0,0693	6447	4637	1810
L07583	3	-46,6477955	-23,6558420	3661	0,0819	0,104	6289	4390	1899
L07585	4	-46,6489412	-23,6630793	4484	0,0892	0,1386	7661	5544	2117
L07586	4	-46,6662000	-23,6526625	4676	0,0855	0,1386	7861	5605	2256
L07587	3	-46,6389892	-23,6729739	4038	0,0743	0,104	6961	5171	1790
L07590	1	-46,6424477	-23,6679792	3909	0,0256	0,0347	7206	5039	2167
L07591	2	-46,6361421	-23,6802843	2687	0,0744	0,0693	4849	3510	1339
L07593	2	-46,6558622	-23,6441812	3054	0,0655	0,0693	5207	3649	1558
L07594	1	-46,6408225	-23,6457886	2578	0,0388	0,0347	4645	3018	1627
L07595	2	-46,6355606	-23,6678098	4296	0,0466	0,0693	7638	5546	2092
L07597	1	-46,6535415	-23,6619014	2754	0,0363	0,0347	4727	3504	1223
L07598	1	-46,6392154	-23,6408466	3709	0,027	0,0347	6533	4338	2195
L07599	3	-46,6460240	-23,6525414	3198	0,0938	0,104	5298	3899	1399
L07600	1	-46,6356262	-23,6788985	1377	0,0726	0,0347	2329	1795	534
L07601	2	-46,6355606	-23,6678098	1988	0,1006	0,0693	3563	2572	991
L07602	1	-46,6408553	-23,6554336	1438	0,0695	0,0347	2522	1827	695
L07604	1	-46,6438254	-23,6370745	845	0,1183	0,0347	1377	992	385
L07605	2	-46,6526971	-23,6532191	1424	0,1404	0,0693	2392	1763	629
L07606	1	-46,6363030	-23,6342640	1221	0,0819	0,0347	1867	1431	436
L07660	4	-46,7286689	-23,4834509	3071	0,1303	0,1386	5145	3881	1264
L07662	1	-46,7285530	-23,4946483	2295	0,0436	0,0347	3615	2730	885
L07664	3	-46,7296043	-23,4932746	3302	0,0909	0,104	5686	4020	1666
L07665	2	-46,7094157	-23,5058535	1103	0,1813	0,0693	1815	1364	451
L07666	1	-46,7187075	-23,4795423	4684	0,0213	0,0347	9004	6008	2996
L07667	3	-46,7261678	-23,4829058	2616	0,1147	0,104	4926	3233	1693
L07668	1	-46,7496458	-23,4783071	2726	0,0367	0,0347	4622	3476	1146
L07669	5	-46,7461037	-23,4816392	3660	0,1366	0,1733	6759	4550	2209
L07671	1	-46,7225558	-23,4963064	2986	0,0335	0,0347	5033	3579	1454
L07672	2	-46,7132794	-23,5018341	2276	0,0879	0,0693	4138	2805	1333
L07674	1	-46,7340887	-23,4861415	1145	0,0873	0,0347	1962	1407	555
L07675	4	-46,7341179	-23,4868877	2381	0,168	0,1386	4269	2907	1362
L07677	2	-46,7174065	-23,4896350	2905	0,0688	0,0693	5357	3563	1794
L07678	2	-46,7265335	-23,4891389	1972	0,1014	0,0693	3537	2347	1190
L07679	1	-46,7399355	-23,4854976	1669	0,0599	0,0347	2714	2024	690
L07683	1	-46,4716478	-23,4993793	1880	0,0532	0,0347	3092	2381	711
L07689	1	-46,4919582	-23,5063549	2108	0,0474	0,0347	3605	2714	891
L07691	3	-46,4782924	-23,4882415	2673	0,1122	0,104	4549	3394	1155
L07693	5	-46,4705358	-23,4926534	4113	0,1216	0,1733	7400	5306	2094
L07694	3	-46,4971517	-23,4840369	2951	0,1017	0,104	4712	3627	1085
L07695	3	-46,4925761	-23,4889873	3199	0,0938	0,104	5543	4116	1427
L07696	2	-46,4669867	-23,4900232	2210	0,0905	0,0693	3851	2948	903
L07698	3	-46,4818882	-23,4858938	2747	0,1092	0,104	5345	3538	1807
L07699	1	-46,4816039	-23,4998180	2953	0,0339	0,0347	5279	3696	1583
L07700	1	-46,4851971	-23,4905377	3489	0,0287	0,0347	6056	4395	1661
L07701	3	-46,4889435	-23,4985564	3277	0,0915	0,104	5967	4095	1872
L07703	1	-46,4731818	-23,5027056	2186	0,0457	0,0347	3519	2750	769
L07706	1	-46,4963575	-23,4925264	630	0,1587	0,0347	1072	816	256
L07708	1	-46,4849725	-23,5032693	2712	0,0369	0,0347	5219	3402	1817
L07709	4	-46,4926895	-23,4988971	1792	0,2232	0,1386	3099	2351	748
L07711	1	-46,4928392	-23,4853243	1271	0,0787	0,0347	2067	1641	426
L07712	1	-46,4733392	-23,4886727	826	0,1211	0,0347	1450	1023	427
L07713	2	-46,4966140	-23,4924641	1374	0,1456	0,0693	2302	1760	542
L07715	1	-46,7054395	-23,4973447	1332	0,0751	0,0347	2162	1641	521
L07716	2	-46,6940451	-23,4986203	1924	0,104	0,0693	3114	2268	846
L07720	2	-46,6906776	-23,4886152	2477	0,0807	0,0693	4263	2952	1311
L07721	2	-46,7021950	-23,4842550	3320	0,0602	0,0693	6150	4149	2001
L07722	1	-46,7100048	-23,4798680	2502	0,04	0,0347	4590	3267	1323
L07723	1	-46,7155090	-23,4737413	2363	0,0423	0,0347	4249	3098	1151
L07724	3	-46,7078711	-23,4942478	2028	0,1479	0,104	3798	2545	1253
L07725	2	-46,7203590	-23,4728158	1930	0,1036	0,0693	3380	2566	814
L07728	1	-46,6928374	-23,5037339	1919	0,0521	0,0347	3660	2388	1272
L07729	3	-46,7028160	-23,4979150	3736	0,0803	0,104	6670	4600	2070
L07730	5	-46,7196553	-23,4675600	2010	0,2488	0,1733	3558	2712	846
L07731	1	-46,6997557	-23,4958002	3556	0,0281	0,0347	6178	4337	1841
L07732	1	-46,6916354	-23,4865099	2408	0,0415	0,0347	4588	2950	1638
L07733	2	-46,7048817	-23,4913894	2387	0,0838	0,0693	4271	2986	1285
L07734	4	-46,7077799	-23,4872710	2185	0,1831	0,1386	3723	2810	913
L07736	3	-46,6899944	-23,4971911	1941	0,1546	0,104	3393	2305	1088
L07738	2	-46,7064209	-23,4786059	2105	0,095	0,0693	3957	2729	1228
L07739	2	-46,7128806	-23,4857983	3106	0,0644	0,0693	5261	3930	1331
L07743	1	-46,7214900	-23,4681351	742	0,1348	0,0347	1290	983	307
L07744	1	-46,7099716	-23,4738143	510	0,1961	0,0347	873	675	198
L07748	1	-46,7035579	-23,4832109	1227	0,0815	0,0347	2074	1563	511
L07750	9	-46,7708337	-23,6299871	13605	0,0662	0,312	25821	17652	8169
L07751	2	-46,7857380	-23,6492250	2439	0,082	0,0693	4196	3122	1074
L07752	1	-46,7562863	-23,6156016	3810	0,0262	0,0347	6732	4937	1795
L07754	5	-46,7510131	-23,6228353	4006	0,1248	0,1733	7103	5278	1825
L07755	1	-46,7557573	-23,6290243	3980	0,0251	0,0347	6741	5172	1569
L07756	2	-46,7617923	-23,6408234	4236	0,0472	0,0693	7697	5404	2293
L07758	2	-46,7701188	-23,6470003	3205	0,0624	0,0693	5536	3955	1581
L07759	1	-46,7708253	-23,6346601	2609	0,0383	0,0347	4845	3309	1536
L07760	1	-46,7556667	-23,6404221	3739	0,0267	0,0347	6385	4685	1700
L07761	2	-46,7758320	-23,6436922	4304	0,0465	0,0693	7784	5385	2399
L07762	2	-46,7860069	-23,6438270	3683	0,0543	0,0693	6454	4825	1629
L07763	6	-46,7776614	-23,6511000	4197	0,143	0,208	7100	5325	1775
L07764	1	-46,7625103	-23,6349197	3815	0,0262	0,0347	6862	4883	1979
L07765	2	-46,7497115	-23,6403144	4495	0,0445	0,0693	7813	5662	2151
L07766	1	-46,7870213	-23,6430817	3412	0,0293	0,0347	6214	4373	1841
L07767	1	-46,7490615	-23,6345587	3174	0,0315	0,0347	5702	4133	1569
L07768	4	-46,7739779	-23,6330684	2361	0,1694	0,1386	4577	2954	1623
L07769	5	-46,7686119	-23,6296456	3708	0,1348	0,1733	6898	4781	2117
L07770	3	-46,7542153	-23,6198219	4129	0,0727	0,104	7176	5149	2027
L07772	4	-46,7607719	-23,6385695	2910	0,1375	0,1386	5170	3706	1464
L07773	1	-46,7538973	-23,6349349	4025	0,0248	0,0347	6657	5039	1618
L07774	4	-46,7498755	-23,6363346	2769	0,1445	0,1386	4952	3627	1325
L08186	1	-46,7043257	-23,6097843	2189	0,0457	0,0347	3576	2546	1030
L08188	2	-46,7165770	-23,5900570	2517	0,0795	0,0693	3979	2849	1130
L08189	1	-46,7439953	-23,5966397	2735	0,0366	0,0347	4371	3211	1160
L08190	1	-46,7131334	-23,6188108	3137	0,0319	0,0347	5166	3531	1635
L08193	2	-46,7073893	-23,5739269	1438	0,1391	0,0693	2590	1633	957
L08195	1	-46,7277361	-23,6045363	3437	0,0291	0,0347	5923	4007	1916
L08198	1	-46,7269586	-23,5890197	3106	0,0322	0,0347	5469	3609	1860
L08201	2	-46,7313899	-23,5980074	3354	0,0596	0,0693	5937	3987	1950
L08202	1	-46,7401597	-23,6037788	2287	0,0437	0,0347	4380	2818	1562
L08204	2	-46,7468132	-23,6034358	3032	0,066	0,0693	5249	3566	1683
L08205	2	-46,7205486	-23,5875210	2564	0,078	0,0693	4386	2949	1437
L08206	2	-46,7371220	-23,5927960	2484	0,0805	0,0693	4358	3007	1351
L08209	2	-46,7308370	-23,5944510	2715	0,0737	0,0693	4573	3264	1309
L08211	6	-46,7570506	-23,5977877	2938	0,2042	0,208	5449	3746	1703
L08212	2	-46,7546852	-23,5949824	2625	0,0762	0,0693	4694	3368	1326
L08213	1	-46,7052007	-23,6074205	2725	0,0367	0,0347	4343	3206	1137
L08217	2	-46,7562420	-23,5975109	438	0,4566	0,0693	788	567	221
L08222	1	-46,5231986	-23,5430712	747	0,1339	0,0347	1280	947	333
L08223	4	-46,5031002	-23,5704138	1840	0,2174	0,1386	3025	2358	667
L08225	3	-46,5100191	-23,5446064	4128	0,0727	0,104	7026	5147	1879
L08226	1	-46,5156979	-23,5307305	1416	0,0706	0,0347	2280	1812	468
L08227	2	-46,5050519	-23,5458928	1879	0,1064	0,0693	3494	2368	1126
L08229	4	-46,4982241	-23,5504038	2927	0,1367	0,1386	5051	3739	1312
L08230	2	-46,5221139	-23,5406331	2745	0,0729	0,0693	5219	3471	1748
L08231	1	-46,5079969	-23,5544033	2026	0,0494	0,0347	3550	2546	1004
L08232	2	-46,5442704	-23,5350483	1844	0,1085	0,0693	3342	2318	1024
L08233	2	-46,5151760	-23,5433139	1746	0,1145	0,0693	3085	2237	848
L08234	2	-46,5317956	-23,5421192	3038	0,0658	0,0693	5442	3818	1624
L08235	4	-46,4958682	-23,5663286	2328	0,1718	0,1386	4095	3031	1064
L08236	1	-46,4990570	-23,5735096	2833	0,0353	0,0347	4657	3582	1075
L08237	4	-46,5212577	-23,5434956	2878	0,139	0,1386	5496	3656	1840
L08239	1	-46,5141185	-23,5517464	2105	0,0475	0,0347	3730	2686	1044
L08241	1	-46,4913846	-23,5478378	2076	0,0482	0,0347	3674	2778	896
L08242	5	-46,5020045	-23,5414163	2155	0,232	0,1733	4183	2801	1382
L08243	1	-46,5065643	-23,5285802	1947	0,0514	0,0347	3332	2479	853
L08244	3	-46,4849359	-23,5443559	2408	0,1246	0,104	4352	3219	1133
L08245	3	-46,4984607	-23,5625811	3684	0,0814	0,104	6646	4873	1773
L08246	1	-46,5143049	-23,5325952	2090	0,0478	0,0347	3736	2717	1019
L08247	3	-46,4906529	-23,5403308	4098	0,0732	0,104	7785	5311	2474
L08248	2	-46,5330363	-23,5393366	1903	0,1051	0,0693	3430	2454	976
L08249	1	-46,5039869	-23,5596938	939	0,1065	0,0347	1554	1207	347
L08250	1	-46,5370743	-23,5335666	1855	0,0539	0,0347	3292	2341	951
L08251	1	-46,5141937	-23,5522187	2485	0,0402	0,0347	4173	3088	1085
L08252	2	-46,4996257	-23,5474295	2491	0,0803	0,0693	4201	3182	1019
L08254	2	-46,5030630	-23,5515660	2892	0,0692	0,0693	5108	3701	1407
L08255	1	-46,4930480	-23,5384900	1910	0,0524	0,0347	3638	2415	1223
L08256	6	-46,5191281	-23,5450183	2851	0,2105	0,208	5189	3512	1677
L08257	1	-46,4932714	-23,5642955	2006	0,0499	0,0347	3537	2652	885
L08258	4	-46,5095374	-23,5384628	2376	0,1684	0,1386	4461	3015	1446
L08260	1	-46,5041450	-23,5368140	2070	0,0483	0,0347	3558	2654	904
L08261	1	-46,5328060	-23,5351986	2423	0,0413	0,0347	4244	2978	1266
L08262	2	-46,5005028	-23,5350092	2427	0,0824	0,0693	4145	3117	1028
L08268	2	-46,5382964	-23,5663555	2910	0,0687	0,0693	5207	3628	1579
L08270	2	-46,5267515	-23,5750205	769	0,2601	0,0693	1358	1007	351
L08271	3	-46,5489169	-23,5706004	2230	0,1345	0,104	4306	2779	1527
L08272	2	-46,5288323	-23,5727122	2238	0,0894	0,0693	4229	2897	1332
L08273	1	-46,5293776	-23,5796946	1844	0,0542	0,0347	3265	2427	838
L08274	3	-46,5439614	-23,5676780	2439	0,123	0,104	5027	3105	1922
L08275	1	-46,5344569	-23,5777136	2311	0,0433	0,0347	4317	2988	1329
L08278	2	-46,5421410	-23,5610590	3394	0,0589	0,0693	6342	4245	2097
L08279	7	-46,5397986	-23,5751068	3183	0,2199	0,2426	5939	4067	1872
L08280	2	-46,5272729	-23,5842759	3215	0,0622	0,0693	5879	4206	1673
L08281	3	-46,5410608	-23,5606823	3255	0,0922	0,104	5649	4123	1526
L08283	1	-46,5276225	-23,5710305	2727	0,0367	0,0347	5111	3464	1647
L08287	2	-46,5495140	-23,5691620	649	0,3082	0,0693	1068	790	278
L08288	1	-46,5338955	-23,5680719	1022	0,0978	0,0347	1667	1284	383
L08290	1	-46,5242645	-23,5744660	1705	0,0587	0,0347	2898	2194	704
L08291	2	-46,5310432	-23,5705664	1533	0,1305	0,0693	2532	1897	635
L08292	1	-46,5847312	-23,4571192	1974	0,0507	0,0347	3768	2560	1208
L08293	2	-46,6083813	-23,4903083	2174	0,092	0,0693	3215	2572	643
L08294	2	-46,5977750	-23,4858511	966	0,207	0,0693	1572	1230	342
L08296	3	-46,5867358	-23,4804731	3045	0,0985	0,104	5362	3770	1592
L08297	1	-46,5922270	-23,4778802	3114	0,0321	0,0347	5691	3862	1829
L08298	1	-46,5964456	-23,4816480	2676	0,0374	0,0347	5140	3366	1774
L08299	2	-46,5792804	-23,4590009	1688	0,1185	0,0693	3422	2181	1241
L08300	1	-46,5778738	-23,4504834	1879	0,0532	0,0347	3503	2489	1014
L08301	6	-46,5806496	-23,4548081	4543	0,1321	0,208	8491	6011	2480
L08302	3	-46,5835571	-23,4654238	2768	0,1084	0,104	5668	3556	2112
L08304	1	-46,5865198	-23,4701787	2754	0,0363	0,0347	5084	3408	1676
L08305	2	-46,5732891	-23,4514774	4266	0,0469	0,0693	8509	5988	2521
L08306	1	-46,5810523	-23,4735563	1953	0,0512	0,0347	3282	2468	814
L08307	2	-46,5775231	-23,4668711	3245	0,0616	0,0693	6063	4171	1892
L08308	4	-46,5845419	-23,4570823	3848	0,104	0,1386	7444	5062	2382
L08309	2	-46,5870109	-23,4731635	2255	0,0887	0,0693	4250	2778	1472
L08310	1	-46,5695747	-23,4643168	1609	0,0622	0,0347	2951	2225	726
L08311	1	-46,5815415	-23,4752510	2413	0,0414	0,0347	4364	2919	1445
L08312	1	-46,5846950	-23,4614040	3278	0,0305	0,0347	6142	4077	2065
L08313	1	-46,5922900	-23,4849578	1618	0,0618	0,0347	3176	1990	1186
L08314	4	-46,6000523	-23,4896398	3153	0,1269	0,1386	5703	3872	1831
L08315	1	-46,5745111	-23,4595761	955	0,1047	0,0347	1762	1337	425
L08320	3	-46,5866345	-23,4663679	2991	0,1003	0,104	5086	3758	1328
L08321	2	-46,6023221	-23,4823452	4184	0,0478	0,0693	7555	5096	2459
L08325	1	-46,5316668	-23,6073717	2872	0,0348	0,0347	5114	3787	1327
L08326	2	-46,5355996	-23,6112794	1612	0,1241	0,0693	2758	2088	670
L08327	5	-46,5339774	-23,5909237	3590	0,1393	0,1733	6889	4568	2321
L08328	4	-46,5218639	-23,6015171	3067	0,1304	0,1386	5474	3871	1603
L08329	3	-46,5324351	-23,6017298	2549	0,1177	0,104	4651	3215	1436
L08330	5	-46,5220144	-23,6090632	4420	0,1131	0,1733	8006	5587	2419
L08331	1	-46,5224167	-23,5870214	2150	0,0465	0,0347	3937	2882	1055
L08332	3	-46,5276317	-23,6081073	3269	0,0918	0,104	5625	4153	1472
L08333	4	-46,5151342	-23,5886563	3403	0,1175	0,1386	6060	4434	1626
L08334	1	-46,5237361	-23,5957342	4037	0,0248	0,0347	7533	5184	2349
L08335	2	-46,5288900	-23,6093393	3208	0,0623	0,0693	5889	4085	1804
L08337	2	-46,5124860	-23,5891800	2899	0,069	0,0693	5040	3740	1300
L08338	1	-46,5148744	-23,5961389	3454	0,029	0,0347	6476	4342	2134
L08339	2	-46,5170364	-23,6013813	1959	0,1021	0,0693	3455	2476	979
L08340	3	-46,5365552	-23,5957785	3050	0,0984	0,104	5865	3909	1956
L08342	2	-46,5266764	-23,5902384	2424	0,0825	0,0693	4325	3078	1247
L08344	1	-46,5190849	-23,6068070	2708	0,0369	0,0347	4764	3597	1167
L08345	3	-46,5147192	-23,6040731	1897	0,1581	0,104	3330	2446	884
L08346	2	-46,5159118	-23,5981902	1878	0,1065	0,0693	3155	2401	754
L08347	1	-46,5166850	-23,6068230	703	0,1422	0,0347	1291	914	377
L08348	1	-46,5374573	-23,5872801	1735	0,0576	0,0347	2944	2171	773
L08349	1	-46,5265229	-23,5911881	1522	0,0657	0,0347	2691	1958	733
L08351	4	-46,5255369	-23,5976545	4099	0,0976	0,1386	7280	5240	2040
L08353	2	-46,6568120	-23,6724366	2485	0,0805	0,0693	4291	3131	1160
L08354	1	-46,6718510	-23,6480180	3606	0,0277	0,0347	5953	4267	1686
L08356	1	-46,6748209	-23,6629694	2548	0,0392	0,0347	4677	3256	1421
L08357	2	-46,6566918	-23,6673339	2867	0,0698	0,0693	5558	3511	2047
L08359	2	-46,6440225	-23,6904889	4358	0,0459	0,0693	8287	5678	2609
L08360	1	-46,6643846	-23,6634460	2151	0,0465	0,0347	3871	2637	1234
L08361	1	-46,6490180	-23,6808501	3642	0,0275	0,0347	6749	4652	2097
L08362	4	-46,6599252	-23,6645331	3182	0,1257	0,1386	5899	3877	2022
L08364	1	-46,6666281	-23,6643337	2350	0,0426	0,0347	4231	2884	1347
L08366	2	-46,6568661	-23,6677858	2114	0,0946	0,0693	4127	2597	1530
L08367	1	-46,6760160	-23,6550423	3987	0,0251	0,0347	6800	4757	2043
L08369	5	-46,6692349	-23,6669498	3705	0,135	0,1733	6566	4618	1948
L08370	4	-46,6619825	-23,6713695	2545	0,1572	0,1386	4510	3118	1392
L08371	2	-46,6452777	-23,6816754	2288	0,0874	0,0693	4435	3097	1338
L08372	3	-46,6459844	-23,6750154	2880	0,1042	0,104	5258	3622	1636
L08373	3	-46,6423561	-23,6824358	4047	0,0741	0,104	7666	5249	2417
L08374	1	-46,6583497	-23,6731895	2392	0,0418	0,0347	4435	3139	1296
L08375	2	-46,6386530	-23,6906350	1750	0,1143	0,0693	3291	2401	890
L08377	1	-46,6776829	-23,6644228	3581	0,0279	0,0347	6118	4373	1745
L08379	2	-46,4032172	-23,4985582	2538	0,0788	0,0693	4585	3259	1326
L08380	2	-46,3955110	-23,5079850	4070	0,0491	0,0693	7143	5356	1787
L08381	1	-46,3943443	-23,5046166	3160	0,0316	0,0347	5695	4002	1693
L08382	3	-46,3763198	-23,4939856	3628	0,0827	0,104	6476	4624	1852
L08383	2	-46,3769440	-23,4873573	2331	0,0858	0,0693	4327	3221	1106
L08384	3	-46,3985890	-23,5096370	3537	0,0848	0,104	6428	4541	1887
L08385	1	-46,3767415	-23,5064594	1891	0,0529	0,0347	3406	2573	833
L08386	2	-46,3879010	-23,5188440	3845	0,052	0,0693	6696	5024	1672
L08387	4	-46,3754478	-23,4964448	3203	0,1249	0,1386	5688	4215	1473
L08389	1	-46,3884186	-23,5122760	2336	0,0428	0,0347	4350	3214	1136
L08390	3	-46,3766695	-23,5066526	4172	0,0719	0,104	7610	5548	2062
L08391	3	-46,3965404	-23,5176660	3624	0,0828	0,104	6265	4666	1599
L08394	1	-46,3870301	-23,4964237	3348	0,0299	0,0347	5936	4200	1736
L08396	4	-46,3830556	-23,4914097	2865	0,1396	0,1386	5005	3783	1222
L08397	2	-46,3844165	-23,4797530	3246	0,0616	0,0693	5337	4090	1247
L08398	1	-46,4040381	-23,5003398	2632	0,038	0,0347	4564	3375	1189
L08399	3	-46,3842236	-23,5203421	3359	0,0893	0,104	6149	4622	1527
L08400	3	-46,3850728	-23,5122978	3974	0,0755	0,104	7123	5016	2107
L08404	4	-46,3922999	-23,4852473	2625	0,1524	0,1386	4589	3442	1147
L08405	1	-46,3718376	-23,5014239	2671	0,0374	0,0347	4809	3768	1041
L08407	1	-46,3789952	-23,5024583	2675	0,0374	0,0347	4880	3556	1324
L08408	2	-46,3900305	-23,4923096	2762	0,0724	0,0693	5089	3777	1312
L08409	2	-46,4020530	-23,4932319	3373	0,0593	0,0693	6356	4333	2023
L08410	2	-46,3944620	-23,4902290	2920	0,0685	0,0693	5431	3694	1737
L08412	1	-46,3926599	-23,5078228	2908	0,0344	0,0347	5104	3773	1331
L08414	5	-46,3950439	-23,4989421	2828	0,1768	0,1733	5125	3485	1640
L08415	1	-46,3940515	-23,4832409	2647	0,0378	0,0347	4861	3522	1339
L08416	3	-46,3888850	-23,4978960	1488	0,2016	0,104	2526	1944	582
L08417	2	-46,3806444	-23,5150740	2751	0,0727	0,0693	4718	3665	1053
L08418	5	-46,3817906	-23,5034832	3675	0,1361	0,1733	6492	4833	1659
L08419	1	-46,3864385	-23,4906431	1177	0,085	0,0347	2039	1548	491
L08424	1	-46,4006522	-23,5380013	865	0,1156	0,0347	1585	1163	422
L08425	2	-46,4057199	-23,5624173	3131	0,0639	0,0693	5663	4158	1505
L08426	4	-46,4008912	-23,5381934	3356	0,1192	0,1386	6116	4546	1570
L08427	2	-46,4213722	-23,5297891	4764	0,042	0,0693	7765	5959	1806
L08429	1	-46,4009383	-23,5583730	2595	0,0385	0,0347	4383	3368	1015
L08430	3	-46,4157806	-23,5492070	1808	0,1659	0,104	3393	2325	1068
L08431	1	-46,4023983	-23,5435780	3363	0,0297	0,0347	5917	4490	1427
L08432	4	-46,4189254	-23,5384808	3214	0,1245	0,1386	5635	4179	1456
L08435	3	-46,4142302	-23,5447436	2123	0,1413	0,104	4075	2620	1455
L08436	6	-46,4107031	-23,5355506	3955	0,1517	0,208	7305	5186	2119
L08437	2	-46,3986836	-23,5531127	1923	0,104	0,0693	3328	2531	797
L08438	1	-46,4254538	-23,5250259	3705	0,027	0,0347	6437	4786	1651
L08439	1	-46,4207673	-23,5460751	2866	0,0349	0,0347	5637	3838	1799
L08440	2	-46,4091642	-23,5275663	2973	0,0673	0,0693	5298	3892	1406
L08441	2	-46,3973726	-23,5355326	2439	0,082	0,0693	4306	3101	1205
L08442	1	-46,3994934	-23,5325352	3824	0,0262	0,0347	7163	5062	2101
L08443	2	-46,4155334	-23,5455554	1247	0,1604	0,0693	2181	1603	578
L08444	2	-46,3977921	-23,5358129	2757	0,0725	0,0693	5165	3761	1404
L08445	1	-46,4037610	-23,5596980	3457	0,0289	0,0347	2665	1848	817
L08448	4	-46,4087514	-23,5527119	2094	0,191	0,1386	4017	2779	1238
L08449	1	-46,4174509	-23,5537296	2587	0,0387	0,0347	5105	3534	1571
L08450	2	-46,4075993	-23,5541832	3404	0,0588	0,0693	5663	4220	1443
L08452	1	-46,4116268	-23,5278328	3591	0,0278	0,0347	6073	4598	1475
L08454	3	-46,4066295	-23,5366390	2713	0,1106	0,104	4822	3590	1232
L08455	2	-46,4007548	-23,5495498	2353	0,085	0,0693	4306	3004	1302
L08456	1	-46,4126165	-23,5416929	2557	0,0391	0,0347	4651	3173	1478
L08457	2	-46,3967810	-23,5545250	1819	0,11	0,0693	3404	2514	890
L08458	2	-46,4104297	-23,5438072	1432	0,1397	0,0693	2582	1817	765
L08461	1	-46,4228459	-23,5390975	2171	0,0461	0,0347	3128	2231	897
L08463	1	-46,4145590	-23,5542970	860	0,1163	0,0347	1549	1145	404
L08464	2	-46,3928375	-23,5277915	1978	0,1011	0,0693	3363	2579	784
L08846	2	-46,6604530	-23,7438933	5276	0,0379	0,0693	8555	6524	2031
L08847	1	-46,7045504	-23,7542184	5925	0,0169	0,0347	10150	7592	2558
L08848	2	-46,6708362	-23,7427238	3254	0,0615	0,0693	5197	4056	1141
L08849	4	-46,6810095	-23,7397520	2444	0,1637	0,1386	4220	3097	1123
L08850	2	-46,6964318	-23,7396716	3205	0,0624	0,0693	5411	4075	1336
L08851	3	-46,7029441	-23,7482829	3251	0,0923	0,104	5688	4114	1574
L08852	2	-46,7044580	-23,7593862	2527	0,0791	0,0693	4290	3181	1109
L08853	1	-46,6805020	-23,7527693	3612	0,0277	0,0347	6315	4616	1699
L08855	1	-46,6862668	-23,7395049	2065	0,0484	0,0347	3450	2670	780
L08856	1	-46,6732124	-23,7614879	1860	0,0538	0,0347	3183	2357	826
L08857	1	-46,6632244	-23,7341199	4646	0,0215	0,0347	7764	5913	1851
L08858	1	-46,6957840	-23,7538980	1671	0,0598	0,0347	2892	2171	721
L08860	4	-46,6895040	-23,7350676	2726	0,1467	0,1386	4411	3424	987
L08862	1	-46,6941916	-23,7361482	4568	0,0219	0,0347	8304	5797	2507
L08863	2	-46,6886063	-23,7505995	3166	0,0632	0,0693	5819	4112	1707
L08864	1	-46,6731203	-23,7622871	4632	0,0216	0,0347	7907	6053	1854
L08865	2	-46,6897118	-23,7494669	2152	0,0929	0,0693	3650	2758	892
L08866	2	-46,6833302	-23,7528996	2031	0,0985	0,0693	3523	2593	930
L08867	2	-46,6470260	-23,7040291	3006	0,0665	0,0693	4976	3854	1122
L08868	2	-46,6655617	-23,7587693	1918	0,1043	0,0693	3164	2426	738
L08869	1	-46,6976128	-23,7478250	3454	0,029	0,0347	5909	4430	1479
L08870	2	-46,6818898	-23,7403681	3700	0,0541	0,0693	6280	4769	1511
L08871	2	-46,6684971	-23,7532554	4993	0,0401	0,0693	8570	6421	2149
L08872	1	-46,6890875	-23,7386502	2798	0,0357	0,0347	4627	3538	1089
L08874	3	-46,6701917	-23,7428868	5030	0,0596	0,104	8684	6561	2123
L08875	4	-46,6915742	-23,7450075	3614	0,1107	0,1386	6510	4487	2023
L08876	2	-46,6681724	-23,7475017	2547	0,0785	0,0693	4140	3222	918
L08877	2	-46,6835726	-23,7554717	2265	0,0883	0,0693	4116	2760	1356
L08878	1	-46,6965550	-23,7515210	1325	0,0755	0,0347	2198	1720	478
L08879	3	-46,6771720	-23,7532160	2969	0,101	0,104	5144	3881	1263
L08880	3	-46,6703618	-23,7532358	3720	0,0806	0,104	5940	4631	1309
L08881	2	-46,7044858	-23,7451062	1853	0,1079	0,0693	2879	2295	584
L08883	1	-46,6962564	-23,7488134	1292	0,0774	0,0347	2132	1641	491
L08885	4	-46,7826347	-23,7426504	5319	0,0752	0,1386	9184	6673	2511
L08887	1	-46,7821867	-23,7409511	5907	0,0169	0,0347	10173	7415	2758
L08888	2	-46,7449271	-23,6845334	3976	0,0503	0,0693	6506	4872	1634
L08889	1	-46,7529192	-23,6919752	3326	0,0301	0,0347	5647	4219	1428
L08890	2	-46,7816360	-23,7154750	1211	0,1652	0,0693	2073	1497	576
L08891	1	-46,7705221	-23,7208213	4451	0,0225	0,0347	7568	5541	2027
L08894	2	-46,7822515	-23,7187870	4175	0,0479	0,0693	7569	5347	2222
L08896	3	-46,7722560	-23,6977360	3286	0,0913	0,104	5962	4211	1751
L08897	2	-46,7579085	-23,6866996	1823	0,1097	0,0693	3092	2340	752
L08898	1	-46,7422115	-23,6767859	1163	0,086	0,0347	1825	1417	408
L08899	2	-46,7296989	-23,6686244	4808	0,0416	0,0693	7532	5810	1722
L08900	2	-46,7459944	-23,6760859	3870	0,0517	0,0693	6211	4807	1404
L08901	2	-46,7645258	-23,6853526	2060	0,0971	0,0693	3371	2470	901
L08902	2	-46,7420691	-23,6929780	3706	0,054	0,0693	6165	4741	1424
L08903	1	-46,7549903	-23,6797057	2449	0,0408	0,0347	4419	3166	1253
L08904	3	-46,7658122	-23,6917667	2592	0,1157	0,104	4485	3296	1189
L08905	1	-46,7646740	-23,6894253	1784	0,0561	0,0347	2837	2183	654
L08906	3	-46,7756880	-23,7009931	3097	0,0969	0,104	5172	3825	1347
L08908	2	-46,7789630	-23,7147600	3404	0,0588	0,0693	5872	4422	1450
L08909	2	-46,7343899	-23,6780392	4253	0,047	0,0693	6926	5231	1695
L08910	1	-46,7644449	-23,7005122	3583	0,0279	0,0347	6421	4721	1700
L08911	3	-46,7895404	-23,7358720	4436	0,0676	0,104	7779	5629	2150
L08912	1	-46,7544275	-23,6715623	3436	0,0291	0,0347	5880	4460	1420
L08914	1	-46,7644205	-23,6860017	2545	0,0393	0,0347	4224	3108	1116
L08915	2	-46,7923315	-23,7092825	2309	0,0866	0,0693	4001	2961	1040
L08916	1	-46,7607341	-23,6898202	637	0,157	0,0347	1036	792	244
L08917	2	-46,7474059	-23,6737216	2586	0,0773	0,0693	4466	3168	1298
L08918	5	-46,7646129	-23,6800985	3973	0,1258	0,1733	7083	4944	2139
L08919	2	-46,7518905	-23,6805097	3188	0,0627	0,0693	5387	4046	1341
L08920	2	-46,7717602	-23,6885585	3458	0,0578	0,0693	6360	4250	2110
L08921	4	-46,7477778	-23,6709060	3171	0,1261	0,1386	5519	3877	1642
L08922	1	-46,7486749	-23,6678597	2396	0,0417	0,0347	3958	3033	925
L08923	1	-46,7515278	-23,6806812	949	0,1054	0,0347	1668	1256	412
L08924	2	-46,7528366	-23,6745244	3179	0,0629	0,0693	5308	3981	1327
L08925	1	-46,7637275	-23,6860902	3526	0,0284	0,0347	6017	4176	1841
L08926	1	-46,7768923	-23,6963317	2699	0,0371	0,0347	4639	3456	1183
L08927	1	-46,7602288	-23,6921984	3141	0,0318	0,0347	5143	3919	1224
L08930	2	-46,7603013	-23,6823176	2127	0,094	0,0693	3532	2612	920
L08931	4	-46,7926628	-23,7318431	4353	0,0919	0,1386	7513	5588	1925
L08932	2	-46,7488560	-23,6665560	1906	0,1049	0,0693	3162	2420	742
L08933	3	-46,7407017	-23,6677721	3280	0,0915	0,104	5502	4064	1438
L08934	2	-46,7701634	-23,7200619	4256	0,047	0,0693	7146	5402	1744
L08935	1	-46,7929187	-23,7310998	1139	0,0878	0,0347	1868	1439	429
L08936	1	-46,7568865	-23,7221715	4624	0,0216	0,0347	7539	5712	1827
L08939	1	-46,7687891	-23,6747016	1964	0,0509	0,0347	3621	2542	1079
L08940	2	-46,7643695	-23,6705361	2617	0,0764	0,0693	4716	3439	1277
L08941	1	-46,7584936	-23,6672249	1847	0,0541	0,0347	3218	2371	847
L08942	1	-46,7709966	-23,6560362	1558	0,0642	0,0347	2772	2007	765
L08944	1	-46,7869811	-23,6550768	3281	0,0305	0,0347	5927	4213	1714
L08945	2	-46,7595495	-23,6741975	3422	0,0584	0,0693	5713	4273	1440
L08946	1	-46,7599809	-23,6583845	3828	0,0261	0,0347	6414	4828	1586
L08947	3	-46,7588097	-23,6679219	3084	0,0973	0,104	5635	3906	1729
L08948	1	-46,7709966	-23,6560362	4506	0,0222	0,0347	7853	5738	2115
L08949	1	-46,7514131	-23,6635812	2498	0,04	0,0347	4346	3049	1297
L08950	1	-46,7904828	-23,6530515	1902	0,0526	0,0347	3059	2375	684
L08951	1	-46,7886418	-23,6575053	2044	0,0489	0,0347	3413	2611	802
L08952	2	-46,7676270	-23,6679840	4298	0,0465	0,0693	7695	5421	2274
L08954	1	-46,7664599	-23,6622186	3884	0,0257	0,0347	7168	4912	2256
L08955	2	-46,7671835	-23,6773241	4100	0,0488	0,0693	7105	5165	1940
L08957	1	-46,7797422	-23,6633017	2939	0,034	0,0347	5299	3860	1439
L08958	2	-46,7594862	-23,6585655	2498	0,0801	0,0693	4132	3123	1009
L08961	1	-46,7833170	-23,6591080	3489	0,0287	0,0347	6112	4474	1638
L08963	1	-46,7734927	-23,6740405	2049	0,0488	0,0347	3996	2559	1437
L08964	4	-46,7859043	-23,6612756	2404	0,1664	0,1386	4384	2994	1390
L08965	1	-46,7675970	-23,6617050	4014	0,0249	0,0347	7021	5104	1917
L08968	1	-46,7447610	-23,5760330	1178	0,0849	0,0347	1982	1438	544
L08969	3	-46,7387859	-23,5794283	2272	0,132	0,104	3703	2689	1014
L08970	5	-46,7496719	-23,5825103	2692	0,1857	0,1733	4652	3312	1340
L08972	2	-46,7892721	-23,6004866	3302	0,0606	0,0693	5905	4260	1645
L08973	1	-46,7736965	-23,5753008	3789	0,0264	0,0347	5984	4683	1301
L08975	1	-46,7386988	-23,5779575	1738	0,0575	0,0347	2783	2052	731
L08976	1	-46,7540875	-23,5858304	1209	0,0827	0,0347	1901	1455	446
L08979	2	-46,7659213	-23,5803246	1496	0,1337	0,0693	2293	1792	501
L08980	3	-46,7469625	-23,5508738	2646	0,1134	0,104	4690	3392	1298
L08983	2	-46,7950827	-23,6026719	3496	0,0572	0,0693	6021	4411	1610
L08985	1	-46,7491328	-23,5658101	3021	0,0331	0,0347	5172	3648	1524
L08986	1	-46,7497980	-23,5823512	2155	0,0464	0,0347	3952	2665	1287
L08987	3	-46,7591098	-23,5417165	2410	0,1245	0,104	4045	2988	1057
L08988	1	-46,7545127	-23,5689070	2999	0,0333	0,0347	5372	3588	1784
L08990	6	-46,7660251	-23,5891918	3308	0,1814	0,208	5815	4319	1496
L08992	1	-46,7930101	-23,5823718	1863	0,0537	0,0347	3504	2473	1031
L08994	3	-46,7816430	-23,5898970	4658	0,0644	0,104	8134	5717	2417
L08995	2	-46,7651750	-23,5677029	1499	0,1334	0,0693	2613	1892	721
L08996	1	-46,7543940	-23,5690070	2249	0,0445	0,0347	4437	2776	1661
L08998	2	-46,7616411	-23,5738108	3264	0,0613	0,0693	5781	3909	1872
L08999	1	-46,7748594	-23,5743052	2796	0,0358	0,0347	5077	3810	1267
L09001	1	-46,7812526	-23,5984796	764	0,1309	0,0347	1352	990	362
L09002	1	-46,7911802	-23,5945477	2463	0,0406	0,0347	4395	2990	1405
L09003	1	-46,7642531	-23,5642335	2581	0,0387	0,0347	4184	3120	1064
L09004	2	-46,7583340	-23,5575440	3682	0,0543	0,0693	5975	4245	1730
L09005	1	-46,7525361	-23,5755947	2603	0,0384	0,0347	4580	3179	1401
L09006	3	-46,7920023	-23,5981368	2693	0,1114	0,104	4763	3274	1489
L09007	3	-46,7358487	-23,5809482	3036	0,0988	0,104	5300	3546	1754
L09008	4	-46,7530566	-23,5528242	2689	0,1488	0,1386	4923	3222	1701
L09010	4	-46,7580485	-23,5857090	3186	0,1255	0,1386	6188	4045	2143
L09011	2	-46,7880207	-23,5954377	1331	0,1503	0,0693	2271	1675	596
L09012	1	-46,8008485	-23,5869553	1897	0,0527	0,0347	3203	2480	723
L09013	4	-46,7909036	-23,5841478	1364	0,2933	0,1386	2357	1795	562
L09014	3	-46,7728301	-23,5882790	1446	0,2075	0,104	2514	1859	655
L09018	1	-46,7611711	-23,5732705	570	0,1754	0,0347	932	695	237
L09019	1	-46,7313271	-23,5767877	1362	0,0734	0,0347	2150	1572	578
L09020	1	-46,7515200	-23,5447730	1016	0,0984	0,0347	1828	1298	530
L09022	1	-46,7590170	-23,5574330	1081	0,0925	0,0347	1638	1228	410
L09024	1	-46,7609168	-23,5790059	916	0,1092	0,0347	1524	1133	391
L09027	1	-46,7228401	-23,5715849	2029	0,0493	0,0347	3117	2297	820
L09028	1	-46,7981980	-23,5875620	1279	0,0782	0,0347	2130	1633	497
L09029	1	-46,7397094	-23,5694257	1120	0,0893	0,0347	1808	1282	526
L09033	2	-46,7356399	-23,5512016	1927	0,1038	0,0693	3298	2406	892
L09034	1	-46,7138143	-23,5687160	6650	0,015	0,0347	11871	7672	4199
L09035	1	-46,4892397	-23,5863420	884	0,1131	0,0347	1581	1183	398
L09036	2	-46,4835312	-23,6003513	2527	0,0791	0,0693	4456	3269	1187
L09037	1	-46,4562405	-23,6205281	2079	0,0481	0,0347	3718	2655	1063
L09038	1	-46,4490531	-23,6038892	1178	0,0849	0,0347	1993	1468	525
L09039	2	-46,4545421	-23,6241104	1336	0,1497	0,0693	2381	1745	636
L09040	2	-46,4696590	-23,6129782	2328	0,0859	0,0693	4085	3035	1050
L09041	3	-46,4824676	-23,6012239	2857	0,105	0,104	5384	3613	1771
L09042	3	-46,4746879	-23,6291216	2377	0,1262	0,104	4450	3252	1198
L09043	1	-46,4541133	-23,6084711	2305	0,0434	0,0347	4116	3063	1053
L09044	3	-46,4785593	-23,5947194	2910	0,1031	0,104	5416	3690	1726
L09045	2	-46,4515686	-23,6112921	2639	0,0758	0,0693	4345	3304	1041
L09046	1	-46,4451983	-23,6306149	3152	0,0317	0,0347	5392	4009	1383
L09049	1	-46,4853651	-23,6170989	949	0,1054	0,0347	1778	1284	494
L09050	1	-46,4823318	-23,5909468	1623	0,0616	0,0347	2982	2201	781
L09051	1	-46,4517184	-23,6021242	3466	0,0289	0,0347	6290	4630	1660
L09052	3	-46,4779483	-23,6242638	1949	0,1539	0,104	3678	2733	945
L09053	1	-46,4672283	-23,6339793	888	0,1126	0,0347	1470	1159	311
L09054	4	-46,4796851	-23,6207251	2559	0,1563	0,1386	5002	3387	1615
L09055	1	-46,4697272	-23,6168476	2373	0,0421	0,0347	4452	3100	1352
L09057	2	-46,4881751	-23,5991604	3417	0,0585	0,0693	5868	4270	1598
L09058	5	-46,4473773	-23,6255264	3254	0,1537	0,1733	5325	3988	1337
L09059	2	-46,4626277	-23,6209456	3192	0,0627	0,0693	6229	4211	2018
L09060	4	-46,4915612	-23,5952026	2836	0,141	0,1386	5085	3699	1386
L09061	2	-46,4681630	-23,6266932	2245	0,0891	0,0693	4236	3031	1205
L09062	3	-46,4892324	-23,6122890	2777	0,108	0,104	5135	3576	1559
L09063	2	-46,4785920	-23,6052751	3582	0,0558	0,0693	6447	4604	1843
L09065	8	-46,4573138	-23,6173317	3507	0,2281	0,2773	6005	4481	1524
L09066	2	-46,4621492	-23,6284570	2730	0,0733	0,0693	5142	3766	1376
L09069	1	-46,4670370	-23,6008861	3027	0,033	0,0347	5073	3872	1201
L09070	2	-46,4466713	-23,6086516	4014	0,0498	0,0693	7074	5208	1866
L09071	1	-46,4822288	-23,6131431	2033	0,0492	0,0347	3694	2600	1094
L09073	1	-46,4623540	-23,6265038	2947	0,0339	0,0347	5192	3866	1326
L09074	2	-46,4538383	-23,5987817	2975	0,0672	0,0693	5013	3755	1258
L09075	3	-46,4854339	-23,6126187	1607	0,1867	0,104	2865	2088	777
L09076	1	-46,4921282	-23,5878134	2168	0,0461	0,0347	4122	2686	1436
L09077	2	-46,4645811	-23,6112224	3566	0,0561	0,0693	6521	4469	2052
L09078	1	-46,4574058	-23,6320001	2934	0,0341	0,0347	5182	3779	1403
L09079	1	-46,4516620	-23,6049100	1514	0,0661	0,0347	2644	1971	673
L09080	2	-46,4532396	-23,6020534	2820	0,0709	0,0693	4742	3542	1200
L09081	3	-46,4449590	-23,6045710	2945	0,1019	0,104	4772	3692	1080
L09082	1	-46,4571907	-23,6309235	1515	0,066	0,0347	2682	1961	721
L09084	2	-46,4866751	-23,5892640	2723	0,0734	0,0693	4672	3532	1140
L09085	2	-46,4719716	-23,6057020	3309	0,0604	0,0693	6370	4187	2183
L09089	2	-46,4760402	-23,6078220	1380	0,1449	0,0693	2541	1871	670
L09091	2	-46,4719748	-23,6101579	2941	0,068	0,0693	5080	3787	1293
L09092	1	-46,4703344	-23,6125189	2663	0,0376	0,0347	4922	3399	1523
L09094	4	-46,7117310	-23,4620560	3852	0,1038	0,1386	7063	5062	2001
L09098	1	-46,7030593	-23,4716926	3193	0,0313	0,0347	5790	3980	1810
L09099	3	-46,6998285	-23,4605103	2820	0,1064	0,104	4930	3583	1347
L09100	3	-46,6986546	-23,4803642	3036	0,0988	0,104	5415	3789	1626
L09101	2	-46,6966832	-23,4469548	4193	0,0477	0,0693	7420	5285	2135
L09102	2	-46,6877814	-23,4600022	3235	0,0618	0,0693	5834	4249	1585
L09103	2	-46,6729691	-23,4629576	3071	0,0651	0,0693	5490	4096	1394
L09104	1	-46,6738756	-23,4613197	2864	0,0349	0,0347	4912	3725	1187
L09105	6	-46,6983080	-23,4693623	4632	0,1295	0,208	8469	5835	2634
L09107	2	-46,6864059	-23,4697610	2203	0,0908	0,0693	4116	2829	1287
L09108	1	-46,6874952	-23,4598553	1493	0,067	0,0347	2681	1920	761
L09109	1	-46,7072163	-23,4599973	3074	0,0325	0,0347	5299	3983	1316
L09110	1	-46,6932484	-23,4764397	3726	0,0268	0,0347	6985	4801	2184
L09111	2	-46,6780978	-23,4504874	2994	0,0668	0,0693	5456	3938	1518
L09112	1	-46,6975146	-23,4687553	3273	0,0306	0,0347	6109	4041	2068
L09113	1	-46,6882642	-23,4736711	3556	0,0281	0,0347	6282	4605	1677
L09115	1	-46,7003948	-23,4748538	1533	0,0652	0,0347	2655	1984	671
L09116	4	-46,6837802	-23,4832228	2960	0,1351	0,1386	5049	3734	1315
L09117	1	-46,7020440	-23,4580940	3715	0,0269	0,0347	6828	4901	1927
L09118	4	-46,6795279	-23,4641832	7883	0,0507	0,1386	15183	10348	4835
L09119	1	-46,6862656	-23,4703417	2113	0,0473	0,0347	4014	2752	1262
L09123	4	-46,6775348	-23,4595275	3138	0,1275	0,1386	5462	4143	1319
L09124	1	-46,6736651	-23,4709745	2675	0,0374	0,0347	4617	3454	1163
L09125	5	-46,6906963	-23,4692644	2790	0,1792	0,1733	5131	3574	1557
L09126	4	-46,6908864	-23,4686604	3640	0,1099	0,1386	6924	4603	2321
L09128	1	-46,6783972	-23,4823657	2002	0,05	0,0347	3343	2538	805
L09129	1	-46,6940812	-23,4585925	3967	0,0252	0,0347	6922	5126	1796
L09130	2	-46,6766890	-23,4765394	2390	0,0837	0,0693	4244	3085	1159
L09131	1	-46,6897540	-23,4625830	1174	0,0852	0,0347	2058	1546	512
L09132	2	-46,6750425	-23,4517869	1995	0,1003	0,0693	3463	2543	920
L09133	2	-46,7011104	-23,4695152	700	0,2857	0,0693	1136	907	229
L09135	1	-46,6875898	-23,4827743	3242	0,0308	0,0347	6012	4001	2011
L09137	1	-46,6974031	-23,4623180	3119	0,0321	0,0347	5897	3958	1939
L09138	2	-46,6809709	-23,4669256	2642	0,0757	0,0693	4579	3416	1163
L09139	1	-46,6817321	-23,4657822	721	0,1387	0,0347	1209	945	264
L09140	2	-46,6847958	-23,4501963	1360	0,1471	0,0693	2370	1722	648
L09142	1	-46,6871539	-23,4821017	1630	0,0613	0,0347	2758	2043	715
L09324	5	-46,6807410	-23,7669661	7735	0,0646	0,1733	13259	9980	3279
L09325	7	-46,7263218	-23,8274592	6787	0,1031	0,2426	12142	8727	3415
L09327	1	-46,7068713	-23,8607984	3425	0,0292	0,0347	5439	4161	1278
L09328	2	-46,7141076	-23,7756410	2776	0,072	0,0693	4851	3566	1285
L09329	2	-46,7322899	-23,8269933	2869	0,0697	0,0693	5349	3686	1663
L09330	3	-46,7376117	-23,8118259	2470	0,1215	0,104	4187	3091	1096
L09331	1	-46,7035072	-23,7651387	3604	0,0277	0,0347	6158	4583	1575
L09332	4	-46,6902192	-23,7830774	3543	0,1129	0,1386	5840	4560	1280
L09334	3	-46,7177616	-23,7331948	2616	0,1147	0,104	4208	3249	959
L09336	7	-46,7167371	-23,7695068	4256	0,1645	0,2426	7217	5340	1877
L09337	1	-46,7106055	-23,7451522	2081	0,0481	0,0347	3438	2605	833
L09338	3	-46,7047219	-23,7660765	3374	0,0889	0,104	5373	4248	1125
L09339	1	-46,7290105	-23,8229399	2160	0,0463	0,0347	3913	2829	1084
L09340	1	-46,7557667	-23,8674974	1613	0,062	0,0347	2893	2210	683
L09341	2	-46,6962116	-23,7633829	3630	0,0551	0,0693	5815	4452	1363
L09342	1	-46,6978953	-23,8459940	2662	0,0376	0,0347	4306	3337	969
L09344	4	-46,6923854	-23,7664548	2534	0,1579	0,1386	4216	3211	1005
L09345	2	-46,7226984	-23,7765320	3746	0,0534	0,0693	6480	4713	1767
L09346	3	-46,6969438	-23,7768204	4723	0,0635	0,104	7671	5863	1808
L09347	3	-46,7059302	-23,7403363	3101	0,0967	0,104	5690	3864	1826
L09348	1	-46,7339841	-23,8396236	1854	0,0539	0,0347	2931	2282	649
L09349	1	-46,7350231	-23,8069913	1390	0,0719	0,0347	2367	1744	623
L09354	1	-46,7215514	-23,7884838	566	0,1767	0,0347	797	644	153
L09356	1	-46,7319307	-23,7919749	4689	0,0213	0,0347	8175	6073	2102
L09357	3	-46,6847035	-23,7863114	4077	0,0736	0,104	6645	5160	1485
L09359	1	-46,7146448	-23,8112468	946	0,1057	0,0347	1579	1184	395
L09360	1	-46,7119437	-23,7376852	1979	0,0505	0,0347	3356	2393	963
L09362	1	-46,7145555	-23,7851162	4313	0,0232	0,0347	7001	5315	1686
L09367	1	-46,7096936	-23,7717519	1892	0,0529	0,0347	3177	2421	756
L09370	3	-46,7127840	-23,7642340	2495	0,1202	0,104	4004	3110	894
L09373	2	-46,7126190	-23,8613850	4278	0,0468	0,0693	6351	5045	1306
L09375	1	-46,7273286	-23,8287482	1211	0,0826	0,0347	1981	1489	492
L09377	1	-46,7365620	-23,7988400	2015	0,0496	0,0347	3368	2542	826
L09378	1	-46,7097768	-23,7408594	891	0,1122	0,0347	1393	1110	283
L09644	4	-46,7595246	-23,4046073	6764	0,0591	0,1386	12622	8645	3977
L09645	2	-46,7119327	-23,4419746	3269	0,0612	0,0693	5682	4161	1521
L09646	4	-46,7549560	-23,4068430	2871	0,1393	0,1386	5297	3589	1708
L09647	2	-46,7170362	-23,4446937	2209	0,0905	0,0693	3864	2823	1041
L09649	2	-46,7155247	-23,4498055	1779	0,1124	0,0693	3423	2452	971
L09650	1	-46,7167070	-23,4450305	2708	0,0369	0,0347	4712	3446	1266
L09651	1	-46,7918881	-23,4360240	1363	0,0734	0,0347	2182	1702	480
L09653	2	-46,7571522	-23,4107543	2816	0,071	0,0693	5154	3588	1566
L09654	1	-46,7924236	-23,4385264	2360	0,0424	0,0347	4480	3143	1337
L09655	1	-46,7754560	-23,4356680	2685	0,0372	0,0347	4347	3385	962
L09656	3	-46,7076665	-23,4422276	2819	0,1064	0,104	4709	3625	1084
L09659	1	-46,7160862	-23,4514401	2588	0,0386	0,0347	4894	3251	1643
L09660	2	-46,7415768	-23,4083171	2643	0,0757	0,0693	4472	3454	1018
L09663	2	-46,7399698	-23,4091960	1434	0,1395	0,0693	2605	1936	669
L09664	1	-46,7473147	-23,4131502	2105	0,0475	0,0347	3471	2666	805
L09666	3	-46,7516173	-23,3995291	2810	0,1068	0,104	4777	3531	1246
L09669	2	-46,7604130	-23,4096050	2754	0,0726	0,0693	5019	3660	1359
L09670	1	-46,7192047	-23,4348671	2032	0,0492	0,0347	3853	2568	1285
L09671	1	-46,7508213	-23,4136565	4987	0,0201	0,0347	8189	6303	1886
L09673	2	-46,7384315	-23,4028665	2893	0,0691	0,0693	5072	3732	1340
L09675	2	-46,7080670	-23,4494150	1143	0,175	0,0693	1981	1479	502
L09676	2	-46,7277583	-23,4386909	1807	0,1107	0,0693	3125	2351	774
L09677	3	-46,7928284	-23,4298912	2395	0,1253	0,104	3987	2948	1039
L09678	1	-46,7174060	-23,4409910	1966	0,0509	0,0347	3436	2563	873
L09679	1	-46,7290271	-23,4281151	2096	0,0477	0,0347	3630	2766	864
L09680	5	-46,7192925	-23,4350205	2678	0,1867	0,1733	4924	3572	1352
L09682	1	-46,7892030	-23,4388604	2519	0,0397	0,0347	4252	3196	1056
L09683	1	-46,7943213	-23,4324396	3095	0,0323	0,0347	4938	3901	1037
L09684	3	-46,7449950	-23,4008390	1788	0,1678	0,104	3003	2296	707
L09685	1	-46,7141265	-23,4344010	2433	0,0411	0,0347	4113	3094	1019
L09687	1	-46,7169255	-23,4553166	2697	0,0371	0,0347	4650	3488	1162
L09688	1	-46,7166746	-23,4347728	1683	0,0594	0,0347	2857	2153	704
L09698	1	-46,5211510	-23,5024680	3117	0,0321	0,0347	5306	4002	1304
L09699	1	-46,5276842	-23,4983766	2694	0,0371	0,0347	4647	3454	1193
L09700	3	-46,4949911	-23,5049464	2959	0,1014	0,104	5656	3767	1889
L09701	2	-46,5067684	-23,5021411	4523	0,0442	0,0693	8238	6120	2118
L09702	4	-46,5462397	-23,5116021	3181	0,1257	0,1386	5845	4123	1722
L09703	2	-46,5143098	-23,5025941	3250	0,0615	0,0693	6003	4205	1798
L09704	5	-46,5346956	-23,5090208	3162	0,1581	0,1733	6202	4010	2192
L09705	1	-46,4976882	-23,4974521	2912	0,0343	0,0347	5100	3739	1361
L09706	1	-46,5042643	-23,5072875	2017	0,0496	0,0347	3439	2554	885
L09707	2	-46,5102750	-23,5075010	2667	0,075	0,0693	4934	3455	1479
L09709	1	-46,5011218	-23,4970068	2480	0,0403	0,0347	4098	3151	947
L09710	2	-46,5314823	-23,5021289	2230	0,0897	0,0693	4095	2837	1258
L09711	7	-46,5256831	-23,5120904	4021	0,1741	0,2426	7414	5163	2251
L09712	4	-46,5312644	-23,5048651	2786	0,1436	0,1386	5242	3698	1544
L09713	1	-46,5202416	-23,5000815	2013	0,0497	0,0347	3488	2617	871
L09714	2	-46,5267033	-23,5028825	2319	0,0862	0,0693	4701	2945	1756
L09715	3	-46,5417660	-23,5078996	2268	0,1323	0,104	4139	2897	1242
L09716	5	-46,5307769	-23,5112782	2975	0,1681	0,1733	5262	3745	1517
L09717	3	-46,4987106	-23,5049643	2292	0,1309	0,104	3848	2901	947
L09719	1	-46,5199592	-23,4989882	906	0,1104	0,0347	1573	1175	398
L09723	2	-46,5113293	-23,5018991	844	0,237	0,0693	1412	1106	306
L09753	1	-46,4717218	-23,5340019	1145	0,0873	0,0347	1944	1432	512
L09754	2	-46,4761598	-23,5359998	2662	0,0751	0,0693	4728	3332	1396
L09757	3	-46,4799583	-23,5263781	2015	0,1489	0,104	3665	2771	894
L09758	2	-46,4840632	-23,5126634	2966	0,0674	0,0693	5485	3744	1741
L09759	3	-46,4893072	-23,5119538	2407	0,1246	0,104	4544	3045	1499
L09762	1	-46,4813689	-23,5374258	3181	0,0314	0,0347	5713	4094	1619
L09763	3	-46,4896747	-23,5160828	2228	0,1346	0,104	3691	2807	884
L09764	4	-46,4678340	-23,5355610	3575	0,1119	0,1386	6685	4497	2188
L09765	2	-46,4693922	-23,5224683	3655	0,0547	0,0693	6254	4742	1512
L09766	2	-46,4880409	-23,5223342	3475	0,0576	0,0693	6125	4652	1473
L09767	1	-46,5095837	-23,5191133	2136	0,0468	0,0347	3746	2741	1005
L09769	2	-46,4765549	-23,5327711	2321	0,0862	0,0693	4173	2902	1271
L09770	4	-46,5081371	-23,5141476	2763	0,1448	0,1386	5024	3413	1611
L09771	3	-46,4943893	-23,5089738	3192	0,094	0,104	5877	3982	1895
L09772	3	-46,4729202	-23,5342395	2773	0,1082	0,104	4787	3486	1301
L09773	3	-46,4860731	-23,5267363	2945	0,1019	0,104	4827	3741	1086
L09774	3	-46,4773989	-23,5179212	1534	0,1956	0,104	2929	1929	1000
L09776	2	-46,4755638	-23,5306278	1099	0,182	0,0693	1825	1398	427
L09780	3	-46,4939673	-23,5195032	2596	0,1156	0,104	4433	3417	1016
L09781	1	-46,5043724	-23,5151956	911	0,1098	0,0347	1510	1166	344
L09783	6	-46,4752420	-23,5235190	4447	0,1349	0,208	7421	5633	1788
L09925	7	-46,4289892	-23,4865951	4098	0,1708	0,2426	7255	5323	1932
L09926	4	-46,4100903	-23,4872826	3946	0,1014	0,1386	6777	5183	1594
L09927	2	-46,4105791	-23,5212702	3639	0,055	0,0693	6418	4656	1762
L09928	5	-46,4200714	-23,4802190	3350	0,1493	0,1733	5654	4131	1523
L09929	1	-46,4136703	-23,4837091	3959	0,0253	0,0347	6588	5137	1451
L09930	5	-46,4160982	-23,5152778	3213	0,1556	0,1733	5343	4160	1183
L09931	1	-46,4248518	-23,4746436	3594	0,0278	0,0347	5847	4535	1312
L09932	1	-46,4170900	-23,5033830	2547	0,0393	0,0347	4564	3380	1184
L09933	4	-46,4324856	-23,4898223	2690	0,1487	0,1386	4807	3562	1245
L09934	4	-46,4079760	-23,4926871	4280	0,0935	0,1386	7364	5388	1976
L09935	2	-46,4135985	-23,4998743	4252	0,047	0,0693	7458	5385	2073
L09936	1	-46,4103530	-23,5225647	2103	0,0476	0,0347	3821	2877	944
L09937	2	-46,4180284	-23,4905184	3021	0,0662	0,0693	5041	3920	1121
L09938	1	-46,4304864	-23,4825986	3466	0,0289	0,0347	5946	4422	1524
L09940	1	-46,4159193	-23,5160292	2494	0,0401	0,0347	4441	3412	1029
L09941	2	-46,4089885	-23,5011168	2267	0,0882	0,0693	3907	3021	886
L09942	4	-46,4066823	-23,5098630	3334	0,12	0,1386	5872	4480	1392
L09943	3	-46,4100104	-23,4972377	3575	0,0839	0,104	6284	4540	1744
L09944	2	-46,4089885	-23,5099210	2792	0,0716	0,0693	4837	3753	1084
L09945	7	-46,4180582	-23,4867289	3677	0,1904	0,2426	6336	4651	1685
L09949	2	-46,4214494	-23,4876594	3612	0,0554	0,0693	6099	4488	1611
L09950	1	-46,4230488	-23,4832865	2543	0,0393	0,0347	4173	3288	885
L09951	2	-46,4265698	-23,4780423	1572	0,1272	0,0693	2602	2034	568
L09954	1	-46,4581061	-23,4953823	1804	0,0554	0,0347	3147	2304	843
L09955	3	-46,4581061	-23,4953823	1783	0,1683	0,104	3145	2251	894
L09959	1	-46,4626811	-23,5121755	2874	0,0348	0,0347	5221	3497	1724
L09960	1	-46,4662456	-23,5033514	2103	0,0476	0,0347	3666	2754	912
L09961	2	-46,4759909	-23,5120600	2556	0,0782	0,0693	4311	3397	914
L09962	1	-46,4551140	-23,5001057	2153	0,0464	0,0347	3785	2650	1135
L09964	1	-46,4478293	-23,5112363	2288	0,0437	0,0347	3975	3015	960
L09965	2	-46,4559263	-23,4911459	2451	0,0816	0,0693	4152	3143	1009
L09967	2	-46,4485753	-23,5009963	2271	0,0881	0,0693	3893	2812	1081
L09968	1	-46,4469938	-23,5086770	2427	0,0412	0,0347	4394	2952	1442
L09970	4	-46,4560056	-23,5122728	3898	0,1026	0,1386	6534	5016	1518
L09971	4	-46,4610139	-23,4967947	2718	0,1472	0,1386	4758	3458	1300
L09972	2	-46,4663780	-23,5115601	2666	0,075	0,0693	4869	3367	1502
L09973	2	-46,4696520	-23,5041190	2277	0,0878	0,0693	3842	2928	914
L09975	1	-46,4600054	-23,5113119	1114	0,0898	0,0347	2009	1504	505
L10130	2	-46,7515284	-23,4909867	3496	0,0572	0,0693	6108	4518	1590
L10131	5	-46,7422200	-23,4556679	1679	0,2978	0,1733	2902	2091	811
L10132	4	-46,7445881	-23,4500351	3272	0,1222	0,1386	5780	4132	1648
L10134	1	-46,7361616	-23,4500614	2869	0,0349	0,0347	5129	3556	1573
L10136	2	-46,7342707	-23,4485696	2255	0,0887	0,0693	3877	2856	1021
L10138	1	-46,7498728	-23,4458752	1878	0,0532	0,0347	3193	2426	767
L10139	1	-46,7581248	-23,4814649	2609	0,0383	0,0347	4345	3256	1089
L10141	1	-46,7603206	-23,4906328	1931	0,0518	0,0347	3394	2499	895
L10142	1	-46,7493180	-23,4872341	3224	0,031	0,0347	6110	4046	2064
L10143	2	-46,7327693	-23,4440969	2479	0,0807	0,0693	4439	3210	1229
L10144	1	-46,7399232	-23,4365548	2333	0,0429	0,0347	3666	2924	742
L10145	2	-46,7525083	-23,4519450	1441	0,1388	0,0693	2514	1880	634
L10146	2	-46,7518624	-23,4341802	2704	0,074	0,0693	4539	3584	955
L10147	3	-46,7433597	-23,4559128	2088	0,1437	0,104	3915	2589	1326
L10148	1	-46,7311790	-23,4454790	2341	0,0427	0,0347	3944	2990	954
L10149	1	-46,7466848	-23,4441827	3405	0,0294	0,0347	5816	4442	1374
L10151	3	-46,7566652	-23,4897825	2092	0,1434	0,104	3515	2634	881
L10152	1	-46,7319051	-23,4391779	3819	0,0262	0,0347	6289	4770	1519
L10153	3	-46,7291158	-23,4519438	2823	0,1063	0,104	4774	3497	1277
L10154	1	-46,7551396	-23,4729593	2006	0,0499	0,0347	3186	2474	712
L10157	5	-46,4337506	-23,6070194	2460	0,2033	0,1733	4455	3157	1298
L10158	1	-46,3926354	-23,5832254	1568	0,0638	0,0347	2736	1965	771
L10159	2	-46,3986638	-23,5652267	1792	0,1116	0,0693	2935	2258	677
L10161	2	-46,4041961	-23,5809663	1876	0,1066	0,0693	3205	2396	809
L10162	3	-46,4037340	-23,5668844	2580	0,1163	0,104	4380	3282	1098
L10166	2	-46,4073307	-23,5666032	3346	0,0598	0,0693	5875	4258	1617
L10168	4	-46,3812048	-23,5863795	1619	0,2471	0,1386	2724	2074	650
L10169	1	-46,4441227	-23,5965195	3830	0,0261	0,0347	6692	4988	1704
L10170	2	-46,4029258	-23,5791123	3594	0,0556	0,0693	6150	4576	1574
L10172	1	-46,3911438	-23,5781477	2553	0,0392	0,0347	4332	3191	1141
L10173	7	-46,4070213	-23,5656205	2817	0,2485	0,2426	4782	3657	1125
L10174	2	-46,4394834	-23,5946999	2672	0,0749	0,0693	4565	3397	1168
L10175	2	-46,4239217	-23,6195549	2758	0,0725	0,0693	4547	3517	1030
L10176	2	-46,4272779	-23,6121140	2705	0,0739	0,0693	4404	3473	931
L10177	4	-46,4190164	-23,6146521	2988	0,1339	0,1386	5509	4074	1435
L10178	4	-46,4094033	-23,5851215	3329	0,1202	0,1386	5585	4174	1411
L10180	2	-46,4062685	-23,5831792	1633	0,1225	0,0693	2765	2101	664
L10181	1	-46,4265792	-23,6089678	835	0,1198	0,0347	1407	1067	340
L10183	2	-46,3957789	-23,5915363	2543	0,0786	0,0693	4545	3320	1225
L10184	2	-46,3942223	-23,5789990	3555	0,0563	0,0693	6001	4511	1490
L10187	2	-46,3967077	-23,5644405	2905	0,0688	0,0693	5094	3653	1441
L10189	4	-46,4043421	-23,6017481	2151	0,186	0,1386	3771	2855	916
L10190	2	-46,4063933	-23,5926393	3470	0,0576	0,0693	6064	4335	1729
L10191	3	-46,4081455	-23,5938557	2942	0,102	0,104	4794	3605	1189
L10194	2	-46,3915721	-23,5870657	3661	0,0546	0,0693	5997	4550	1447
L10195	1	-46,4005020	-23,5933829	2950	0,0339	0,0347	5001	3717	1284
L10197	2	-46,3997870	-23,5705358	1901	0,1052	0,0693	3155	2448	707
L10198	2	-46,4014360	-23,5912442	4177	0,0479	0,0693	6889	5203	1686
L10199	1	-46,3975433	-23,6095547	3461	0,0289	0,0347	5769	4227	1542
L10200	1	-46,4077080	-23,5934470	2037	0,0491	0,0347	3462	2558	904
L10203	3	-46,4258537	-23,5660747	3386	0,0886	0,104	6124	4511	1613
L10204	8	-46,4437362	-23,5536130	3367	0,2376	0,2773	5872	4414	1458
L10206	6	-46,4374003	-23,5499344	2591	0,2316	0,208	4412	3400	1012
L10207	5	-46,4402616	-23,5431917	2833	0,1765	0,1733	4781	3684	1097
L10208	3	-46,4337487	-23,5491681	3521	0,0852	0,104	6483	4451	2032
L10209	2	-46,4412380	-23,5517239	2465	0,0811	0,0693	4185	3101	1084
L10210	5	-46,4355290	-23,5413160	4313	0,1159	0,1733	7351	5434	1917
L10211	5	-46,4410384	-23,5384069	4053	0,1234	0,1733	7309	5151	2158
L10213	2	-46,4350193	-23,5546910	4684	0,0427	0,0693	8573	6058	2515
L10215	1	-46,4375782	-23,5533997	2536	0,0394	0,0347	4483	3244	1239
L10216	4	-46,4285496	-23,5394983	3748	0,1067	0,1386	6636	4916	1720
L10218	1	-46,4175328	-23,5652073	2492	0,0401	0,0347	4332	3281	1051
L10219	1	-46,4216949	-23,5880443	2893	0,0346	0,0347	4936	3772	1164
L10220	3	-46,4161442	-23,5651315	3039	0,0987	0,104	5389	3972	1417
L10221	1	-46,4326224	-23,5463241	531	0,1883	0,0347	906	716	190
L10222	2	-46,4387810	-23,5470846	1896	0,1055	0,0693	3138	2443	695
L10311	1	-46,7438418	-23,6469973	3989	0,0251	0,0347	6890	4938	1952
L10313	2	-46,7409855	-23,6288859	4572	0,0437	0,0693	7434	5319	2115
L10314	3	-46,7374229	-23,6602461	3948	0,076	0,104	6700	4839	1861
L10315	1	-46,7329180	-23,6456264	3655	0,0274	0,0347	6542	4487	2055
L10316	3	-46,7406208	-23,6440978	2363	0,127	0,104	4428	2886	1542
L10317	1	-46,7326913	-23,6400041	1979	0,0505	0,0347	3493	2460	1033
L10318	2	-46,7348644	-23,6510220	1977	0,1012	0,0693	3469	2405	1064
L10319	2	-46,7322309	-23,6212240	7028	0,0285	0,0693	12398	8767	3631
L10321	4	-46,7373128	-23,6532119	4481	0,0893	0,1386	7802	5537	2265
L10323	1	-46,7448452	-23,6511623	3217	0,0311	0,0347	5549	3996	1553
L10324	3	-46,7404239	-23,6491380	3708	0,0809	0,104	6560	4602	1958
L10325	1	-46,7462436	-23,6209695	4031	0,0248	0,0347	7403	4961	2442
L10327	1	-46,7463527	-23,6415609	1596	0,0627	0,0347	2789	2043	746
L10328	3	-46,7421998	-23,6581125	3665	0,0819	0,104	6040	4563	1477
L10329	2	-46,7515285	-23,6467951	3583	0,0558	0,0693	6346	4335	2011
L10330	1	-46,7277244	-23,6232924	3496	0,0286	0,0347	6463	4523	1940
L10333	1	-46,7411845	-23,6324928	2557	0,0391	0,0347	4483	2941	1542
L10334	3	-46,7309023	-23,6590081	3965	0,0757	0,104	6583	4851	1732
L10335	2	-46,7470038	-23,6574330	4546	0,044	0,0693	7984	5664	2320
L10336	1	-46,7442610	-23,6566420	3010	0,0332	0,0347	5133	3848	1285
L10338	2	-46,7534411	-23,6571085	1904	0,105	0,0693	3281	2446	835
L10342	3	-46,7280051	-23,6215451	3199	0,0938	0,104	5761	3985	1776
L10491	3	-46,6063628	-23,6334842	2562	0,1171	0,104	4662	3165	1497
L10492	1	-46,6086090	-23,6438400	4118	0,0243	0,0347	7089	5189	1900
L10494	2	-46,6056518	-23,6282751	4556	0,0439	0,0693	7496	5612	1884
L10496	1	-46,6171064	-23,6170233	2347	0,0426	0,0347	4315	2704	1611
L10497	4	-46,6090050	-23,6525822	4417	0,0906	0,1386	7225	5438	1787
L10499	1	-46,5946428	-23,6480920	1049	0,0953	0,0347	1738	1365	373
L10500	2	-46,6198639	-23,6259356	4553	0,0439	0,0693	8580	5593	2987
L10501	2	-46,6131234	-23,6336255	3411	0,0586	0,0693	6193	4182	2011
L10502	1	-46,6166660	-23,6283520	2618	0,0382	0,0347	4677	3342	1335
L10503	2	-46,6068182	-23,6262334	2963	0,0675	0,0693	5466	3635	1831
L10504	2	-46,6101359	-23,6467725	2446	0,0818	0,0693	4304	2974	1330
L10505	1	-46,6259535	-23,6310077	2563	0,039	0,0347	4493	3160	1333
L10506	3	-46,5972438	-23,6398797	2835	0,1058	0,104	4669	3551	1118
L10507	2	-46,6088981	-23,6130570	3204	0,0624	0,0693	5234	3891	1343
L10508	3	-46,6226811	-23,6322515	4079	0,0735	0,104	7342	5130	2212
L10510	2	-46,5992590	-23,6380620	2766	0,0723	0,0693	4728	3350	1378
L10511	2	-46,5988854	-23,6473033	3074	0,0651	0,0693	4952	3868	1084
L10512	2	-46,6126960	-23,6136070	2782	0,0719	0,0693	4566	3356	1210
L10513	3	-46,6148883	-23,6223499	2743	0,1094	0,104	4986	3378	1608
L10515	2	-46,5935567	-23,6451630	3108	0,0644	0,0693	5258	3966	1292
L10516	2	-46,6134748	-23,6571470	3833	0,0522	0,0693	5910	4608	1302
L10517	4	-46,6050459	-23,6252795	2397	0,1669	0,1386	4071	2968	1103
L10518	1	-46,6185590	-23,6207827	1571	0,0637	0,0347	2530	1910	620
L10519	1	-46,6097555	-23,6534809	406	0,2463	0,0347	614	485	129
L10610	1	-46,4812016	-23,5483731	3878	0,0258	0,0347	6716	5098	1618
L10611	5	-46,4696904	-23,5681129	5770	0,0867	0,1733	11060	7441	3619
L10612	5	-46,4871909	-23,5625475	3428	0,1459	0,1733	5997	4558	1439
L10615	1	-46,4563702	-23,5747489	3354	0,0298	0,0347	5745	4207	1538
L10616	2	-46,4850436	-23,5755403	2607	0,0767	0,0693	4518	3409	1109
L10618	2	-46,4876555	-23,5528722	3863	0,0518	0,0693	7214	4790	2424
L10619	1	-46,4735226	-23,5580480	2559	0,0391	0,0347	4469	3296	1173
L10620	2	-46,4864496	-23,5496384	3089	0,0647	0,0693	5680	3970	1710
L10621	5	-46,4798018	-23,5438419	3988	0,1254	0,1733	7410	5062	2348
L10623	2	-46,4610673	-23,5638539	2685	0,0745	0,0693	4646	3537	1109
L10624	1	-46,4474483	-23,5693701	1987	0,0503	0,0347	3374	2526	848
L10626	1	-46,4918596	-23,5564505	1317	0,0759	0,0347	2318	1776	542
L10627	5	-46,4652985	-23,5546299	3666	0,1364	0,1733	6843	4619	2224
L10628	1	-46,4787958	-23,5757265	2501	0,04	0,0347	4279	3187	1092
L10632	1	-46,4857928	-23,5493032	1457	0,0686	0,0347	2432	1835	597
L10633	2	-46,4580781	-23,5527746	2129	0,0939	0,0693	3815	2839	976
L10634	1	-46,4834194	-23,5646629	196	0,5102	0,0347	330	245	85
L10635	1	-46,6440127	-23,7047708	4681	0,0214	0,0347	8880	6015	2865
L10636	1	-46,6847532	-23,6873203	930	0,1075	0,0347	1484	1150	334
L10637	1	-46,6758032	-23,6715957	1259	0,0794	0,0347	2143	1542	601
L10638	1	-46,6371403	-23,7009481	1770	0,0565	0,0347	3477	2430	1047
L10639	3	-46,6668566	-23,6825593	3864	0,0776	0,104	6372	4667	1705
L10641	3	-46,6436362	-23,7008286	3775	0,0795	0,104	6742	4811	1931
L10642	4	-46,6355906	-23,7135071	1785	0,2241	0,1386	3599	2383	1216
L10643	1	-46,6714350	-23,6978615	2344	0,0427	0,0347	4232	2899	1333
L10644	3	-46,6556236	-23,6824021	2836	0,1058	0,104	4936	3557	1379
L10645	2	-46,6362933	-23,7001858	2822	0,0709	0,0693	5118	3730	1388
L10646	3	-46,6646874	-23,6848562	3387	0,0886	0,104	6111	4324	1787
L10647	4	-46,6809971	-23,6837327	3113	0,1285	0,1386	5197	3757	1440
L10648	1	-46,6336174	-23,7033308	3476	0,0288	0,0347	6288	4717	1571
L10649	1	-46,6574272	-23,6831739	3484	0,0287	0,0347	6377	4622	1755
L10650	1	-46,6524439	-23,6886719	3624	0,0276	0,0347	6394	4556	1838
L10651	1	-46,6505536	-23,7001667	3622	0,0276	0,0347	6325	4590	1735
L10652	5	-46,6774173	-23,6820430	4275	0,117	0,1733	7370	5418	1952
L10653	1	-46,6580576	-23,7104493	3879	0,0258	0,0347	6559	4846	1713
L10654	2	-46,6484762	-23,6909018	2269	0,0881	0,0693	3946	2781	1165
L10657	2	-46,6712450	-23,6947528	3201	0,0625	0,0693	5811	4046	1765
L10658	2	-46,6345242	-23,7148535	1675	0,1194	0,0693	3216	2354	862
L10659	3	-46,6595246	-23,6891350	2763	0,1086	0,104	4753	3468	1285
L10660	2	-46,6730061	-23,6875554	2843	0,0703	0,0693	5133	3531	1602
L10661	3	-46,6761983	-23,6715815	3187	0,0941	0,104	5530	3861	1669
L10662	2	-46,6553293	-23,6948602	2865	0,0698	0,0693	5307	3647	1660
L10663	1	-46,6656946	-23,6912971	3280	0,0305	0,0347	5926	4159	1767
L10664	1	-46,6822506	-23,6859937	2727	0,0367	0,0347	4800	3284	1516
L10669	5	-46,6638547	-23,6762157	2108	0,2372	0,1733	3608	2741	867
L10670	4	-46,6532948	-23,6930429	4054	0,0987	0,1386	7018	5197	1821
L10671	1	-46,6759703	-23,6706677	1293	0,0773	0,0347	1989	1559	430
L10672	1	-46,6554638	-23,6936711	1054	0,0949	0,0347	1736	1348	388
L10712	1	-46,5930087	-23,4922966	801	0,1248	0,0347	1363	1022	341
L10715	1	-46,5738210	-23,4767120	1723	0,058	0,0347	3005	2230	775
L10716	1	-46,5727801	-23,4924991	1031	0,097	0,0347	1733	1305	428
L10717	3	-46,5630814	-23,4738195	2767	0,1084	0,104	5120	3441	1679
L10718	1	-46,5859510	-23,4876316	2245	0,0445	0,0347	4064	2964	1100
L10719	3	-46,5812144	-23,4890395	2814	0,1066	0,104	4897	3512	1385
L10720	5	-46,5857185	-23,4923051	2198	0,2275	0,1733	3984	2779	1205
L10721	1	-46,5753210	-23,4806909	3112	0,0321	0,0347	5709	3924	1785
L10722	1	-46,5624088	-23,4783293	2298	0,0435	0,0347	4490	2893	1597
L10724	3	-46,5897661	-23,4836253	3533	0,0849	0,104	6457	4363	2094
L10725	1	-46,5743549	-23,4975157	1855	0,0539	0,0347	3076	2333	743
L10727	3	-46,5724481	-23,4898866	3376	0,0889	0,104	6286	4313	1973
L10728	3	-46,5798590	-23,4856546	3035	0,0988	0,104	5717	3858	1859
L10730	1	-46,5677498	-23,4890100	1919	0,0521	0,0347	3223	2470	753
L10731	3	-46,5732850	-23,4796325	3704	0,081	0,104	7087	4869	2218
L10732	1	-46,5717637	-23,4775916	2749	0,0364	0,0347	4752	3504	1248
L10733	3	-46,5670163	-23,4806621	504	0,5952	0,104	877	667	210
L10734	1	-46,5710103	-23,4865175	2594	0,0386	0,0347	4572	3267	1305
L10735	2	-46,5734783	-23,4926878	3047	0,0656	0,0693	5191	3808	1383
L10736	2	-46,5681819	-23,4784924	3650	0,0548	0,0693	6352	4719	1633
L10737	2	-46,5819128	-23,4810310	2931	0,0682	0,0693	5742	3793	1949
L10738	4	-46,5972000	-23,4951209	2600	0,1538	0,1386	4771	3258	1513
L10741	5	-46,5010529	-23,6213622	3848	0,1299	0,1733	6829	5091	1738
L10742	5	-46,4935076	-23,6091331	3091	0,1618	0,1733	5399	3979	1420
L10744	1	-46,5101702	-23,6058819	5877	0,017	0,0347	10885	7744	3141
L10745	2	-46,5040533	-23,6054351	4046	0,0494	0,0693	7138	5324	1814
L10746	1	-46,4876384	-23,6218370	1995	0,0501	0,0347	3308	2519	789
L10748	2	-46,5058043	-23,6251616	1553	0,1288	0,0693	2754	2135	619
L10749	3	-46,5009514	-23,5953008	3234	0,0928	0,104	5657	4320	1337
L10751	1	-46,5061790	-23,6170608	3511	0,0285	0,0347	6321	4673	1648
L10752	1	-46,4907070	-23,6054790	4502	0,0222	0,0347	7815	5884	1931
L10753	1	-46,4946434	-23,6191737	1413	0,0708	0,0347	2488	1908	580
L10754	1	-46,5130142	-23,6093532	2664	0,0375	0,0347	4782	3440	1342
L10755	2	-46,5095210	-23,5996670	3646	0,0549	0,0693	6483	4687	1796
L10757	2	-46,5082245	-23,6128851	3263	0,0613	0,0693	5872	4151	1721
L10758	1	-46,5007848	-23,6042677	3731	0,0268	0,0347	6630	4687	1943
L10759	1	-46,5020070	-23,6161748	3261	0,0307	0,0347	6105	4125	1980
L10760	3	-46,4938454	-23,6105292	2751	0,1091	0,104	4899	3482	1417
L10761	1	-46,5060459	-23,6042916	1480	0,0676	0,0347	2549	1937	612
L10764	2	-46,4893958	-23,6137160	2190	0,0913	0,0693	3625	2783	842
L10765	3	-46,4965013	-23,6166543	3324	0,0903	0,104	6076	4282	1794
L10766	2	-46,4983849	-23,5987055	3171	0,0631	0,0693	5783	4036	1747
L10767	1	-46,5096661	-23,6117172	1613	0,062	0,0347	2708	2079	629
L10771	1	-46,6343175	-23,4756514	2471	0,0405	0,0347	3986	2974	1012
L10773	1	-46,6378689	-23,4793297	3726	0,0268	0,0347	5957	4473	1484
L10774	1	-46,6386490	-23,4679230	2796	0,0358	0,0347	4464	3356	1108
L10776	2	-46,6622866	-23,4787799	1314	0,1522	0,0693	2207	1705	502
L10778	1	-46,6714017	-23,4574567	4417	0,0226	0,0347	7852	5784	2068
L10781	3	-46,6492631	-23,4694520	4305	0,0697	0,104	7868	5458	2410
L10784	1	-46,6538036	-23,4559206	2010	0,0498	0,0347	3602	2586	1016
L10785	1	-46,6647421	-23,4572438	3367	0,0297	0,0347	6195	4418	1777
L10787	2	-46,6597938	-23,4579944	3590	0,0557	0,0693	6710	4563	2147
L10788	3	-46,6521748	-23,4881391	2843	0,1055	0,104	5381	3583	1798
L10790	1	-46,6685780	-23,4641456	1708	0,0585	0,0347	2905	2222	683
L10791	4	-46,6510885	-23,4620515	3736	0,1071	0,1386	6918	4639	2279
L10792	2	-46,6392692	-23,4685393	2749	0,0728	0,0693	4914	3299	1615
L10793	2	-46,6540520	-23,4791841	2694	0,0742	0,0693	4415	3409	1006
L10794	1	-46,6467400	-23,4764270	3174	0,0315	0,0347	5910	4120	1790
L10795	1	-46,6448499	-23,4728933	2607	0,0384	0,0347	4567	3376	1191
L10796	2	-46,6434663	-23,4580215	2754	0,0726	0,0693	4853	3483	1370
L10797	2	-46,6582380	-23,4574276	3510	0,057	0,0693	6233	4568	1665
L10800	1	-46,6567210	-23,4547987	1092	0,0916	0,0347	1818	1377	441
L10801	1	-46,6641570	-23,4607210	1547	0,0646	0,0347	2618	2063	555
