cod_local	QT_VOTOS	longitude	latitude	LOC_VALID	%_LOC_V	%_CAND	QT_APTOS	QT_COMPARECIMENTO	QT_ABSTENCOES
L00002	1	-46,6458082	-23,5644282	2271	0,044	0,0307	3779	2548	1231
L00003	1	-46,6455650	-23,5547500	3290	0,0304	0,0307	5696	3792	1904
L00004	2	-46,6511260	-23,5652103	5298	0,0378	0,0614	9838	5921	3917
L00006	1	-46,6471893	-23,5496488	4359	0,0229	0,0307	8358	5061	3297
L00008	3	-46,6464095	-23,5560819	3643	0,0823	0,0921	6983	4278	2705
L00015	2	-46,6368132	-23,5574886	3591	0,0557	0,0614	7151	4273	2878
L00016	3	-46,6361305	-23,5497845	2669	0,1124	0,0921	5297	3132	2165
L00018	4	-46,6419109	-23,5592168	3389	0,118	0,1229	7001	3906	3095
L00019	7	-46,6376429	-23,5607300	2664	0,2628	0,215	5259	3125	2134
L00021	5	-46,6419109	-23,5592168	3437	0,1455	0,1536	6548	4013	2535
L00022	3	-46,6521240	-23,5458002	10350	0,029	0,0921	18525	11583	6942
L00023	1	-46,6498912	-23,5493645	2834	0,0353	0,0307	4909	3201	1708
L00025	2	-46,6380154	-23,5642161	2151	0,093	0,0614	3803	2547	1256
L00026	1	-46,6351446	-23,5631017	1170	0,0855	0,0307	2088	1410	678
L00027	1	-46,6368084	-23,5498480	2635	0,038	0,0307	5430	3072	2358
L00029	1	-46,6858903	-23,5271427	1846	0,0542	0,0307	2661	2067	594
L00030	1	-46,6716846	-23,5278546	4168	0,024	0,0307	8123	4653	3470
L00031	1	-46,6872489	-23,5323018	3785	0,0264	0,0307	5622	4272	1350
L00033	1	-46,6545420	-23,5418060	2940	0,034	0,0307	4562	3313	1249
L00034	4	-46,6605264	-23,5415277	5254	0,0761	0,1229	7993	5767	2226
L00036	1	-46,6671104	-23,5303076	1611	0,0621	0,0307	3037	1845	1192
L00039	1	-46,6663954	-23,5361229	5419	0,0185	0,0307	8062	5901	2161
L00045	1	-46,6523017	-23,5318175	2128	0,047	0,0307	3940	2485	1455
L00047	1	-46,6419486	-23,5325337	1033	0,0968	0,0307	1992	1229	763
L00049	2	-46,6806583	-23,5307166	4578	0,0437	0,0614	8065	5186	2879
L00050	1	-46,6531096	-23,5391595	3449	0,029	0,0307	6577	4007	2570
L00051	4	-46,6946005	-23,5421890	3052	0,1311	0,1229	5602	3572	2030
L00052	3	-46,6832663	-23,5289919	4888	0,0614	0,0921	8677	5629	3048
L00053	1	-46,6630845	-23,5450242	5945	0,0168	0,0307	9970	6457	3513
L00054	1	-46,6650200	-23,5361422	1083	0,0923	0,0307	1605	1172	433
L00055	1	-46,6566164	-23,5307137	5271	0,019	0,0307	9323	6035	3288
L00057	1	-46,6510689	-23,5302066	2410	0,0415	0,0307	4093	2814	1279
L00058	3	-46,6432297	-23,5320752	3161	0,0949	0,0921	6470	3731	2739
L00060	3	-46,6711550	-23,5381000	10857	0,0276	0,0921	17946	11853	6093
L00061	1	-46,6666956	-23,5298372	3408	0,0293	0,0307	6305	3946	2359
L00062	4	-46,6375237	-23,5287430	2256	0,1773	0,1229	4421	2765	1656
L00064	1	-46,6278434	-23,5475185	2980	0,0336	0,0307	5641	3584	2057
L00066	2	-46,6126881	-23,5372312	2446	0,0818	0,0614	4500	2909	1591
L00067	1	-46,6107088	-23,5252045	1435	0,0697	0,0307	2765	1755	1010
L00068	1	-46,6432775	-23,5262231	2815	0,0355	0,0307	5403	3409	1994
L00071	2	-46,6341197	-23,5306628	2982	0,0671	0,0614	5785	3615	2170
L00072	1	-46,6208174	-23,5236456	705	0,1418	0,0307	1424	855	569
L00073	1	-46,6217056	-23,5381881	1287	0,0777	0,0307	2708	1593	1115
L00074	1	-46,6370866	-23,5384772	2847	0,0351	0,0307	6133	3437	2696
L00077	3	-46,6228821	-23,5238878	3089	0,0971	0,0921	5985	3756	2229
L00078	2	-46,6212238	-23,5429654	2774	0,0721	0,0614	5496	3398	2098
L00080	1	-46,5869070	-23,5756756	3323	0,0301	0,0307	5823	3854	1969
L00083	1	-46,5997287	-23,5410220	3324	0,0301	0,0307	6501	4011	2490
L00084	1	-46,5895134	-23,5593568	5301	0,0189	0,0307	8807	6387	2420
L00089	1	-46,5902871	-23,5470008	2261	0,0442	0,0307	4286	2820	1466
L00092	2	-46,5828225	-23,5542479	3888	0,0514	0,0614	7164	4714	2450
L00093	1	-46,5813248	-23,5619799	3706	0,027	0,0307	6970	4489	2481
L00096	2	-46,5697601	-23,5636527	4049	0,0494	0,0614	7290	5070	2220
L00097	1	-46,5595868	-23,5719075	2559	0,0391	0,0307	4560	3187	1373
L00101	1	-46,5902071	-23,5606910	4284	0,0233	0,0307	7988	5172	2816
L00102	3	-46,5979424	-23,5532296	4622	0,0649	0,0921	8563	5548	3015
L00103	1	-46,5812316	-23,5700009	4342	0,023	0,0307	7905	5265	2640
L00106	2	-46,5939719	-23,5375195	4328	0,0462	0,0614	6924	5149	1775
L00108	2	-46,5976041	-23,5519593	6779	0,0295	0,0614	11883	7994	3889
L00111	2	-46,6590182	-23,5634584	7550	0,0265	0,0614	13488	8273	5215
L00113	3	-46,6642690	-23,5638420	4708	0,0637	0,0921	8733	5175	3558
L00116	1	-46,6726051	-23,5816669	2385	0,0419	0,0307	4109	2634	1475
L00123	1	-46,6731135	-23,5792999	2804	0,0357	0,0307	4967	3078	1889
L00126	2	-46,6724723	-23,5954720	3916	0,0511	0,0614	6669	4338	2331
L00129	2	-46,6486232	-23,5813704	3537	0,0565	0,0614	5654	3970	1684
L00130	2	-46,6437100	-23,5775691	2213	0,0904	0,0614	3690	2443	1247
L00131	1	-46,6442337	-23,5847251	4116	0,0243	0,0307	7035	4617	2418
L00132	1	-46,6416210	-23,5785510	4598	0,0217	0,0307	7651	5166	2485
L00133	4	-46,6320497	-23,5811282	2750	0,1455	0,1229	4986	3131	1855
L00136	3	-46,6234512	-23,5608329	4167	0,072	0,0921	7421	4897	2524
L00137	3	-46,6125927	-23,5728431	3033	0,0989	0,0921	4908	3570	1338
L00138	1	-46,6259630	-23,5630260	2096	0,0477	0,0307	3469	2565	904
L00141	3	-46,6308086	-23,5650323	5144	0,0583	0,0921	9743	6059	3684
L00142	1	-46,6119113	-23,5742236	2504	0,0399	0,0307	4454	2944	1510
L00143	2	-46,6414511	-23,5858080	2718	0,0736	0,0614	4786	3093	1693
L00144	2	-46,6356180	-23,5786976	2260	0,0885	0,0614	3961	2589	1372
L00146	4	-46,6223857	-23,5681693	2480	0,1613	0,1229	4585	2913	1672
L00147	1	-46,6251868	-23,5770987	3004	0,0333	0,0307	5565	3493	2072
L00148	1	-46,6273889	-23,5872670	4439	0,0225	0,0307	7836	5122	2714
L00149	2	-46,6300092	-23,5766639	1599	0,1251	0,0614	2985	1875	1110
L00150	3	-46,6299014	-23,5758099	4050	0,0741	0,0921	6863	4657	2206
L00152	1	-46,6459660	-23,5746810	3017	0,0331	0,0307	4888	3361	1527
L00154	3	-46,6235069	-23,5745404	4329	0,0693	0,0921	7193	5134	2059
L00156	1	-46,6397771	-23,5727404	4608	0,0217	0,0307	8784	5242	3542
L00528	5	-46,7937390	-23,6862114	4929	0,1014	0,1536	8528	6298	2230
L00532	1	-46,7878988	-23,6864426	238	0,4202	0,0307	424	297	127
L00533	2	-46,7766842	-23,6810185	3832	0,0522	0,0614	6561	4847	1714
L00534	5	-46,7872371	-23,6773522	3311	0,151	0,1536	5703	4173	1530
L00535	16	-46,7885429	-23,6654381	2164	0,7394	0,4914	3718	2707	1011
L00536	6	-46,7920187	-23,6867819	3212	0,1868	0,1843	5561	4120	1441
L00537	3	-46,7846410	-23,6975287	3599	0,0834	0,0921	6096	4448	1648
L00538	2	-46,7850919	-23,7005041	671	0,2981	0,0614	1195	850	345
L00539	4	-46,7886237	-23,6861459	4146	0,0965	0,1229	7243	5328	1915
L00540	8	-46,7937648	-23,6769801	2766	0,2892	0,2457	4791	3520	1271
L00541	5	-46,7778780	-23,6885051	4697	0,1065	0,1536	8374	5781	2593
L00542	9	-46,7901616	-23,6750896	3768	0,2389	0,2764	6810	4643	2167
L00543	9	-46,7810676	-23,6817954	3950	0,2278	0,2764	6766	5016	1750
L00545	5	-46,7766899	-23,6802567	3771	0,1326	0,1536	6802	4728	2074
L00546	10	-46,7853039	-23,6768377	3484	0,287	0,3071	6085	4510	1575
L00547	9	-46,7885429	-23,6654381	4193	0,2146	0,2764	7471	5355	2116
L00548	1	-46,7917773	-23,6867573	324	0,3086	0,0307	563	420	143
L00549	6	-46,7905836	-23,6983913	3552	0,1689	0,1843	6142	4535	1607
L00550	4	-46,7755198	-23,6742186	2704	0,1479	0,1229	4775	3448	1327
L00551	13	-46,7827546	-23,6998617	2755	0,4719	0,3993	4627	3392	1235
L00552	1	-46,7867141	-23,6791697	1483	0,0674	0,0307	2634	1909	725
L00553	6	-46,7839538	-23,6721527	1679	0,3574	0,1843	2758	2071	687
L00554	20	-46,7932547	-23,6670602	2548	0,7849	0,6143	4491	3254	1237
L00555	12	-46,7999759	-23,6870539	3475	0,3453	0,3686	6174	4460	1714
L00556	9	-46,7765383	-23,6680796	2361	0,3812	0,2764	3983	2908	1075
L00558	3	-46,7896575	-23,6835516	593	0,5059	0,0921	1112	791	321
L00559	5	-46,7951730	-23,6802102	2040	0,2451	0,1536	3413	2489	924
L00560	3	-46,7971617	-23,6783864	2752	0,109	0,0921	4757	3583	1174
L00561	8	-46,7797991	-23,6713610	3438	0,2327	0,2457	6027	4213	1814
L00562	5	-46,7764988	-23,6792511	2508	0,1994	0,1536	4349	3228	1121
L05530	1	-46,7007739	-23,6497088	5044	0,0198	0,0307	8236	5638	2598
L05532	2	-46,7034029	-23,6447800	2886	0,0693	0,0614	4752	3201	1551
L05534	4	-46,6930410	-23,6638790	5787	0,0691	0,1229	9716	6724	2992
L05535	1	-46,6912424	-23,6607866	3055	0,0327	0,0307	4525	3449	1076
L05536	3	-46,6821350	-23,6631782	5321	0,0564	0,0921	8921	6173	2748
L05538	6	-46,6809074	-23,6663068	3075	0,1951	0,1843	5073	3651	1422
L05539	4	-46,7155893	-23,6513354	1889	0,2118	0,1229	3179	2190	989
L05542	2	-46,7071520	-23,6499060	3093	0,0647	0,0614	5733	3640	2093
L05543	2	-46,6875690	-23,6745424	2821	0,0709	0,0614	4627	3474	1153
L05546	3	-46,6816306	-23,6713892	1359	0,2208	0,0921	2062	1643	419
L05549	3	-46,7057350	-23,6332760	4550	0,0659	0,0921	7718	5073	2645
L05550	2	-46,6945706	-23,6304883	5120	0,0391	0,0614	8978	5840	3138
L05551	1	-46,7022860	-23,6510126	4767	0,021	0,0307	8841	5514	3327
L05552	2	-46,4488381	-23,4906612	2090	0,0957	0,0614	3620	2620	1000
L05553	17	-46,4351534	-23,5022679	3506	0,4849	0,5221	6236	4381	1855
L05554	2	-46,4441795	-23,4982353	3546	0,0564	0,0614	6065	4260	1805
L05555	1	-46,4398111	-23,5068607	1270	0,0787	0,0307	2259	1566	693
L05557	2	-46,4452179	-23,4993366	2352	0,085	0,0614	3986	2897	1089
L05558	3	-46,4234630	-23,5085168	3758	0,0798	0,0921	6529	4735	1794
L05559	3	-46,4198222	-23,5098866	1943	0,1544	0,0921	3330	2529	801
L05561	1	-46,4389924	-23,5145862	3097	0,0323	0,0307	5489	4147	1342
L05562	2	-46,4459517	-23,5057536	2705	0,0739	0,0614	4642	3367	1275
L05563	4	-46,4331534	-23,4945484	2753	0,1453	0,1229	4924	3393	1531
L05564	4	-46,4259779	-23,5162635	4083	0,098	0,1229	6687	5009	1678
L05566	4	-46,4352447	-23,5020281	2851	0,1403	0,1229	4735	3521	1214
L05567	2	-46,4215117	-23,5013996	3622	0,0552	0,0614	6083	4594	1489
L05568	9	-46,4300003	-23,4998815	2971	0,3029	0,2764	5227	3654	1573
L05569	3	-46,4407439	-23,4944067	1547	0,1939	0,0921	2737	1890	847
L05570	1	-46,4345329	-23,5094734	3688	0,0271	0,0307	6309	4565	1744
L05572	2	-46,4193422	-23,5228558	2139	0,0935	0,0614	3993	2664	1329
L05574	2	-46,4424219	-23,4946443	1702	0,1175	0,0614	3011	2169	842
L05577	3	-46,4390699	-23,4987794	622	0,4823	0,0921	1101	766	335
L05578	1	-46,4526050	-23,5387875	2564	0,039	0,0307	4882	3187	1695
L05580	1	-46,4367093	-23,5286893	3428	0,0292	0,0307	6257	4314	1943
L05581	4	-46,4522081	-23,5171617	3935	0,1017	0,1229	6924	5015	1909
L05584	1	-46,4623208	-23,5289299	3239	0,0309	0,0307	5568	4191	1377
L05589	1	-46,4544868	-23,5471412	2039	0,049	0,0307	3417	2606	811
L05592	2	-46,4528483	-23,5265608	3373	0,0593	0,0614	6254	4448	1806
L05593	6	-46,4528982	-23,5182408	3494	0,1717	0,1843	6309	4695	1614
L05594	1	-46,4618318	-23,5393802	2228	0,0449	0,0307	3850	2859	991
L05595	1	-46,4580805	-23,5512840	2564	0,039	0,0307	4400	3342	1058
L05596	1	-46,4536228	-23,5552304	3671	0,0272	0,0307	6672	4852	1820
L05598	4	-46,4625526	-23,5168760	2035	0,1966	0,1229	3550	2651	899
L05600	4	-46,4589975	-23,5302914	3067	0,1304	0,1229	5494	3916	1578
L05601	1	-46,4359061	-23,5226454	2327	0,043	0,0307	4159	3108	1051
L05602	1	-46,4402958	-23,5148095	3394	0,0295	0,0307	6298	4377	1921
L05605	2	-46,4587342	-23,5292643	947	0,2112	0,0614	1607	1196	411
L05608	3	-46,4565300	-23,5399000	1319	0,2274	0,0921	2270	1658	612
L05610	4	-46,4554689	-23,5282555	6146	0,0651	0,1229	10609	7693	2916
L05611	1	-46,6300964	-23,5033502	2831	0,0353	0,0307	4847	3284	1563
L05612	1	-46,6264879	-23,4763633	1123	0,089	0,0307	2007	1430	577
L05616	1	-46,6281182	-23,4912871	3378	0,0296	0,0307	5313	3930	1383
L05617	4	-46,6180480	-23,4923992	3331	0,1201	0,1229	5427	3880	1547
L05618	4	-46,6270210	-23,5057810	1824	0,2193	0,1229	3578	2176	1402
L05619	3	-46,6476795	-23,4929598	1994	0,1505	0,0921	3788	2470	1318
L05620	3	-46,6405710	-23,4868210	1451	0,2068	0,0921	2771	1812	959
L05621	3	-46,6332236	-23,4899666	5271	0,0569	0,0921	8744	6129	2615
L05622	2	-46,6256600	-23,4972860	1960	0,102	0,0614	3358	2341	1017
L05625	2	-46,6261164	-23,4898514	2978	0,0672	0,0614	5488	3556	1932
L05628	1	-46,6157633	-23,4933572	2589	0,0386	0,0307	4750	3013	1737
L05629	2	-46,6242804	-23,4770119	2556	0,0782	0,0614	4643	3161	1482
L05631	6	-46,6446670	-23,4910726	1627	0,3688	0,1843	3161	2027	1134
L05632	4	-46,6381967	-23,4939821	2961	0,1351	0,1229	5002	3517	1485
L05634	4	-46,6264580	-23,4818440	1908	0,2096	0,1229	3707	2335	1372
L05635	5	-46,6142540	-23,4901233	2048	0,2441	0,1536	3470	2399	1071
L05638	1	-46,6330906	-23,4915684	3666	0,0273	0,0307	6121	4251	1870
L05639	1	-46,6239120	-23,4891654	1527	0,0655	0,0307	2617	1818	799
L05645	2	-46,7037676	-23,5217140	2362	0,0847	0,0614	4257	2725	1532
L05646	1	-46,7000457	-23,5224777	2592	0,0386	0,0307	4343	2970	1373
L05647	1	-46,7273840	-23,5310160	1602	0,0624	0,0307	2410	1810	600
L05648	2	-46,7032968	-23,5283085	4170	0,048	0,0614	7531	4847	2684
L05654	1	-46,7056393	-23,5213772	2148	0,0466	0,0307	4003	2538	1465
L05656	1	-46,7433720	-23,4969505	2765	0,0362	0,0307	4919	3437	1482
L05657	1	-46,6883851	-23,5246954	2280	0,0439	0,0307	3964	2619	1345
L05660	1	-46,7231084	-23,5262770	2294	0,0436	0,0307	3992	2673	1319
L05662	1	-46,7545011	-23,5097174	1694	0,059	0,0307	3337	2259	1078
L05667	1	-46,6875289	-23,5240849	2857	0,035	0,0307	4734	3347	1387
L05668	1	-46,7212419	-23,5119029	1112	0,0899	0,0307	2192	1343	849
L05671	3	-46,7382418	-23,4999018	2364	0,1269	0,0921	4244	2840	1404
L05674	5	-46,7403488	-23,4962095	1814	0,2756	0,1536	3029	2259	770
L05675	2	-46,7468883	-23,4900910	2971	0,0673	0,0614	5066	3751	1315
L05676	1	-46,7424159	-23,5202320	790	0,1266	0,0307	1426	991	435
L05677	2	-46,7468784	-23,5137529	2151	0,093	0,0614	3753	2602	1151
L05678	2	-46,7498669	-23,4969079	2593	0,0771	0,0614	4758	3251	1507
L05681	1	-46,6949470	-23,5283220	1938	0,0516	0,0307	3100	2183	917
L05682	1	-46,7500222	-23,4964512	535	0,1869	0,0307	919	650	269
L05687	1	-46,7293085	-23,5091600	847	0,1181	0,0307	1262	988	274
L05692	1	-46,7342495	-23,5279924	4939	0,0202	0,0307	7451	5535	1916
L05693	2	-46,6769917	-23,5570934	4108	0,0487	0,0614	6768	4547	2221
L05694	1	-46,6971193	-23,5441298	2311	0,0433	0,0307	3990	2579	1411
L05696	1	-46,6826600	-23,5737124	2813	0,0355	0,0307	4397	3021	1376
L05697	1	-46,6950038	-23,5603746	3405	0,0294	0,0307	5468	3675	1793
L05698	2	-46,7044200	-23,5423500	1912	0,1046	0,0614	2816	2116	700
L05699	1	-46,7009593	-23,5471309	1742	0,0574	0,0307	2791	1881	910
L05703	1	-46,6962316	-23,5650597	1732	0,0577	0,0307	3356	1964	1392
L05705	1	-46,6896585	-23,5656255	3181	0,0314	0,0307	5968	3546	2422
L05709	1	-46,6896173	-23,5508030	2889	0,0346	0,0307	4742	3138	1604
L05710	1	-46,6788148	-23,5592954	3381	0,0296	0,0307	5828	3742	2086
L05713	1	-46,6816743	-23,5708583	3367	0,0297	0,0307	5931	3590	2341
L05714	2	-46,6896585	-23,5656255	1173	0,1705	0,0614	1972	1294	678
L05716	1	-46,6975056	-23,5623803	2545	0,0393	0,0307	4027	2825	1202
L05718	1	-46,6823120	-23,5625230	2934	0,0341	0,0307	4770	3236	1534
L05723	2	-46,5331739	-23,5220975	2306	0,0867	0,0614	3823	2837	986
L05724	1	-46,5270161	-23,5293151	2599	0,0385	0,0307	4443	3201	1242
L05725	1	-46,5417930	-23,5164577	1220	0,082	0,0307	2066	1547	519
L05726	2	-46,4882070	-23,5327782	863	0,2317	0,0614	1543	1100	443
L05727	1	-46,5492590	-23,5262720	2649	0,0378	0,0307	4685	3161	1524
L05729	1	-46,5386362	-23,5224127	3595	0,0278	0,0307	7112	4601	2511
L05731	3	-46,5285678	-23,5250739	3128	0,0959	0,0921	5872	3858	2014
L05734	2	-46,5478984	-23,5284411	2172	0,0921	0,0614	4014	2746	1268
L05735	6	-46,4932640	-23,5309670	2238	0,2681	0,1843	4145	2862	1283
L05736	2	-46,5179226	-23,5228086	3663	0,0546	0,0614	6711	4640	2071
L05737	1	-46,4989941	-23,5275262	2079	0,0481	0,0307	3862	2632	1230
L05739	3	-46,4991515	-23,5296706	3000	0,1	0,0921	5527	3909	1618
L05742	2	-46,5211173	-23,5214041	2853	0,0701	0,0614	5266	3603	1663
L05743	1	-46,5487021	-23,5239078	1983	0,0504	0,0307	3819	2477	1342
L05744	2	-46,5317318	-23,5311949	1071	0,1867	0,0614	1768	1306	462
L05749	3	-46,5657556	-23,5447205	2552	0,1176	0,0921	4152	3034	1118
L05750	2	-46,5686249	-23,5424482	4557	0,0439	0,0614	7587	5295	2292
L05751	4	-46,5757522	-23,5380963	4097	0,0976	0,1229	6495	4845	1650
L05752	1	-46,5494401	-23,5441268	4128	0,0242	0,0307	7403	5019	2384
L05755	1	-46,5179584	-23,5638358	3205	0,0312	0,0307	5295	4046	1249
L05757	2	-46,5403970	-23,5459183	2015	0,0993	0,0614	3549	2496	1053
L05760	2	-46,4984532	-23,5847269	4733	0,0423	0,0614	8851	6109	2742
L05763	1	-46,5178296	-23,5802614	2728	0,0367	0,0307	4620	3507	1113
L05766	1	-46,5138214	-23,5842903	1916	0,0522	0,0307	3190	2507	683
L05768	1	-46,5794166	-23,5383741	2522	0,0397	0,0307	4651	2995	1656
L05769	1	-46,5467092	-23,5412374	2157	0,0464	0,0307	3707	2712	995
L05770	2	-46,5075141	-23,5806329	2164	0,0924	0,0614	3900	2720	1180
L05771	2	-46,5727024	-23,5507422	2617	0,0764	0,0614	4908	3111	1797
L05772	1	-46,5679267	-23,5325642	2271	0,044	0,0307	4284	2700	1584
L05778	1	-46,5363195	-23,5540735	2588	0,0386	0,0307	4862	3218	1644
L05779	4	-46,5006634	-23,5840738	2450	0,1633	0,1229	4426	3133	1293
L05780	1	-46,5072844	-23,5706991	5535	0,0181	0,0307	10333	6962	3371
L05781	1	-46,5589094	-23,5412357	2005	0,0499	0,0307	3920	2483	1437
L05783	1	-46,5747550	-23,5436990	1751	0,0571	0,0307	2933	2099	834
L05784	1	-46,5810636	-23,5390713	1123	0,089	0,0307	1806	1332	474
L05785	5	-46,4982329	-23,5898352	2069	0,2417	0,1536	3681	2817	864
L05786	3	-46,5327843	-23,5461447	1839	0,1631	0,0921	3271	2275	996
L05787	1	-46,5170355	-23,5835096	2514	0,0398	0,0307	4277	3252	1025
L05790	1	-46,5666544	-23,5322415	751	0,1332	0,0307	1423	890	533
L05791	1	-46,5315630	-23,5480380	1380	0,0725	0,0307	2259	1735	524
L05793	2	-46,5257140	-23,5554119	2865	0,0698	0,0614	5360	3578	1782
L05794	3	-46,5433831	-23,5503063	4135	0,0726	0,0921	6973	5037	1936
L05796	2	-46,5581932	-23,5503944	4508	0,0444	0,0614	6964	5342	1622
L05797	4	-46,5602785	-23,5363132	5811	0,0688	0,1229	9848	6857	2991
L05800	1	-46,6048519	-23,5043234	2579	0,0388	0,0307	4629	3241	1388
L05801	4	-46,5968739	-23,5084251	2820	0,1418	0,1229	5313	3529	1784
L05802	2	-46,6013419	-23,5076564	3312	0,0604	0,0614	6027	4063	1964
L05804	1	-46,5729009	-23,5009851	2656	0,0377	0,0307	4990	3348	1642
L05805	4	-46,6019251	-23,4930215	3006	0,1331	0,1229	5399	3750	1649
L05806	5	-46,5685781	-23,5119963	4184	0,1195	0,1536	7823	5387	2436
L05807	2	-46,5779360	-23,5053673	3549	0,0564	0,0614	6465	4410	2055
L05808	2	-46,5892786	-23,5184715	2964	0,0675	0,0614	5799	3706	2093
L05809	2	-46,5863582	-23,5062229	1595	0,1254	0,0614	2902	1932	970
L05810	3	-46,5928674	-23,5005803	3037	0,0988	0,0921	5514	3674	1840
L05811	2	-46,5847966	-23,5140241	2439	0,082	0,0614	4518	2999	1519
L05815	1	-46,5904721	-23,5159874	2393	0,0418	0,0307	4362	2917	1445
L05817	2	-46,6117405	-23,5017844	2739	0,073	0,0614	5039	3341	1698
L05818	3	-46,5907052	-23,5016081	2983	0,1006	0,0921	5429	3613	1816
L05820	4	-46,5663467	-23,5211065	3363	0,1189	0,1229	6296	4358	1938
L05821	1	-46,5830638	-23,5000382	2451	0,0408	0,0307	4154	2865	1289
L05823	2	-46,5847505	-23,5062429	2469	0,081	0,0614	4405	3039	1366
L05827	1	-46,5981117	-23,5026572	948	0,1055	0,0307	1582	1178	404
L05829	1	-46,5663292	-23,5217030	842	0,1188	0,0307	1438	1097	341
L05832	1	-46,5754788	-23,5000239	1037	0,0964	0,0307	1570	1248	322
L05833	1	-46,6239380	-23,5087000	1035	0,0966	0,0307	1958	1312	646
L05834	3	-46,5964032	-23,5194682	1589	0,1888	0,0921	2795	1963	832
L05838	3	-46,5930563	-23,5195686	3761	0,0798	0,0921	6624	4656	1968
L05839	2	-46,6096818	-23,5128587	1440	0,1389	0,0614	2550	1813	737
L05840	1	-46,6572517	-23,5114641	1179	0,0848	0,0307	1961	1422	539
L05841	2	-46,6618639	-23,5067043	2520	0,0794	0,0614	4281	2973	1308
L05842	1	-46,6566659	-23,5007326	1397	0,0716	0,0307	2475	1764	711
L05843	3	-46,6732228	-23,5017435	1901	0,1578	0,0921	3104	2323	781
L05844	8	-46,6552440	-23,4837840	4064	0,1969	0,2457	6975	5136	1839
L05845	1	-46,6748489	-23,4996347	2821	0,0354	0,0307	4345	3361	984
L05846	3	-46,6811823	-23,4913790	3097	0,0969	0,0921	5454	4068	1386
L05847	4	-46,6551176	-23,4983123	3654	0,1095	0,1229	6457	4489	1968
L05849	3	-46,6657859	-23,4885740	3928	0,0764	0,0921	7229	4920	2309
L05850	10	-46,6672729	-23,4955761	2587	0,3865	0,3071	4487	3234	1253
L05852	3	-46,6754529	-23,4902989	2604	0,1152	0,0921	4917	3236	1681
L05853	5	-46,6576552	-23,4676225	2016	0,248	0,1536	3658	2494	1164
L05854	7	-46,6559225	-23,4706050	3589	0,195	0,215	6533	4491	2042
L05855	4	-46,6512743	-23,4915758	3689	0,1084	0,1229	6598	4579	2019
L05856	8	-46,6576980	-23,5105636	3626	0,2206	0,2457	6816	4472	2344
L05857	5	-46,6610100	-23,4937600	3204	0,1561	0,1536	6028	4077	1951
L05858	2	-46,6602290	-23,5040336	1694	0,1181	0,0614	3175	2048	1127
L05859	3	-46,6755514	-23,4980697	2950	0,1017	0,0921	5525	3700	1825
L05860	6	-46,6806536	-23,4985927	2933	0,2046	0,1843	5335	3608	1727
L05862	6	-46,6805862	-23,5028507	5531	0,1085	0,1843	9763	6800	2963
L05863	3	-46,6642085	-23,4767719	3809	0,0788	0,0921	7192	4768	2424
L05864	1	-46,6729030	-23,5109220	2299	0,0435	0,0307	4247	2858	1389
L05865	3	-46,6698247	-23,4725347	947	0,3168	0,0921	1605	1205	400
L05867	7	-46,6611936	-23,4979397	2374	0,2949	0,215	4516	2931	1585
L05868	6	-46,6710286	-23,4857719	2636	0,2276	0,1843	4932	3370	1562
L05869	2	-46,6506816	-23,5123597	1285	0,1556	0,0614	2257	1556	701
L05870	1	-46,6722354	-23,4967228	2389	0,0419	0,0307	4246	3161	1085
L05871	5	-46,6689770	-23,4751050	1758	0,2844	0,1536	3076	2211	865
L05872	4	-46,6618430	-23,4656280	2879	0,1389	0,1229	4826	3497	1329
L05873	3	-46,6545485	-23,4716736	1878	0,1597	0,0921	2977	2288	689
L05874	1	-46,6665068	-23,4702189	3203	0,0312	0,0307	5602	3899	1703
L05875	1	-46,6702128	-23,4900049	1711	0,0584	0,0307	3184	2157	1027
L05876	1	-46,6599580	-23,5051240	2430	0,0412	0,0307	4034	2954	1080
L05877	1	-46,6612422	-23,4986956	1596	0,0627	0,0307	2824	1983	841
L05878	2	-46,6724956	-23,5102380	1331	0,1503	0,0614	2224	1674	550
L05881	4	-46,6182089	-23,4725956	2680	0,1493	0,1229	4271	3113	1158
L05884	1	-46,6024410	-23,4546385	2320	0,0431	0,0307	3954	2867	1087
L05885	1	-46,6064554	-23,4772146	3669	0,0273	0,0307	6325	4434	1891
L05886	10	-46,5974438	-23,4545847	4312	0,2319	0,3071	8140	5407	2733
L05887	3	-46,6220405	-23,4613396	2348	0,1278	0,0921	4444	2795	1649
L05888	13	-46,5855959	-23,4389881	3768	0,345	0,3993	6719	4916	1803
L05889	5	-46,6306396	-23,4568482	2624	0,1905	0,1536	4737	3252	1485
L05890	4	-46,6048373	-23,4642332	3719	0,1076	0,1229	6880	4577	2303
L05891	5	-46,5884421	-23,4440711	2609	0,1916	0,1536	4730	3437	1293
L05893	1	-46,5880090	-23,4446471	973	0,1028	0,0307	1866	1339	527
L05896	4	-46,6110245	-23,4484688	2156	0,1855	0,1229	3544	2609	935
L05897	12	-46,5851276	-23,4502408	3003	0,3996	0,3686	5429	3962	1467
L05899	5	-46,6056454	-23,4658408	3170	0,1577	0,1536	5858	3789	2069
L05900	9	-46,5803132	-23,4357702	2733	0,3293	0,2764	5108	3666	1442
L05901	1	-46,6114391	-23,4769661	1848	0,0541	0,0307	3409	2201	1208
L05902	3	-46,5890824	-23,4546164	3266	0,0919	0,0921	5800	4185	1615
L05904	2	-46,6195870	-23,4540240	1890	0,1058	0,0614	3278	2265	1013
L05905	4	-46,5872324	-23,4196031	2830	0,1413	0,1229	5422	3879	1543
L05907	1	-46,5829070	-23,4282440	1990	0,0503	0,0307	3589	2685	904
L05908	12	-46,5774727	-23,4379629	2559	0,4689	0,3686	4721	3325	1396
L05909	5	-46,5745264	-23,4316764	1629	0,3069	0,1536	3155	2181	974
L05911	1	-46,5953507	-23,4480324	2669	0,0375	0,0307	4700	3478	1222
L05912	1	-46,6031271	-23,4684303	2532	0,0395	0,0307	4589	3126	1463
L05913	2	-46,6248203	-23,4576182	3097	0,0646	0,0614	5869	3776	2093
L05914	2	-46,6046269	-23,4577565	2417	0,0827	0,0614	4627	3016	1611
L05915	1	-46,6095277	-23,4493251	985	0,1015	0,0307	1561	1165	396
L05916	7	-46,5772676	-23,4381432	1120	0,625	0,215	1985	1453	532
L05917	1	-46,5967409	-23,4660680	1177	0,085	0,0307	1931	1452	479
L05918	2	-46,6002385	-23,4553201	665	0,3008	0,0614	1114	830	284
L05919	1	-46,6120305	-23,4757531	1300	0,0769	0,0307	2166	1565	601
L05922	3	-46,5766081	-23,5796376	1138	0,2636	0,0921	1953	1397	556
L05923	4	-46,5785504	-23,5815302	2493	0,1604	0,1229	3882	2983	899
L05924	2	-46,5604307	-23,5979220	3363	0,0595	0,0614	5863	4288	1575
L05925	1	-46,5735437	-23,5894829	2983	0,0335	0,0307	4660	3569	1091
L05926	2	-46,5852470	-23,5802350	4531	0,0441	0,0614	8206	5391	2815
L05928	1	-46,5582100	-23,5739759	2347	0,0426	0,0307	4461	2967	1494
L05929	3	-46,5585843	-23,5972769	3198	0,0938	0,0921	6011	4129	1882
L05930	2	-46,5620004	-23,5788819	2521	0,0793	0,0614	4889	3094	1795
L05931	2	-46,5593803	-23,5886767	2087	0,0958	0,0614	3493	2634	859
L05933	2	-46,5471739	-23,5927268	3403	0,0588	0,0614	6295	4294	2001
L05935	3	-46,5827588	-23,5877885	1764	0,1701	0,0921	3128	2148	980
L05936	2	-46,5703839	-23,5879450	1764	0,1134	0,0614	2906	2096	810
L05942	3	-46,5766081	-23,5796376	2512	0,1194	0,0921	4766	3082	1684
L05943	3	-46,5480300	-23,5998140	3286	0,0913	0,0921	5695	4099	1596
L05944	1	-46,5421787	-23,5921449	3003	0,0333	0,0307	5738	3791	1947
L05945	1	-46,5663969	-23,5940979	2754	0,0363	0,0307	5100	3435	1665
L05946	1	-46,5642049	-23,5759686	2719	0,0368	0,0307	4371	3343	1028
L05947	2	-46,5795917	-23,5926018	3241	0,0617	0,0614	5895	4000	1895
L05949	4	-46,5838544	-23,5814914	2972	0,1346	0,1229	5338	3529	1809
L05950	4	-46,5543296	-23,5793590	3947	0,1013	0,1229	7538	4962	2576
L05951	4	-46,5702281	-23,5758520	1372	0,2915	0,1229	2658	1731	927
L05952	1	-46,5523937	-23,5873869	2979	0,0336	0,0307	5466	3759	1707
L05953	1	-46,5568681	-23,6075908	1986	0,0504	0,0307	3562	2523	1039
L05954	1	-46,5808524	-23,5927084	2296	0,0436	0,0307	3895	2825	1070
L05955	1	-46,5775910	-23,5732024	1606	0,0623	0,0307	2687	2013	674
L05956	8	-46,5394300	-23,5959940	2022	0,3956	0,2457	3634	2528	1106
L05958	2	-46,5654838	-23,5972434	2924	0,0684	0,0614	5305	3683	1622
L05959	3	-46,5810310	-23,5900310	2339	0,1283	0,0921	4164	2855	1309
L05963	1	-46,5786516	-23,5835336	1407	0,0711	0,0307	2348	1677	671
L05965	2	-46,6619780	-23,6090200	3849	0,052	0,0614	6946	4334	2612
L05968	1	-46,6685076	-23,6131455	3538	0,0283	0,0307	6251	3963	2288
L05969	1	-46,6882980	-23,6116910	2974	0,0336	0,0307	5627	3387	2240
L05972	1	-46,6606590	-23,6082950	3573	0,028	0,0307	6139	4037	2102
L05973	1	-46,6755086	-23,6206909	2385	0,0419	0,0307	3883	2648	1235
L05974	4	-46,6641427	-23,6002288	6184	0,0647	0,1229	10325	6924	3401
L05975	2	-46,6709636	-23,6171214	2324	0,0861	0,0614	3817	2641	1176
L05979	3	-46,6580933	-23,6013714	3443	0,0871	0,0921	5874	3827	2047
L05981	4	-46,6812703	-23,6263887	3816	0,1048	0,1229	6833	4360	2473
L05982	1	-46,6821455	-23,6155051	5201	0,0192	0,0307	8875	5878	2997
L05983	5	-46,6510975	-23,6123036	3947	0,1267	0,1536	7274	4497	2777
L05984	2	-46,6639945	-23,6440840	2592	0,0772	0,0614	4500	3040	1460
L05985	1	-46,6850791	-23,6183057	3742	0,0267	0,0307	6558	4258	2300
L05987	3	-46,6726843	-23,6097127	3510	0,0855	0,0921	5718	3982	1736
L05989	1	-46,6718044	-23,6208493	3539	0,0283	0,0307	6412	4051	2361
L05991	1	-46,6608489	-23,6330376	3246	0,0308	0,0307	5977	3853	2124
L05992	1	-46,6629476	-23,6161029	1424	0,0702	0,0307	2755	1641	1114
L05994	1	-46,6880132	-23,6223740	4177	0,0239	0,0307	7394	4699	2695
L05998	1	-46,6284912	-23,6138398	2408	0,0415	0,0307	3730	2799	931
L06002	3	-46,6235160	-23,6123380	3568	0,0841	0,0921	6002	4132	1870
L06003	2	-46,6214935	-23,6221583	2425	0,0825	0,0614	3862	2803	1059
L06007	2	-46,6165982	-23,6041985	3954	0,0506	0,0614	7269	4693	2576
L06008	1	-46,6239491	-23,6061875	2084	0,048	0,0307	3561	2425	1136
L06010	2	-46,6214969	-23,5987034	3306	0,0605	0,0614	5715	3957	1758
L06011	2	-46,6255542	-23,6092089	2648	0,0755	0,0614	4891	3146	1745
L06012	1	-46,6319660	-23,6059990	2471	0,0405	0,0307	4092	2850	1242
L06013	2	-46,6344010	-23,5954544	2340	0,0855	0,0614	4149	2692	1457
L06014	3	-46,6273692	-23,6096467	1882	0,1594	0,0921	3682	2300	1382
L06016	2	-46,6492475	-23,5982808	2316	0,0864	0,0614	4108	2664	1444
L06019	1	-46,6449004	-23,6103211	2557	0,0391	0,0307	4643	2988	1655
L06021	1	-46,6335779	-23,6059257	1306	0,0766	0,0307	1946	1490	456
L06026	2	-46,6383254	-23,5955707	3315	0,0603	0,0614	5603	3692	1911
L06027	3	-46,6300558	-23,5928665	2573	0,1166	0,0921	4339	2922	1417
L06029	3	-46,6492868	-23,6040214	2036	0,1473	0,0921	3024	2307	717
L06038	2	-46,6043324	-23,5881805	4423	0,0452	0,0614	7818	5323	2495
L06049	1	-46,5971870	-23,6124820	2991	0,0334	0,0307	5347	3706	1641
L06051	1	-46,6031399	-23,6063806	3228	0,031	0,0307	5899	4148	1751
L06054	2	-46,6080780	-23,6028560	3098	0,0646	0,0614	5810	3763	2047
L06055	2	-46,6096977	-23,5916041	2870	0,0697	0,0614	5430	3473	1957
L06056	1	-46,6019600	-23,5909040	5133	0,0195	0,0307	9867	6305	3562
L06060	1	-46,5954073	-23,6104073	3797	0,0263	0,0307	6278	4612	1666
L06062	2	-46,5863383	-23,6186398	3309	0,0604	0,0614	5473	4075	1398
L06065	1	-46,6119497	-23,5892321	3011	0,0332	0,0307	5516	3638	1878
L06066	1	-46,6092332	-23,5917910	608	0,1645	0,0307	1013	723	290
L06067	1	-46,6098374	-23,5932998	5055	0,0198	0,0307	8453	5954	2499
L06664	1	-46,7020763	-23,6853645	3332	0,03	0,0307	5602	4031	1571
L06665	2	-46,6964372	-23,6925377	2324	0,0861	0,0614	3819	2859	960
L06668	1	-46,7079679	-23,7294845	5089	0,0197	0,0307	8445	6409	2036
L06669	4	-46,6865884	-23,7095906	3707	0,1079	0,1229	6138	4679	1459
L06670	1	-46,6957864	-23,7324947	2610	0,0383	0,0307	4188	3289	899
L06671	3	-46,7092435	-23,7150718	2233	0,1343	0,0921	3875	2681	1194
L06673	1	-46,6853733	-23,7259814	3759	0,0266	0,0307	6283	4756	1527
L06677	3	-46,7023442	-23,7336887	3497	0,0858	0,0921	6166	4530	1636
L06679	1	-46,7081139	-23,6888596	3276	0,0305	0,0307	5643	3922	1721
L06682	2	-46,7022612	-23,7224803	3236	0,0618	0,0614	5448	4015	1433
L06683	2	-46,6987338	-23,7098273	2586	0,0773	0,0614	4747	3089	1658
L06684	1	-46,6863422	-23,7040675	2925	0,0342	0,0307	5005	3592	1413
L06686	2	-46,7106459	-23,6834675	3696	0,0541	0,0614	6365	4412	1953
L06687	1	-46,6995340	-23,7330324	2757	0,0363	0,0307	4736	3370	1366
L06698	1	-46,7036392	-23,6912906	1005	0,0995	0,0307	1575	1209	366
L07575	4	-46,6365200	-23,6320743	4017	0,0996	0,1229	7103	4799	2304
L07576	1	-46,6349642	-23,6431290	2278	0,0439	0,0307	4207	2702	1505
L07581	1	-46,6363601	-23,6810716	3028	0,033	0,0307	5287	3909	1378
L07583	1	-46,6477955	-23,6558420	3661	0,0273	0,0307	6289	4390	1899
L07584	2	-46,6320328	-23,6429320	2322	0,0861	0,0614	3693	2812	881
L07585	1	-46,6489412	-23,6630793	4484	0,0223	0,0307	7661	5544	2117
L07590	1	-46,6424477	-23,6679792	3909	0,0256	0,0307	7206	5039	2167
L07593	2	-46,6558622	-23,6441812	3054	0,0655	0,0614	5207	3649	1558
L07595	2	-46,6355606	-23,6678098	4296	0,0466	0,0614	7638	5546	2092
L07596	2	-46,6408930	-23,6522075	3383	0,0591	0,0614	6330	4133	2197
L07600	1	-46,6356262	-23,6788985	1377	0,0726	0,0307	2329	1795	534
L07603	2	-46,6370255	-23,6461670	1050	0,1905	0,0614	1674	1221	453
L07664	2	-46,7296043	-23,4932746	3302	0,0606	0,0614	5686	4020	1666
L07666	1	-46,7187075	-23,4795423	4684	0,0213	0,0307	9004	6008	2996
L07667	3	-46,7261678	-23,4829058	2616	0,1147	0,0921	4926	3233	1693
L07668	2	-46,7496458	-23,4783071	2726	0,0734	0,0614	4622	3476	1146
L07669	4	-46,7461037	-23,4816392	3660	0,1093	0,1229	6759	4550	2209
L07670	2	-46,7157223	-23,4910050	3437	0,0582	0,0614	6527	4354	2173
L07671	1	-46,7225558	-23,4963064	2986	0,0335	0,0307	5033	3579	1454
L07674	2	-46,7340887	-23,4861415	1145	0,1747	0,0614	1962	1407	555
L07675	2	-46,7341179	-23,4868877	2381	0,084	0,0614	4269	2907	1362
L07676	1	-46,7132969	-23,4942851	2690	0,0372	0,0307	5011	3334	1677
L07678	1	-46,7265335	-23,4891389	1972	0,0507	0,0307	3537	2347	1190
L07679	2	-46,7399355	-23,4854976	1669	0,1198	0,0614	2714	2024	690
L07681	2	-46,7278522	-23,4974960	3589	0,0557	0,0614	6232	4432	1800
L07683	2	-46,4716478	-23,4993793	1880	0,1064	0,0614	3092	2381	711
L07684	1	-46,4880489	-23,4975812	632	0,1582	0,0307	1162	808	354
L07688	1	-46,4915180	-23,5074055	1641	0,0609	0,0307	3150	2085	1065
L07694	1	-46,4971517	-23,4840369	2951	0,0339	0,0307	4712	3627	1085
L07699	2	-46,4816039	-23,4998180	2953	0,0677	0,0614	5279	3696	1583
L07701	1	-46,4889435	-23,4985564	3277	0,0305	0,0307	5967	4095	1872
L07702	2	-46,4749626	-23,4875229	2327	0,0859	0,0614	4070	2936	1134
L07703	1	-46,4731818	-23,5027056	2186	0,0457	0,0307	3519	2750	769
L07707	1	-46,4674092	-23,4866528	1249	0,0801	0,0307	2183	1661	522
L07709	1	-46,4926895	-23,4988971	1792	0,0558	0,0307	3099	2351	748
L07710	1	-46,4820150	-23,5058752	1072	0,0933	0,0307	1843	1332	511
L07712	1	-46,4733392	-23,4886727	826	0,1211	0,0307	1450	1023	427
L07715	1	-46,7054395	-23,4973447	1332	0,0751	0,0307	2162	1641	521
L07717	2	-46,6977498	-23,4953639	1623	0,1232	0,0614	2803	2006	797
L07718	6	-46,6987243	-23,4958644	1305	0,4598	0,1843	2151	1595	556
L07720	11	-46,6906776	-23,4886152	2477	0,4441	0,3378	4263	2952	1311
L07721	2	-46,7021950	-23,4842550	3320	0,0602	0,0614	6150	4149	2001
L07722	1	-46,7100048	-23,4798680	2502	0,04	0,0307	4590	3267	1323
L07723	2	-46,7155090	-23,4737413	2363	0,0846	0,0614	4249	3098	1151
L07724	3	-46,7078711	-23,4942478	2028	0,1479	0,0921	3798	2545	1253
L07725	1	-46,7203590	-23,4728158	1930	0,0518	0,0307	3380	2566	814
L07726	6	-46,6978976	-23,4998743	2271	0,2642	0,1843	4256	2757	1499
L07727	11	-46,6972109	-23,4923489	2499	0,4402	0,3378	4705	3018	1687
L07729	9	-46,7028160	-23,4979150	3736	0,2409	0,2764	6670	4600	2070
L07730	2	-46,7196553	-23,4675600	2010	0,0995	0,0614	3558	2712	846
L07731	5	-46,6997557	-23,4958002	3556	0,1406	0,1536	6178	4337	1841
L07732	2	-46,6916354	-23,4865099	2408	0,0831	0,0614	4588	2950	1638
L07733	1	-46,7048817	-23,4913894	2387	0,0419	0,0307	4271	2986	1285
L07735	2	-46,7091202	-23,4695490	971	0,206	0,0614	1667	1276	391
L07736	1	-46,6899944	-23,4971911	1941	0,0515	0,0307	3393	2305	1088
L07738	4	-46,7064209	-23,4786059	2105	0,19	0,1229	3957	2729	1228
L07739	2	-46,7128806	-23,4857983	3106	0,0644	0,0614	5261	3930	1331
L07742	1	-46,7004116	-23,5041947	1512	0,0661	0,0307	2764	1873	891
L07744	3	-46,7099716	-23,4738143	510	0,5882	0,0921	873	675	198
L07745	4	-46,7009225	-23,4890145	828	0,4831	0,1229	1398	1020	378
L07746	1	-46,6942692	-23,4998988	1098	0,0911	0,0307	1786	1314	472
L07748	1	-46,7035579	-23,4832109	1227	0,0815	0,0307	2074	1563	511
L07749	1	-46,6918357	-23,4979540	547	0,1828	0,0307	863	658	205
L07750	15	-46,7708337	-23,6299871	13605	0,1103	0,4607	25821	17652	8169
L07751	7	-46,7857380	-23,6492250	2439	0,287	0,215	4196	3122	1074
L07752	1	-46,7562863	-23,6156016	3810	0,0262	0,0307	6732	4937	1795
L07753	6	-46,7766842	-23,6395528	2690	0,223	0,1843	4737	3519	1218
L07754	3	-46,7510131	-23,6228353	4006	0,0749	0,0921	7103	5278	1825
L07755	3	-46,7557573	-23,6290243	3980	0,0754	0,0921	6741	5172	1569
L07756	7	-46,7617923	-23,6408234	4236	0,1653	0,215	7697	5404	2293
L07757	1	-46,7705606	-23,6467603	3321	0,0301	0,0307	5877	4308	1569
L07758	5	-46,7701188	-23,6470003	3205	0,156	0,1536	5536	3955	1581
L07759	2	-46,7708253	-23,6346601	2609	0,0767	0,0614	4845	3309	1536
L07760	10	-46,7556667	-23,6404221	3739	0,2675	0,3071	6385	4685	1700
L07761	2	-46,7758320	-23,6436922	4304	0,0465	0,0614	7784	5385	2399
L07762	2	-46,7860069	-23,6438270	3683	0,0543	0,0614	6454	4825	1629
L07763	5	-46,7776614	-23,6511000	4197	0,1191	0,1536	7100	5325	1775
L07765	2	-46,7497115	-23,6403144	4495	0,0445	0,0614	7813	5662	2151
L07766	1	-46,7870213	-23,6430817	3412	0,0293	0,0307	6214	4373	1841
L07767	3	-46,7490615	-23,6345587	3174	0,0945	0,0921	5702	4133	1569
L07768	2	-46,7739779	-23,6330684	2361	0,0847	0,0614	4577	2954	1623
L07769	3	-46,7686119	-23,6296456	3708	0,0809	0,0921	6898	4781	2117
L07770	4	-46,7542153	-23,6198219	4129	0,0969	0,1229	7176	5149	2027
L07771	7	-46,7622591	-23,6469894	2666	0,2626	0,215	4394	3333	1061
L07772	1	-46,7607719	-23,6385695	2910	0,0344	0,0307	5170	3706	1464
L07773	2	-46,7538973	-23,6349349	4025	0,0497	0,0614	6657	5039	1618
L07774	1	-46,7498755	-23,6363346	2769	0,0361	0,0307	4952	3627	1325
L08191	1	-46,7412727	-23,6104585	2419	0,0413	0,0307	3595	2771	824
L08192	1	-46,7464051	-23,5966465	1686	0,0593	0,0307	2775	2051	724
L08193	3	-46,7073893	-23,5739269	1438	0,2086	0,0921	2590	1633	957
L08196	1	-46,7208297	-23,6076803	2840	0,0352	0,0307	4752	3330	1422
L08197	1	-46,7361238	-23,5854310	1908	0,0524	0,0307	3173	2287	886
L08200	1	-46,7298173	-23,5966128	2551	0,0392	0,0307	4499	3046	1453
L08204	2	-46,7468132	-23,6034358	3032	0,066	0,0614	5249	3566	1683
L08205	1	-46,7205486	-23,5875210	2564	0,039	0,0307	4386	2949	1437
L08211	1	-46,7570506	-23,5977877	2938	0,034	0,0307	5449	3746	1703
L08220	2	-46,7456903	-23,6030840	1945	0,1028	0,0614	3106	2290	816
L08222	1	-46,5231986	-23,5430712	747	0,1339	0,0307	1280	947	333
L08224	1	-46,5372688	-23,5366728	1525	0,0656	0,0307	2736	1894	842
L08225	6	-46,5100191	-23,5446064	4128	0,1453	0,1843	7026	5147	1879
L08227	3	-46,5050519	-23,5458928	1879	0,1597	0,0921	3494	2368	1126
L08228	2	-46,5242269	-23,5438048	897	0,223	0,0614	1494	1147	347
L08229	3	-46,4982241	-23,5504038	2927	0,1025	0,0921	5051	3739	1312
L08230	2	-46,5221139	-23,5406331	2745	0,0729	0,0614	5219	3471	1748
L08231	1	-46,5079969	-23,5544033	2026	0,0494	0,0307	3550	2546	1004
L08232	1	-46,5442704	-23,5350483	1844	0,0542	0,0307	3342	2318	1024
L08233	2	-46,5151760	-23,5433139	1746	0,1145	0,0614	3085	2237	848
L08234	1	-46,5317956	-23,5421192	3038	0,0329	0,0307	5442	3818	1624
L08235	1	-46,4958682	-23,5663286	2328	0,043	0,0307	4095	3031	1064
L08237	6	-46,5212577	-23,5434956	2878	0,2085	0,1843	5496	3656	1840
L08238	4	-46,5056207	-23,5405406	972	0,4115	0,1229	1635	1239	396
L08239	1	-46,5141185	-23,5517464	2105	0,0475	0,0307	3730	2686	1044
L08240	2	-46,4985710	-23,5542600	1414	0,1414	0,0614	2497	1881	616
L08241	1	-46,4913846	-23,5478378	2076	0,0482	0,0307	3674	2778	896
L08244	1	-46,4849359	-23,5443559	2408	0,0415	0,0307	4352	3219	1133
L08245	5	-46,4984607	-23,5625811	3684	0,1357	0,1536	6646	4873	1773
L08246	1	-46,5143049	-23,5325952	2090	0,0478	0,0307	3736	2717	1019
L08247	4	-46,4906529	-23,5403308	4098	0,0976	0,1229	7785	5311	2474
L08248	1	-46,5330363	-23,5393366	1903	0,0525	0,0307	3430	2454	976
L08253	2	-46,5180016	-23,5532674	1140	0,1754	0,0614	1856	1423	433
L08254	2	-46,5030630	-23,5515660	2892	0,0692	0,0614	5108	3701	1407
L08255	3	-46,4930480	-23,5384900	1910	0,1571	0,0921	3638	2415	1223
L08256	3	-46,5191281	-23,5450183	2851	0,1052	0,0921	5189	3512	1677
L08257	1	-46,4932714	-23,5642955	2006	0,0499	0,0307	3537	2652	885
L08258	4	-46,5095374	-23,5384628	2376	0,1684	0,1229	4461	3015	1446
L08261	7	-46,5328060	-23,5351986	2423	0,2889	0,215	4244	2978	1266
L08262	4	-46,5005028	-23,5350092	2427	0,1648	0,1229	4145	3117	1028
L08263	1	-46,5188258	-23,5451260	620	0,1613	0,0307	1101	755	346
L08265	17	-46,5251630	-23,5338233	5108	0,3328	0,5221	9329	6208	3121
L08266	2	-46,5492719	-23,5643080	3744	0,0534	0,0614	6474	4613	1861
L08267	1	-46,5464060	-23,5700350	1922	0,052	0,0307	3132	2354	778
L08268	1	-46,5382964	-23,5663555	2910	0,0344	0,0307	5207	3628	1579
L08269	1	-46,5456990	-23,5729610	1641	0,0609	0,0307	2921	2045	876
L08274	1	-46,5439614	-23,5676780	2439	0,041	0,0307	5027	3105	1922
L08276	2	-46,5458952	-23,5550134	2003	0,0999	0,0614	3017	2414	603
L08278	1	-46,5421410	-23,5610590	3394	0,0295	0,0307	6342	4245	2097
L08279	2	-46,5397986	-23,5751068	3183	0,0628	0,0614	5939	4067	1872
L08280	4	-46,5272729	-23,5842759	3215	0,1244	0,1229	5879	4206	1673
L08281	1	-46,5410608	-23,5606823	3255	0,0307	0,0307	5649	4123	1526
L08282	2	-46,5363320	-23,5554260	2096	0,0954	0,0614	3766	2596	1170
L08283	2	-46,5276225	-23,5710305	2727	0,0733	0,0614	5111	3464	1647
L08284	1	-46,5527913	-23,5614550	3182	0,0314	0,0307	5966	3914	2052
L08287	2	-46,5495140	-23,5691620	649	0,3082	0,0614	1068	790	278
L08288	1	-46,5338955	-23,5680719	1022	0,0978	0,0307	1667	1284	383
L08290	1	-46,5242645	-23,5744660	1705	0,0587	0,0307	2898	2194	704
L08293	1	-46,6083813	-23,4903083	2174	0,046	0,0307	3215	2572	643
L08295	2	-46,5903643	-23,4794354	1163	0,172	0,0614	1836	1454	382
L08296	2	-46,5867358	-23,4804731	3045	0,0657	0,0614	5362	3770	1592
L08297	1	-46,5922270	-23,4778802	3114	0,0321	0,0307	5691	3862	1829
L08298	1	-46,5964456	-23,4816480	2676	0,0374	0,0307	5140	3366	1774
L08299	6	-46,5792804	-23,4590009	1688	0,3555	0,1843	3422	2181	1241
L08300	6	-46,5778738	-23,4504834	1879	0,3193	0,1843	3503	2489	1014
L08301	5	-46,5806496	-23,4548081	4543	0,1101	0,1536	8491	6011	2480
L08302	2	-46,5835571	-23,4654238	2768	0,0723	0,0614	5668	3556	2112
L08304	1	-46,5865198	-23,4701787	2754	0,0363	0,0307	5084	3408	1676
L08305	4	-46,5732891	-23,4514774	4266	0,0938	0,1229	8509	5988	2521
L08306	1	-46,5810523	-23,4735563	1953	0,0512	0,0307	3282	2468	814
L08307	3	-46,5775231	-23,4668711	3245	0,0924	0,0921	6063	4171	1892
L08308	3	-46,5845419	-23,4570823	3848	0,078	0,0921	7444	5062	2382
L08309	2	-46,5870109	-23,4731635	2255	0,0887	0,0614	4250	2778	1472
L08311	1	-46,5815415	-23,4752510	2413	0,0414	0,0307	4364	2919	1445
L08312	1	-46,5846950	-23,4614040	3278	0,0305	0,0307	6142	4077	2065
L08313	2	-46,5922900	-23,4849578	1618	0,1236	0,0614	3176	1990	1186
L08316	11	-46,5765464	-23,4500907	995	1,1055	0,3378	1852	1370	482
L08317	2	-46,5960222	-23,4905735	506	0,3953	0,0614	794	626	168
L08318	3	-46,5839255	-23,4646554	989	0,3033	0,0921	1750	1236	514
L08319	1	-46,5865377	-23,4726386	407	0,2457	0,0307	689	493	196
L08322	1	-46,5370536	-23,5872418	1053	0,095	0,0307	1920	1395	525
L08325	1	-46,5316668	-23,6073717	2872	0,0348	0,0307	5114	3787	1327
L08326	3	-46,5355996	-23,6112794	1612	0,1861	0,0921	2758	2088	670
L08327	7	-46,5339774	-23,5909237	3590	0,195	0,215	6889	4568	2321
L08328	2	-46,5218639	-23,6015171	3067	0,0652	0,0614	5474	3871	1603
L08329	3	-46,5324351	-23,6017298	2549	0,1177	0,0921	4651	3215	1436
L08330	4	-46,5220144	-23,6090632	4420	0,0905	0,1229	8006	5587	2419
L08331	3	-46,5224167	-23,5870214	2150	0,1395	0,0921	3937	2882	1055
L08333	2	-46,5151342	-23,5886563	3403	0,0588	0,0614	6060	4434	1626
L08334	2	-46,5237361	-23,5957342	4037	0,0495	0,0614	7533	5184	2349
L08337	3	-46,5124860	-23,5891800	2899	0,1035	0,0921	5040	3740	1300
L08338	3	-46,5148744	-23,5961389	3454	0,0869	0,0921	6476	4342	2134
L08339	5	-46,5170364	-23,6013813	1959	0,2552	0,1536	3455	2476	979
L08340	2	-46,5365552	-23,5957785	3050	0,0656	0,0614	5865	3909	1956
L08341	1	-46,5326997	-23,6129223	1097	0,0912	0,0307	1917	1466	451
L08342	4	-46,5266764	-23,5902384	2424	0,165	0,1229	4325	3078	1247
L08343	2	-46,5377963	-23,5816242	3112	0,0643	0,0614	5858	3912	1946
L08344	3	-46,5190849	-23,6068070	2708	0,1108	0,0921	4764	3597	1167
L08346	1	-46,5159118	-23,5981902	1878	0,0532	0,0307	3155	2401	754
L08348	1	-46,5374573	-23,5872801	1735	0,0576	0,0307	2944	2171	773
L08349	1	-46,5265229	-23,5911881	1522	0,0657	0,0307	2691	1958	733
L08351	3	-46,5255369	-23,5976545	4099	0,0732	0,0921	7280	5240	2040
L08354	1	-46,6718510	-23,6480180	3606	0,0277	0,0307	5953	4267	1686
L08357	1	-46,6566918	-23,6673339	2867	0,0349	0,0307	5558	3511	2047
L08358	1	-46,6595184	-23,6732345	3334	0,03	0,0307	6265	4353	1912
L08359	2	-46,6440225	-23,6904889	4358	0,0459	0,0614	8287	5678	2609
L08361	2	-46,6490180	-23,6808501	3642	0,0549	0,0614	6749	4652	2097
L08362	3	-46,6599252	-23,6645331	3182	0,0943	0,0921	5899	3877	2022
L08363	1	-46,6578420	-23,6700605	2290	0,0437	0,0307	3858	2871	987
L08364	1	-46,6666281	-23,6643337	2350	0,0426	0,0307	4231	2884	1347
L08365	2	-46,6383547	-23,6857440	3713	0,0539	0,0614	6684	4675	2009
L08367	3	-46,6760160	-23,6550423	3987	0,0752	0,0921	6800	4757	2043
L08369	1	-46,6692349	-23,6669498	3705	0,027	0,0307	6566	4618	1948
L08372	1	-46,6459844	-23,6750154	2880	0,0347	0,0307	5258	3622	1636
L08374	3	-46,6583497	-23,6731895	2392	0,1254	0,0921	4435	3139	1296
L08377	1	-46,6776829	-23,6644228	3581	0,0279	0,0307	6118	4373	1745
L08378	1	-46,4008120	-23,4977007	1709	0,0585	0,0307	3255	2338	917
L08380	1	-46,3955110	-23,5079850	4070	0,0246	0,0307	7143	5356	1787
L08381	3	-46,3943443	-23,5046166	3160	0,0949	0,0921	5695	4002	1693
L08383	2	-46,3769440	-23,4873573	2331	0,0858	0,0614	4327	3221	1106
L08384	1	-46,3985890	-23,5096370	3537	0,0283	0,0307	6428	4541	1887
L08385	1	-46,3767415	-23,5064594	1891	0,0529	0,0307	3406	2573	833
L08386	6	-46,3879010	-23,5188440	3845	0,156	0,1843	6696	5024	1672
L08387	5	-46,3754478	-23,4964448	3203	0,1561	0,1536	5688	4215	1473
L08388	1	-46,3717432	-23,4962403	1681	0,0595	0,0307	3000	2313	687
L08391	6	-46,3965404	-23,5176660	3624	0,1656	0,1843	6265	4666	1599
L08392	4	-46,4006667	-23,5034363	3308	0,1209	0,1229	6122	4146	1976
L08393	4	-46,3905136	-23,4921738	2500	0,16	0,1229	4429	3299	1130
L08396	1	-46,3830556	-23,4914097	2865	0,0349	0,0307	5005	3783	1222
L08397	2	-46,3844165	-23,4797530	3246	0,0616	0,0614	5337	4090	1247
L08398	2	-46,4040381	-23,5003398	2632	0,076	0,0614	4564	3375	1189
L08399	2	-46,3842236	-23,5203421	3359	0,0595	0,0614	6149	4622	1527
L08400	3	-46,3850728	-23,5122978	3974	0,0755	0,0921	7123	5016	2107
L08401	1	-46,3808672	-23,5028827	722	0,1385	0,0307	1259	974	285
L08403	1	-46,3988792	-23,5093492	2345	0,0426	0,0307	4153	3085	1068
L08404	2	-46,3922999	-23,4852473	2625	0,0762	0,0614	4589	3442	1147
L08405	2	-46,3718376	-23,5014239	2671	0,0749	0,0614	4809	3768	1041
L08406	1	-46,3851172	-23,4793298	1159	0,0863	0,0307	1941	1503	438
L08408	1	-46,3900305	-23,4923096	2762	0,0362	0,0307	5089	3777	1312
L08409	4	-46,4020530	-23,4932319	3373	0,1186	0,1229	6356	4333	2023
L08410	1	-46,3944620	-23,4902290	2920	0,0342	0,0307	5431	3694	1737
L08411	1	-46,3698794	-23,5080357	3148	0,0318	0,0307	5639	4225	1414
L08414	2	-46,3950439	-23,4989421	2828	0,0707	0,0614	5125	3485	1640
L08415	3	-46,3940515	-23,4832409	2647	0,1133	0,0921	4861	3522	1339
L08419	1	-46,3864385	-23,4906431	1177	0,085	0,0307	2039	1548	491
L08427	1	-46,4213722	-23,5297891	4764	0,021	0,0307	7765	5959	1806
L08428	1	-46,3882687	-23,5454378	2086	0,0479	0,0307	3720	2817	903
L08430	1	-46,4157806	-23,5492070	1808	0,0553	0,0307	3393	2325	1068
L08436	1	-46,4107031	-23,5355506	3955	0,0253	0,0307	7305	5186	2119
L08438	2	-46,4254538	-23,5250259	3705	0,054	0,0614	6437	4786	1651
L08439	1	-46,4207673	-23,5460751	2866	0,0349	0,0307	5637	3838	1799
L08444	2	-46,3977921	-23,5358129	2757	0,0725	0,0614	5165	3761	1404
L08447	1	-46,4023822	-23,5509844	1988	0,0503	0,0307	3479	2599	880
L08448	1	-46,4087514	-23,5527119	2094	0,0478	0,0307	4017	2779	1238
L08449	2	-46,4174509	-23,5537296	2587	0,0773	0,0614	5105	3534	1571
L08454	1	-46,4066295	-23,5366390	2713	0,0369	0,0307	4822	3590	1232
L08455	1	-46,4007548	-23,5495498	2353	0,0425	0,0307	4306	3004	1302
L08465	1	-46,3996730	-23,5530710	631	0,1585	0,0307	1150	856	294
L08846	1	-46,6604530	-23,7438933	5276	0,019	0,0307	8555	6524	2031
L08847	1	-46,7045504	-23,7542184	5925	0,0169	0,0307	10150	7592	2558
L08849	1	-46,6810095	-23,7397520	2444	0,0409	0,0307	4220	3097	1123
L08851	1	-46,7029441	-23,7482829	3251	0,0308	0,0307	5688	4114	1574
L08853	1	-46,6805020	-23,7527693	3612	0,0277	0,0307	6315	4616	1699
L08858	1	-46,6957840	-23,7538980	1671	0,0598	0,0307	2892	2171	721
L08859	1	-46,6816347	-23,7551323	1701	0,0588	0,0307	2903	2139	764
L08862	1	-46,6941916	-23,7361482	4568	0,0219	0,0307	8304	5797	2507
L08863	1	-46,6886063	-23,7505995	3166	0,0316	0,0307	5819	4112	1707
L08868	3	-46,6655617	-23,7587693	1918	0,1564	0,0921	3164	2426	738
L08870	1	-46,6818898	-23,7403681	3700	0,027	0,0307	6280	4769	1511
L08871	1	-46,6684971	-23,7532554	4993	0,02	0,0307	8570	6421	2149
L08874	2	-46,6701917	-23,7428868	5030	0,0398	0,0614	8684	6561	2123
L08876	1	-46,6681724	-23,7475017	2547	0,0393	0,0307	4140	3222	918
L08879	3	-46,6771720	-23,7532160	2969	0,101	0,0921	5144	3881	1263
L08880	2	-46,6703618	-23,7532358	3720	0,0538	0,0614	5940	4631	1309
L08885	9	-46,7826347	-23,7426504	5319	0,1692	0,2764	9184	6673	2511
L08887	12	-46,7821867	-23,7409511	5907	0,2031	0,3686	10173	7415	2758
L08888	1	-46,7449271	-23,6845334	3976	0,0252	0,0307	6506	4872	1634
L08890	10	-46,7816360	-23,7154750	1211	0,8258	0,3071	2073	1497	576
L08891	8	-46,7705221	-23,7208213	4451	0,1797	0,2457	7568	5541	2027
L08893	1	-46,7717602	-23,6885585	842	0,1188	0,0307	1410	1044	366
L08894	17	-46,7822515	-23,7187870	4175	0,4072	0,5221	7569	5347	2222
L08896	2	-46,7722560	-23,6977360	3286	0,0609	0,0614	5962	4211	1751
L08899	6	-46,7296989	-23,6686244	4808	0,1248	0,1843	7532	5810	1722
L08900	2	-46,7459944	-23,6760859	3870	0,0517	0,0614	6211	4807	1404
L08901	2	-46,7645258	-23,6853526	2060	0,0971	0,0614	3371	2470	901
L08902	2	-46,7420691	-23,6929780	3706	0,054	0,0614	6165	4741	1424
L08903	2	-46,7549903	-23,6797057	2449	0,0817	0,0614	4419	3166	1253
L08906	14	-46,7756880	-23,7009931	3097	0,4521	0,43	5172	3825	1347
L08908	71	-46,7789630	-23,7147600	3404	2,0858	2,1806	5872	4422	1450
L08909	3	-46,7343899	-23,6780392	4253	0,0705	0,0921	6926	5231	1695
L08910	2	-46,7644449	-23,7005122	3583	0,0558	0,0614	6421	4721	1700
L08911	26	-46,7895404	-23,7358720	4436	0,5861	0,7985	7779	5629	2150
L08912	4	-46,7544275	-23,6715623	3436	0,1164	0,1229	5880	4460	1420
L08913	3	-46,7553528	-23,6757960	3255	0,0922	0,0921	5943	4082	1861
L08914	2	-46,7644205	-23,6860017	2545	0,0786	0,0614	4224	3108	1116
L08915	9	-46,7923315	-23,7092825	2309	0,3898	0,2764	4001	2961	1040
L08916	1	-46,7607341	-23,6898202	637	0,157	0,0307	1036	792	244
L08917	1	-46,7474059	-23,6737216	2586	0,0387	0,0307	4466	3168	1298
L08918	3	-46,7646129	-23,6800985	3973	0,0755	0,0921	7083	4944	2139
L08919	2	-46,7518905	-23,6805097	3188	0,0627	0,0614	5387	4046	1341
L08920	3	-46,7717602	-23,6885585	3458	0,0868	0,0921	6360	4250	2110
L08921	1	-46,7477778	-23,6709060	3171	0,0315	0,0307	5519	3877	1642
L08924	3	-46,7528366	-23,6745244	3179	0,0944	0,0921	5308	3981	1327
L08925	1	-46,7637275	-23,6860902	3526	0,0284	0,0307	6017	4176	1841
L08926	6	-46,7768923	-23,6963317	2699	0,2223	0,1843	4639	3456	1183
L08927	6	-46,7602288	-23,6921984	3141	0,191	0,1843	5143	3919	1224
L08928	2	-46,7383011	-23,6797511	3519	0,0568	0,0614	5719	4390	1329
L08929	2	-46,7383672	-23,6748485	1967	0,1017	0,0614	3174	2419	755
L08931	27	-46,7926628	-23,7318431	4353	0,6203	0,8292	7513	5588	1925
L08934	5	-46,7701634	-23,7200619	4256	0,1175	0,1536	7146	5402	1744
L08935	10	-46,7929187	-23,7310998	1139	0,878	0,3071	1868	1439	429
L08936	12	-46,7568865	-23,7221715	4624	0,2595	0,3686	7539	5712	1827
L08937	2	-46,7398408	-23,6738654	4636	0,0431	0,0614	7955	5725	2230
L08938	5	-46,7563790	-23,6782580	1306	0,3828	0,1536	2186	1665	521
L08939	3	-46,7687891	-23,6747016	1964	0,1527	0,0921	3621	2542	1079
L08940	4	-46,7643695	-23,6705361	2617	0,1528	0,1229	4716	3439	1277
L08941	2	-46,7584936	-23,6672249	1847	0,1083	0,0614	3218	2371	847
L08943	3	-46,7619149	-23,6635947	1581	0,1898	0,0921	2777	2012	765
L08944	9	-46,7869811	-23,6550768	3281	0,2743	0,2764	5927	4213	1714
L08945	3	-46,7595495	-23,6741975	3422	0,0877	0,0921	5713	4273	1440
L08946	7	-46,7599809	-23,6583845	3828	0,1829	0,215	6414	4828	1586
L08947	1	-46,7588097	-23,6679219	3084	0,0324	0,0307	5635	3906	1729
L08948	3	-46,7709966	-23,6560362	4506	0,0666	0,0921	7853	5738	2115
L08950	4	-46,7904828	-23,6530515	1902	0,2103	0,1229	3059	2375	684
L08951	4	-46,7886418	-23,6575053	2044	0,1957	0,1229	3413	2611	802
L08952	10	-46,7676270	-23,6679840	4298	0,2327	0,3071	7695	5421	2274
L08953	3	-46,7897522	-23,6576515	2681	0,1119	0,0921	4927	3511	1416
L08954	12	-46,7664599	-23,6622186	3884	0,309	0,3686	7168	4912	2256
L08955	3	-46,7671835	-23,6773241	4100	0,0732	0,0921	7105	5165	1940
L08956	1	-46,7685672	-23,6718762	1603	0,0624	0,0307	2820	2048	772
L08957	6	-46,7797422	-23,6633017	2939	0,2042	0,1843	5299	3860	1439
L08958	4	-46,7594862	-23,6585655	2498	0,1601	0,1229	4132	3123	1009
L08959	1	-46,7717000	-23,6780060	1598	0,0626	0,0307	2710	2016	694
L08960	1	-46,7605850	-23,6607960	931	0,1074	0,0307	1514	1171	343
L08961	12	-46,7833170	-23,6591080	3489	0,3439	0,3686	6112	4474	1638
L08962	3	-46,7552312	-23,6597385	2495	0,1202	0,0921	4466	3243	1223
L08963	7	-46,7734927	-23,6740405	2049	0,3416	0,215	3996	2559	1437
L08964	10	-46,7859043	-23,6612756	2404	0,416	0,3071	4384	2994	1390
L08965	15	-46,7675970	-23,6617050	4014	0,3737	0,4607	7021	5104	1917
L08969	3	-46,7387859	-23,5794283	2272	0,132	0,0921	3703	2689	1014
L08971	2	-46,7414689	-23,5502101	1483	0,1349	0,0614	2896	1900	996
L08975	2	-46,7386988	-23,5779575	1738	0,1151	0,0614	2783	2052	731
L08976	1	-46,7540875	-23,5858304	1209	0,0827	0,0307	1901	1455	446
L08977	1	-46,7667060	-23,5859640	590	0,1695	0,0307	1027	762	265
L08979	1	-46,7659213	-23,5803246	1496	0,0668	0,0307	2293	1792	501
L08982	2	-46,7512554	-23,5452190	2973	0,0673	0,0614	5291	3603	1688
L08983	2	-46,7950827	-23,6026719	3496	0,0572	0,0614	6021	4411	1610
L08985	1	-46,7491328	-23,5658101	3021	0,0331	0,0307	5172	3648	1524
L08988	1	-46,7545127	-23,5689070	2999	0,0333	0,0307	5372	3588	1784
L08989	1	-46,7421886	-23,5732813	4364	0,0229	0,0307	7754	5121	2633
L08990	7	-46,7660251	-23,5891918	3308	0,2116	0,215	5815	4319	1496
L08992	3	-46,7930101	-23,5823718	1863	0,161	0,0921	3504	2473	1031
L08993	3	-46,7392086	-23,5715905	1997	0,1502	0,0921	3453	2434	1019
L08994	3	-46,7816430	-23,5898970	4658	0,0644	0,0921	8134	5717	2417
L08996	2	-46,7543940	-23,5690070	2249	0,0889	0,0614	4437	2776	1661
L08998	1	-46,7616411	-23,5738108	3264	0,0306	0,0307	5781	3909	1872
L09000	1	-46,7292351	-23,5745661	3100	0,0323	0,0307	5436	3579	1857
L09002	3	-46,7911802	-23,5945477	2463	0,1218	0,0921	4395	2990	1405
L09003	1	-46,7642531	-23,5642335	2581	0,0387	0,0307	4184	3120	1064
L09005	3	-46,7525361	-23,5755947	2603	0,1153	0,0921	4580	3179	1401
L09012	1	-46,8008485	-23,5869553	1897	0,0527	0,0307	3203	2480	723
L09013	1	-46,7909036	-23,5841478	1364	0,0733	0,0307	2357	1795	562
L09015	1	-46,7680477	-23,5870733	738	0,1355	0,0307	1206	923	283
L09017	1	-46,7921198	-23,5835025	184	0,5435	0,0307	320	242	78
L09019	1	-46,7313271	-23,5767877	1362	0,0734	0,0307	2150	1572	578
L09021	1	-46,7079675	-23,5695014	572	0,1748	0,0307	894	648	246
L09025	1	-46,7904907	-23,5952751	1505	0,0664	0,0307	2487	1890	597
L09029	1	-46,7397094	-23,5694257	1120	0,0893	0,0307	1808	1282	526
L09036	3	-46,4835312	-23,6003513	2527	0,1187	0,0921	4456	3269	1187
L09037	4	-46,4562405	-23,6205281	2079	0,1924	0,1229	3718	2655	1063
L09038	1	-46,4490531	-23,6038892	1178	0,0849	0,0307	1993	1468	525
L09040	4	-46,4696590	-23,6129782	2328	0,1718	0,1229	4085	3035	1050
L09041	2	-46,4824676	-23,6012239	2857	0,07	0,0614	5384	3613	1771
L09042	1	-46,4746879	-23,6291216	2377	0,0421	0,0307	4450	3252	1198
L09043	5	-46,4541133	-23,6084711	2305	0,2169	0,1536	4116	3063	1053
L09044	2	-46,4785593	-23,5947194	2910	0,0687	0,0614	5416	3690	1726
L09045	2	-46,4515686	-23,6112921	2639	0,0758	0,0614	4345	3304	1041
L09047	1	-46,4438014	-23,6308046	2623	0,0381	0,0307	4519	3376	1143
L09050	1	-46,4823318	-23,5909468	1623	0,0616	0,0307	2982	2201	781
L09051	3	-46,4517184	-23,6021242	3466	0,0866	0,0921	6290	4630	1660
L09052	2	-46,4779483	-23,6242638	1949	0,1026	0,0614	3678	2733	945
L09057	3	-46,4881751	-23,5991604	3417	0,0878	0,0921	5868	4270	1598
L09059	2	-46,4626277	-23,6209456	3192	0,0627	0,0614	6229	4211	2018
L09060	2	-46,4915612	-23,5952026	2836	0,0705	0,0614	5085	3699	1386
L09065	4	-46,4573138	-23,6173317	3507	0,1141	0,1229	6005	4481	1524
L09066	2	-46,4621492	-23,6284570	2730	0,0733	0,0614	5142	3766	1376
L09068	2	-46,4579281	-23,6104786	2371	0,0844	0,0614	4220	3084	1136
L09069	1	-46,4670370	-23,6008861	3027	0,033	0,0307	5073	3872	1201
L09070	6	-46,4466713	-23,6086516	4014	0,1495	0,1843	7074	5208	1866
L09072	3	-46,4711933	-23,6237846	2817	0,1065	0,0921	4983	3737	1246
L09073	4	-46,4623540	-23,6265038	2947	0,1357	0,1229	5192	3866	1326
L09074	1	-46,4538383	-23,5987817	2975	0,0336	0,0307	5013	3755	1258
L09076	3	-46,4921282	-23,5878134	2168	0,1384	0,0921	4122	2686	1436
L09078	2	-46,4574058	-23,6320001	2934	0,0682	0,0614	5182	3779	1403
L09079	3	-46,4516620	-23,6049100	1514	0,1982	0,0921	2644	1971	673
L09080	3	-46,4532396	-23,6020534	2820	0,1064	0,0921	4742	3542	1200
L09081	4	-46,4449590	-23,6045710	2945	0,1358	0,1229	4772	3692	1080
L09082	1	-46,4571907	-23,6309235	1515	0,066	0,0307	2682	1961	721
L09083	3	-46,4464970	-23,6396360	2818	0,1065	0,0921	4787	3634	1153
L09084	5	-46,4866751	-23,5892640	2723	0,1836	0,1536	4672	3532	1140
L09087	1	-46,4867752	-23,5894497	1371	0,0729	0,0307	2324	1804	520
L09089	3	-46,4760402	-23,6078220	1380	0,2174	0,0921	2541	1871	670
L09091	2	-46,4719748	-23,6101579	2941	0,068	0,0614	5080	3787	1293
L09092	3	-46,4703344	-23,6125189	2663	0,1127	0,0921	4922	3399	1523
L09095	2	-46,6814668	-23,4770174	995	0,201	0,0614	1692	1272	420
L09096	7	-46,6919830	-23,4800350	2740	0,2555	0,215	4783	3354	1429
L09097	3	-46,6833436	-23,4716951	3420	0,0877	0,0921	6292	4301	1991
L09098	1	-46,7030593	-23,4716926	3193	0,0313	0,0307	5790	3980	1810
L09099	2	-46,6998285	-23,4605103	2820	0,0709	0,0614	4930	3583	1347
L09100	3	-46,6986546	-23,4803642	3036	0,0988	0,0921	5415	3789	1626
L09101	5	-46,6966832	-23,4469548	4193	0,1192	0,1536	7420	5285	2135
L09102	1	-46,6877814	-23,4600022	3235	0,0309	0,0307	5834	4249	1585
L09103	18	-46,6729691	-23,4629576	3071	0,5861	0,5528	5490	4096	1394
L09104	4	-46,6738756	-23,4613197	2864	0,1397	0,1229	4912	3725	1187
L09105	5	-46,6983080	-23,4693623	4632	0,1079	0,1536	8469	5835	2634
L09107	1	-46,6864059	-23,4697610	2203	0,0454	0,0307	4116	2829	1287
L09108	2	-46,6874952	-23,4598553	1493	0,134	0,0614	2681	1920	761
L09110	4	-46,6932484	-23,4764397	3726	0,1074	0,1229	6985	4801	2184
L09111	7	-46,6780978	-23,4504874	2994	0,2338	0,215	5456	3938	1518
L09112	3	-46,6975146	-23,4687553	3273	0,0917	0,0921	6109	4041	2068
L09113	2	-46,6882642	-23,4736711	3556	0,0562	0,0614	6282	4605	1677
L09114	3	-46,6740490	-23,4675988	995	0,3015	0,0921	1554	1250	304
L09116	4	-46,6837802	-23,4832228	2960	0,1351	0,1229	5049	3734	1315
L09117	4	-46,7020440	-23,4580940	3715	0,1077	0,1229	6828	4901	1927
L09118	23	-46,6795279	-23,4641832	7883	0,2918	0,7064	15183	10348	4835
L09120	2	-46,7026753	-23,4471028	1959	0,1021	0,0614	3520	2602	918
L09121	3	-46,6774616	-23,4736278	2374	0,1264	0,0921	4175	3125	1050
L09123	6	-46,6775348	-23,4595275	3138	0,1912	0,1843	5462	4143	1319
L09124	8	-46,6736651	-23,4709745	2675	0,2991	0,2457	4617	3454	1163
L09125	2	-46,6906963	-23,4692644	2790	0,0717	0,0614	5131	3574	1557
L09126	1	-46,6908864	-23,4686604	3640	0,0275	0,0307	6924	4603	2321
L09127	5	-46,6881097	-23,4507951	3748	0,1334	0,1536	6670	4918	1752
L09128	1	-46,6783972	-23,4823657	2002	0,05	0,0307	3343	2538	805
L09129	2	-46,6940812	-23,4585925	3967	0,0504	0,0614	6922	5126	1796
L09130	2	-46,6766890	-23,4765394	2390	0,0837	0,0614	4244	3085	1159
L09131	2	-46,6897540	-23,4625830	1174	0,1704	0,0614	2058	1546	512
L09132	5	-46,6750425	-23,4517869	1995	0,2506	0,1536	3463	2543	920
L09134	5	-46,6848409	-23,4554709	3273	0,1528	0,1536	5723	4296	1427
L09135	7	-46,6875898	-23,4827743	3242	0,2159	0,215	6012	4001	2011
L09138	1	-46,6809709	-23,4669256	2642	0,0379	0,0307	4579	3416	1163
L09140	1	-46,6847958	-23,4501963	1360	0,0735	0,0307	2370	1722	648
L09142	2	-46,6871539	-23,4821017	1630	0,1227	0,0614	2758	2043	715
L09143	2	-46,7028915	-23,4758818	987	0,2026	0,0614	1579	1208	371
L09144	1	-46,7035177	-23,4614133	1057	0,0946	0,0307	1938	1370	568
L09145	1	-46,6931880	-23,4731917	766	0,1305	0,0307	1379	986	393
L09324	1	-46,6807410	-23,7669661	7735	0,0129	0,0307	13259	9980	3279
L09325	2	-46,7263218	-23,8274592	6787	0,0295	0,0614	12142	8727	3415
L09328	1	-46,7141076	-23,7756410	2776	0,036	0,0307	4851	3566	1285
L09330	1	-46,7376117	-23,8118259	2470	0,0405	0,0307	4187	3091	1096
L09331	1	-46,7035072	-23,7651387	3604	0,0277	0,0307	6158	4583	1575
L09332	1	-46,6902192	-23,7830774	3543	0,0282	0,0307	5840	4560	1280
L09334	1	-46,7177616	-23,7331948	2616	0,0382	0,0307	4208	3249	959
L09339	1	-46,7290105	-23,8229399	2160	0,0463	0,0307	3913	2829	1084
L09341	2	-46,6962116	-23,7633829	3630	0,0551	0,0614	5815	4452	1363
L09343	1	-46,6900236	-23,7830902	3546	0,0282	0,0307	5915	4466	1449
L09344	1	-46,6923854	-23,7664548	2534	0,0395	0,0307	4216	3211	1005
L09346	5	-46,6969438	-23,7768204	4723	0,1059	0,1536	7671	5863	1808
L09347	3	-46,7059302	-23,7403363	3101	0,0967	0,0921	5690	3864	1826
L09356	1	-46,7319307	-23,7919749	4689	0,0213	0,0307	8175	6073	2102
L09363	4	-46,6948722	-23,7705062	3781	0,1058	0,1229	6218	4781	1437
L09369	1	-46,7035380	-23,7651320	3146	0,0318	0,0307	4942	3849	1093
L09378	1	-46,7097768	-23,7408594	891	0,1122	0,0307	1393	1110	283
L09644	1	-46,7595246	-23,4046073	6764	0,0148	0,0307	12622	8645	3977
L09645	2	-46,7119327	-23,4419746	3269	0,0612	0,0614	5682	4161	1521
L09647	1	-46,7170362	-23,4446937	2209	0,0453	0,0307	3864	2823	1041
L09648	3	-46,7176648	-23,4359306	3664	0,0819	0,0921	6857	4617	2240
L09649	1	-46,7155247	-23,4498055	1779	0,0562	0,0307	3423	2452	971
L09650	3	-46,7167070	-23,4450305	2708	0,1108	0,0921	4712	3446	1266
L09653	1	-46,7571522	-23,4107543	2816	0,0355	0,0307	5154	3588	1566
L09656	2	-46,7076665	-23,4422276	2819	0,0709	0,0614	4709	3625	1084
L09657	4	-46,7266588	-23,4265393	2406	0,1663	0,1229	4002	3119	883
L09660	1	-46,7415768	-23,4083171	2643	0,0378	0,0307	4472	3454	1018
L09661	2	-46,7122032	-23,4487517	1353	0,1478	0,0614	2268	1720	548
L09663	1	-46,7399698	-23,4091960	1434	0,0697	0,0307	2605	1936	669
L09666	7	-46,7516173	-23,3995291	2810	0,2491	0,215	4777	3531	1246
L09668	1	-46,7091840	-23,4464830	1307	0,0765	0,0307	2147	1657	490
L09670	1	-46,7192047	-23,4348671	2032	0,0492	0,0307	3853	2568	1285
L09673	3	-46,7384315	-23,4028665	2893	0,1037	0,0921	5072	3732	1340
L09674	1	-46,8068959	-23,4410929	1146	0,0873	0,0307	2077	1538	539
L09678	1	-46,7174060	-23,4409910	1966	0,0509	0,0307	3436	2563	873
L09684	2	-46,7449950	-23,4008390	1788	0,1119	0,0614	3003	2296	707
L09685	1	-46,7141265	-23,4344010	2433	0,0411	0,0307	4113	3094	1019
L09688	1	-46,7166746	-23,4347728	1683	0,0594	0,0307	2857	2153	704
L09693	1	-46,7491167	-23,4005740	1242	0,0805	0,0307	2095	1595	500
L09696	2	-46,5350066	-23,5126551	1200	0,1667	0,0614	2109	1530	579
L09698	4	-46,5211510	-23,5024680	3117	0,1283	0,1229	5306	4002	1304
L09700	2	-46,4949911	-23,5049464	2959	0,0676	0,0614	5656	3767	1889
L09701	3	-46,5067684	-23,5021411	4523	0,0663	0,0921	8238	6120	2118
L09702	1	-46,5462397	-23,5116021	3181	0,0314	0,0307	5845	4123	1722
L09703	3	-46,5143098	-23,5025941	3250	0,0923	0,0921	6003	4205	1798
L09708	1	-46,5011972	-23,4910374	3598	0,0278	0,0307	5673	4513	1160
L09710	3	-46,5314823	-23,5021289	2230	0,1345	0,0921	4095	2837	1258
L09711	2	-46,5256831	-23,5120904	4021	0,0497	0,0614	7414	5163	2251
L09712	2	-46,5312644	-23,5048651	2786	0,0718	0,0614	5242	3698	1544
L09713	4	-46,5202416	-23,5000815	2013	0,1987	0,1229	3488	2617	871
L09715	1	-46,5417660	-23,5078996	2268	0,0441	0,0307	4139	2897	1242
L09718	1	-46,5280832	-23,5051057	531	0,1883	0,0307	1009	704	305
L09720	1	-46,5061927	-23,4971573	1578	0,0634	0,0307	2480	1979	501
L09723	2	-46,5113293	-23,5018991	844	0,237	0,0614	1412	1106	306
L09752	2	-46,4842871	-23,5209250	1143	0,175	0,0614	2000	1551	449
L09754	4	-46,4761598	-23,5359998	2662	0,1503	0,1229	4728	3332	1396
L09755	3	-46,4808207	-23,5172670	2520	0,119	0,0921	4399	3291	1108
L09756	1	-46,5035712	-23,5158497	3180	0,0314	0,0307	5593	4105	1488
L09758	1	-46,4840632	-23,5126634	2966	0,0337	0,0307	5485	3744	1741
L09759	1	-46,4893072	-23,5119538	2407	0,0415	0,0307	4544	3045	1499
L09760	4	-46,5123128	-23,5122863	1870	0,2139	0,1229	3618	2345	1273
L09762	2	-46,4813689	-23,5374258	3181	0,0629	0,0614	5713	4094	1619
L09763	3	-46,4896747	-23,5160828	2228	0,1346	0,0921	3691	2807	884
L09765	2	-46,4693922	-23,5224683	3655	0,0547	0,0614	6254	4742	1512
L09766	7	-46,4880409	-23,5223342	3475	0,2014	0,215	6125	4652	1473
L09768	3	-46,4792021	-23,5282349	2012	0,1491	0,0921	3434	2685	749
L09769	1	-46,4765549	-23,5327711	2321	0,0431	0,0307	4173	2902	1271
L09773	1	-46,4860731	-23,5267363	2945	0,034	0,0307	4827	3741	1086
L09774	1	-46,4773989	-23,5179212	1534	0,0652	0,0307	2929	1929	1000
L09776	1	-46,4755638	-23,5306278	1099	0,091	0,0307	1825	1398	427
L09782	1	-46,5030330	-23,5134156	1288	0,0776	0,0307	2007	1602	405
L09783	1	-46,4752420	-23,5235190	4447	0,0225	0,0307	7421	5633	1788
L09923	2	-46,4212855	-23,4882306	1531	0,1306	0,0614	2520	1972	548
L09926	2	-46,4100903	-23,4872826	3946	0,0507	0,0614	6777	5183	1594
L09927	2	-46,4105791	-23,5212702	3639	0,055	0,0614	6418	4656	1762
L09928	5	-46,4200714	-23,4802190	3350	0,1493	0,1536	5654	4131	1523
L09929	4	-46,4136703	-23,4837091	3959	0,101	0,1229	6588	5137	1451
L09930	2	-46,4160982	-23,5152778	3213	0,0622	0,0614	5343	4160	1183
L09931	3	-46,4248518	-23,4746436	3594	0,0835	0,0921	5847	4535	1312
L09933	3	-46,4324856	-23,4898223	2690	0,1115	0,0921	4807	3562	1245
L09934	1	-46,4079760	-23,4926871	4280	0,0234	0,0307	7364	5388	1976
L09936	1	-46,4103530	-23,5225647	2103	0,0476	0,0307	3821	2877	944
L09937	3	-46,4180284	-23,4905184	3021	0,0993	0,0921	5041	3920	1121
L09938	3	-46,4304864	-23,4825986	3466	0,0866	0,0921	5946	4422	1524
L09939	2	-46,4058353	-23,5217846	3328	0,0601	0,0614	5634	4378	1256
L09941	6	-46,4089885	-23,5011168	2267	0,2647	0,1843	3907	3021	886
L09942	2	-46,4066823	-23,5098630	3334	0,06	0,0614	5872	4480	1392
L09943	1	-46,4100104	-23,4972377	3575	0,028	0,0307	6284	4540	1744
L09944	1	-46,4089885	-23,5099210	2792	0,0358	0,0307	4837	3753	1084
L09945	7	-46,4180582	-23,4867289	3677	0,1904	0,215	6336	4651	1685
L09948	7	-46,4030957	-23,5139436	1816	0,3855	0,215	3163	2414	749
L09949	1	-46,4214494	-23,4876594	3612	0,0277	0,0307	6099	4488	1611
L09950	4	-46,4230488	-23,4832865	2543	0,1573	0,1229	4173	3288	885
L09951	1	-46,4265698	-23,4780423	1572	0,0636	0,0307	2602	2034	568
L09952	2	-46,4147903	-23,4834509	2133	0,0938	0,0614	3499	2769	730
L09956	1	-46,4586839	-23,5113158	2441	0,041	0,0307	4199	3148	1051
L09958	1	-46,4555571	-23,4916901	2939	0,034	0,0307	5404	4032	1372
L09959	1	-46,4626811	-23,5121755	2874	0,0348	0,0307	5221	3497	1724
L09961	1	-46,4759909	-23,5120600	2556	0,0391	0,0307	4311	3397	914
L09963	3	-46,4697092	-23,5174500	2760	0,1087	0,0921	4709	3527	1182
L09964	2	-46,4478293	-23,5112363	2288	0,0874	0,0614	3975	3015	960
L09966	1	-46,4707463	-23,5183632	1412	0,0708	0,0307	2465	1865	600
L09967	1	-46,4485753	-23,5009963	2271	0,044	0,0307	3893	2812	1081
L09968	2	-46,4469938	-23,5086770	2427	0,0824	0,0614	4394	2952	1442
L09970	1	-46,4560056	-23,5122728	3898	0,0257	0,0307	6534	5016	1518
L09974	1	-46,4458454	-23,5101744	1031	0,097	0,0307	1684	1326	358
L09979	7	-46,4533158	-23,4993370	3973	0,1762	0,215	6808	4929	1879
L10132	1	-46,7445881	-23,4500351	3272	0,0306	0,0307	5780	4132	1648
L10134	1	-46,7361616	-23,4500614	2869	0,0349	0,0307	5129	3556	1573
L10135	2	-46,7502212	-23,4398778	2289	0,0874	0,0614	3989	2990	999
L10136	6	-46,7342707	-23,4485696	2255	0,2661	0,1843	3877	2856	1021
L10137	1	-46,7356785	-23,4445684	1110	0,0901	0,0307	1850	1400	450
L10138	2	-46,7498728	-23,4458752	1878	0,1065	0,0614	3193	2426	767
L10139	4	-46,7581248	-23,4814649	2609	0,1533	0,1229	4345	3256	1089
L10140	1	-46,7462176	-23,4551621	1903	0,0525	0,0307	3307	2338	969
L10141	2	-46,7603206	-23,4906328	1931	0,1036	0,0614	3394	2499	895
L10142	1	-46,7493180	-23,4872341	3224	0,031	0,0307	6110	4046	2064
L10143	4	-46,7327693	-23,4440969	2479	0,1614	0,1229	4439	3210	1229
L10144	3	-46,7399232	-23,4365548	2333	0,1286	0,0921	3666	2924	742
L10146	1	-46,7518624	-23,4341802	2704	0,037	0,0307	4539	3584	955
L10148	4	-46,7311790	-23,4454790	2341	0,1709	0,1229	3944	2990	954
L10149	1	-46,7466848	-23,4441827	3405	0,0294	0,0307	5816	4442	1374
L10150	1	-46,7376300	-23,4559550	1157	0,0864	0,0307	1989	1497	492
L10151	1	-46,7566652	-23,4897825	2092	0,0478	0,0307	3515	2634	881
L10152	1	-46,7319051	-23,4391779	3819	0,0262	0,0307	6289	4770	1519
L10153	2	-46,7291158	-23,4519438	2823	0,0708	0,0614	4774	3497	1277
L10157	2	-46,4337506	-23,6070194	2460	0,0813	0,0614	4455	3157	1298
L10158	2	-46,3926354	-23,5832254	1568	0,1276	0,0614	2736	1965	771
L10166	1	-46,4073307	-23,5666032	3346	0,0299	0,0307	5875	4258	1617
L10168	1	-46,3812048	-23,5863795	1619	0,0618	0,0307	2724	2074	650
L10169	4	-46,4441227	-23,5965195	3830	0,1044	0,1229	6692	4988	1704
L10170	1	-46,4029258	-23,5791123	3594	0,0278	0,0307	6150	4576	1574
L10172	1	-46,3911438	-23,5781477	2553	0,0392	0,0307	4332	3191	1141
L10174	1	-46,4394834	-23,5946999	2672	0,0374	0,0307	4565	3397	1168
L10175	2	-46,4239217	-23,6195549	2758	0,0725	0,0614	4547	3517	1030
L10177	2	-46,4190164	-23,6146521	2988	0,0669	0,0614	5509	4074	1435
L10181	1	-46,4265792	-23,6089678	835	0,1198	0,0307	1407	1067	340
L10183	1	-46,3957789	-23,5915363	2543	0,0393	0,0307	4545	3320	1225
L10186	2	-46,4353757	-23,6050958	3112	0,0643	0,0614	5433	4073	1360
L10190	1	-46,4063933	-23,5926393	3470	0,0288	0,0307	6064	4335	1729
L10192	1	-46,4115162	-23,5827476	2764	0,0362	0,0307	4732	3574	1158
L10195	4	-46,4005020	-23,5933829	2950	0,1356	0,1229	5001	3717	1284
L10198	2	-46,4014360	-23,5912442	4177	0,0479	0,0614	6889	5203	1686
L10200	2	-46,4077080	-23,5934470	2037	0,0982	0,0614	3462	2558	904
L10205	1	-46,4339366	-23,5523973	953	0,1049	0,0307	1561	1199	362
L10209	1	-46,4412380	-23,5517239	2465	0,0406	0,0307	4185	3101	1084
L10211	2	-46,4410384	-23,5384069	4053	0,0493	0,0614	7309	5151	2158
L10212	2	-46,4277510	-23,5498460	3585	0,0558	0,0614	6336	4627	1709
L10213	2	-46,4350193	-23,5546910	4684	0,0427	0,0614	8573	6058	2515
L10214	1	-46,4333967	-23,5385367	1399	0,0715	0,0307	2572	1879	693
L10216	3	-46,4285496	-23,5394983	3748	0,08	0,0921	6636	4916	1720
L10220	2	-46,4161442	-23,5651315	3039	0,0658	0,0614	5389	3972	1417
L10311	6	-46,7438418	-23,6469973	3989	0,1504	0,1843	6890	4938	1952
L10312	2	-46,7277244	-23,6232924	2826	0,0708	0,0614	5507	3651	1856
L10313	1	-46,7409855	-23,6288859	4572	0,0219	0,0307	7434	5319	2115
L10315	1	-46,7329180	-23,6456264	3655	0,0274	0,0307	6542	4487	2055
L10316	5	-46,7406208	-23,6440978	2363	0,2116	0,1536	4428	2886	1542
L10319	4	-46,7322309	-23,6212240	7028	0,0569	0,1229	12398	8767	3631
L10322	2	-46,7415537	-23,6615674	1588	0,1259	0,0614	2564	2023	541
L10324	4	-46,7404239	-23,6491380	3708	0,1079	0,1229	6560	4602	1958
L10325	1	-46,7462436	-23,6209695	4031	0,0248	0,0307	7403	4961	2442
L10326	1	-46,7816360	-23,7154750	1072	0,0933	0,0307	1844	1339	505
L10327	2	-46,7463527	-23,6415609	1596	0,1253	0,0614	2789	2043	746
L10329	8	-46,7515285	-23,6467951	3583	0,2233	0,2457	6346	4335	2011
L10330	3	-46,7277244	-23,6232924	3496	0,0858	0,0921	6463	4523	1940
L10331	4	-46,7579377	-23,6506764	1781	0,2246	0,1229	3012	2171	841
L10333	4	-46,7411845	-23,6324928	2557	0,1564	0,1229	4483	2941	1542
L10335	1	-46,7470038	-23,6574330	4546	0,022	0,0307	7984	5664	2320
L10336	1	-46,7442610	-23,6566420	3010	0,0332	0,0307	5133	3848	1285
L10337	2	-46,7498793	-23,6122189	1138	0,1757	0,0614	1735	1321	414
L10338	2	-46,7534411	-23,6571085	1904	0,105	0,0614	3281	2446	835
L10342	1	-46,7280051	-23,6215451	3199	0,0313	0,0307	5761	3985	1776
L10491	1	-46,6063628	-23,6334842	2562	0,039	0,0307	4662	3165	1497
L10493	2	-46,6004969	-23,6242367	3658	0,0547	0,0614	6286	4333	1953
L10494	1	-46,6056518	-23,6282751	4556	0,0219	0,0307	7496	5612	1884
L10495	2	-46,6042777	-23,6188105	1662	0,1203	0,0614	2687	1983	704
L10496	1	-46,6171064	-23,6170233	2347	0,0426	0,0307	4315	2704	1611
L10497	7	-46,6090050	-23,6525822	4417	0,1585	0,215	7225	5438	1787
L10498	1	-46,5966151	-23,6408907	3200	0,0312	0,0307	5549	3932	1617
L10500	1	-46,6198639	-23,6259356	4553	0,022	0,0307	8580	5593	2987
L10501	2	-46,6131234	-23,6336255	3411	0,0586	0,0614	6193	4182	2011
L10507	1	-46,6088981	-23,6130570	3204	0,0312	0,0307	5234	3891	1343
L10508	2	-46,6226811	-23,6322515	4079	0,049	0,0614	7342	5130	2212
L10512	1	-46,6126960	-23,6136070	2782	0,0359	0,0307	4566	3356	1210
L10514	1	-46,6067712	-23,6385971	3445	0,029	0,0307	5811	4310	1501
L10610	4	-46,4812016	-23,5483731	3878	0,1031	0,1229	6716	5098	1618
L10611	7	-46,4696904	-23,5681129	5770	0,1213	0,215	11060	7441	3619
L10613	2	-46,4813947	-23,5513733	2971	0,0673	0,0614	4901	3803	1098
L10614	2	-46,4765220	-23,5538502	1616	0,1238	0,0614	2992	2135	857
L10615	1	-46,4563702	-23,5747489	3354	0,0298	0,0307	5745	4207	1538
L10617	3	-46,4705701	-23,5650788	2486	0,1207	0,0921	4479	3304	1175
L10618	1	-46,4876555	-23,5528722	3863	0,0259	0,0307	7214	4790	2424
L10619	1	-46,4735226	-23,5580480	2559	0,0391	0,0307	4469	3296	1173
L10620	4	-46,4864496	-23,5496384	3089	0,1295	0,1229	5680	3970	1710
L10621	3	-46,4798018	-23,5438419	3988	0,0752	0,0921	7410	5062	2348
L10625	3	-46,4714895	-23,5528836	3285	0,0913	0,0921	5837	4288	1549
L10627	2	-46,4652985	-23,5546299	3666	0,0546	0,0614	6843	4619	2224
L10629	3	-46,4814410	-23,5690400	3111	0,0964	0,0921	5332	4086	1246
L10630	1	-46,4606590	-23,5643471	657	0,1522	0,0307	1114	874	240
L10632	2	-46,4857928	-23,5493032	1457	0,1373	0,0614	2432	1835	597
L10635	2	-46,6440127	-23,7047708	4681	0,0427	0,0614	8880	6015	2865
L10640	1	-46,6617264	-23,6818653	1107	0,0903	0,0307	2052	1463	589
L10641	4	-46,6436362	-23,7008286	3775	0,106	0,1229	6742	4811	1931
L10643	2	-46,6714350	-23,6978615	2344	0,0853	0,0614	4232	2899	1333
L10647	4	-46,6809971	-23,6837327	3113	0,1285	0,1229	5197	3757	1440
L10648	1	-46,6336174	-23,7033308	3476	0,0288	0,0307	6288	4717	1571
L10650	6	-46,6524439	-23,6886719	3624	0,1656	0,1843	6394	4556	1838
L10651	3	-46,6505536	-23,7001667	3622	0,0828	0,0921	6325	4590	1735
L10652	4	-46,6774173	-23,6820430	4275	0,0936	0,1229	7370	5418	1952
L10656	1	-46,6614438	-23,6833579	2638	0,0379	0,0307	4634	3302	1332
L10662	1	-46,6553293	-23,6948602	2865	0,0349	0,0307	5307	3647	1660
L10663	4	-46,6656946	-23,6912971	3280	0,122	0,1229	5926	4159	1767
L10664	1	-46,6822506	-23,6859937	2727	0,0367	0,0307	4800	3284	1516
L10665	1	-46,6401401	-23,7021728	2226	0,0449	0,0307	3949	2934	1015
L10668	2	-46,6754475	-23,6898357	1623	0,1232	0,0614	2747	2004	743
L10670	1	-46,6532948	-23,6930429	4054	0,0247	0,0307	7018	5197	1821
L10671	1	-46,6759703	-23,6706677	1293	0,0773	0,0307	1989	1559	430
L10672	1	-46,6554638	-23,6936711	1054	0,0949	0,0307	1736	1348	388
L10673	4	-46,6724425	-23,6892896	1555	0,2572	0,1229	2572	1965	607
L10712	1	-46,5930087	-23,4922966	801	0,1248	0,0307	1363	1022	341
L10713	2	-46,5785229	-23,4851103	1775	0,1127	0,0614	3031	2287	744
L10717	1	-46,5630814	-23,4738195	2767	0,0361	0,0307	5120	3441	1679
L10718	4	-46,5859510	-23,4876316	2245	0,1782	0,1229	4064	2964	1100
L10719	3	-46,5812144	-23,4890395	2814	0,1066	0,0921	4897	3512	1385
L10720	1	-46,5857185	-23,4923051	2198	0,0455	0,0307	3984	2779	1205
L10722	1	-46,5624088	-23,4783293	2298	0,0435	0,0307	4490	2893	1597
L10723	11	-46,5874208	-23,4972108	3391	0,3244	0,3378	6308	4248	2060
L10724	3	-46,5897661	-23,4836253	3533	0,0849	0,0921	6457	4363	2094
L10725	1	-46,5743549	-23,4975157	1855	0,0539	0,0307	3076	2333	743
L10726	6	-46,5861292	-23,4922494	2903	0,2067	0,1843	5395	3706	1689
L10727	5	-46,5724481	-23,4898866	3376	0,1481	0,1536	6286	4313	1973
L10728	3	-46,5798590	-23,4856546	3035	0,0988	0,0921	5717	3858	1859
L10729	1	-46,5663550	-23,4727960	1160	0,0862	0,0307	1998	1537	461
L10731	6	-46,5732850	-23,4796325	3704	0,162	0,1843	7087	4869	2218
L10732	2	-46,5717637	-23,4775916	2749	0,0728	0,0614	4752	3504	1248
L10734	4	-46,5710103	-23,4865175	2594	0,1542	0,1229	4572	3267	1305
L10735	2	-46,5734783	-23,4926878	3047	0,0656	0,0614	5191	3808	1383
L10736	2	-46,5681819	-23,4784924	3650	0,0548	0,0614	6352	4719	1633
L10737	2	-46,5819128	-23,4810310	2931	0,0682	0,0614	5742	3793	1949
L10738	2	-46,5972000	-23,4951209	2600	0,0769	0,0614	4771	3258	1513
L10740	3	-46,5845600	-23,4797190	1829	0,164	0,0921	3200	2370	830
L10741	2	-46,5010529	-23,6213622	3848	0,052	0,0614	6829	5091	1738
L10742	4	-46,4935076	-23,6091331	3091	0,1294	0,1229	5399	3979	1420
L10744	9	-46,5101702	-23,6058819	5877	0,1531	0,2764	10885	7744	3141
L10745	2	-46,5040533	-23,6054351	4046	0,0494	0,0614	7138	5324	1814
L10747	3	-46,5153124	-23,6258598	2667	0,1125	0,0921	4720	3501	1219
L10748	1	-46,5058043	-23,6251616	1553	0,0644	0,0307	2754	2135	619
L10749	2	-46,5009514	-23,5953008	3234	0,0618	0,0614	5657	4320	1337
L10750	2	-46,4877685	-23,6127096	3376	0,0592	0,0614	5906	4461	1445
L10751	7	-46,5061790	-23,6170608	3511	0,1994	0,215	6321	4673	1648
L10752	1	-46,4907070	-23,6054790	4502	0,0222	0,0307	7815	5884	1931
L10754	6	-46,5130142	-23,6093532	2664	0,2252	0,1843	4782	3440	1342
L10755	5	-46,5095210	-23,5996670	3646	0,1371	0,1536	6483	4687	1796
L10756	3	-46,5031776	-23,6019735	4100	0,0732	0,0921	6948	5368	1580
L10757	8	-46,5082245	-23,6128851	3263	0,2452	0,2457	5872	4151	1721
L10758	5	-46,5007848	-23,6042677	3731	0,134	0,1536	6630	4687	1943
L10759	3	-46,5020070	-23,6161748	3261	0,092	0,0921	6105	4125	1980
L10760	1	-46,4938454	-23,6105292	2751	0,0364	0,0307	4899	3482	1417
L10761	1	-46,5060459	-23,6042916	1480	0,0676	0,0307	2549	1937	612
L10762	2	-46,5016183	-23,6011869	3850	0,0519	0,0614	6508	4865	1643
L10764	1	-46,4893958	-23,6137160	2190	0,0457	0,0307	3625	2783	842
L10765	2	-46,4965013	-23,6166543	3324	0,0602	0,0614	6076	4282	1794
L10767	3	-46,5096661	-23,6117172	1613	0,186	0,0921	2708	2079	629
L10769	1	-46,6633740	-23,4626370	1208	0,0828	0,0307	2100	1567	533
L10770	1	-46,6497888	-23,4836075	744	0,1344	0,0307	1223	930	293
L10771	2	-46,6343175	-23,4756514	2471	0,0809	0,0614	3986	2974	1012
L10772	2	-46,6412490	-23,4854900	1860	0,1075	0,0614	2866	2221	645
L10773	10	-46,6378689	-23,4793297	3726	0,2684	0,3071	5957	4473	1484
L10774	4	-46,6386490	-23,4679230	2796	0,1431	0,1229	4464	3356	1108
L10775	2	-46,6524305	-23,4634896	1565	0,1278	0,0614	2720	2016	704
L10776	1	-46,6622866	-23,4787799	1314	0,0761	0,0307	2207	1705	502
L10777	3	-46,6334518	-23,4764864	2961	0,1013	0,0921	5466	3552	1914
L10778	7	-46,6714017	-23,4574567	4417	0,1585	0,215	7852	5784	2068
L10779	15	-46,6398944	-23,4854805	2414	0,6214	0,4607	4899	3028	1871
L10780	1	-46,6459828	-23,4561450	2090	0,0478	0,0307	3524	2632	892
L10781	13	-46,6492631	-23,4694520	4305	0,302	0,3993	7868	5458	2410
L10782	1	-46,6285532	-23,4710309	2053	0,0487	0,0307	3411	2494	917
L10783	5	-46,6504436	-23,4737052	1529	0,327	0,1536	2559	1936	623
L10785	3	-46,6647421	-23,4572438	3367	0,0891	0,0921	6195	4418	1777
L10786	4	-46,6509458	-23,4833087	1389	0,288	0,1229	2199	1761	438
L10787	3	-46,6597938	-23,4579944	3590	0,0836	0,0921	6710	4563	2147
L10788	4	-46,6521748	-23,4881391	2843	0,1407	0,1229	5381	3583	1798
L10789	3	-46,6351309	-23,4713832	3445	0,0871	0,0921	6308	4270	2038
L10790	3	-46,6685780	-23,4641456	1708	0,1756	0,0921	2905	2222	683
L10791	7	-46,6510885	-23,4620515	3736	0,1874	0,215	6918	4639	2279
L10792	3	-46,6392692	-23,4685393	2749	0,1091	0,0921	4914	3299	1615
L10793	7	-46,6540520	-23,4791841	2694	0,2598	0,215	4415	3409	1006
L10794	9	-46,6467400	-23,4764270	3174	0,2836	0,2764	5910	4120	1790
L10795	11	-46,6448499	-23,4728933	2607	0,4219	0,3378	4567	3376	1191
L10796	1	-46,6434663	-23,4580215	2754	0,0363	0,0307	4853	3483	1370
L10797	4	-46,6582380	-23,4574276	3510	0,114	0,1229	6233	4568	1665
L10798	2	-46,6350691	-23,4720027	1005	0,199	0,0614	1587	1213	374
L10799	3	-46,6467390	-23,4772016	1155	0,2597	0,0921	1950	1447	503
L10800	2	-46,6567210	-23,4547987	1092	0,1832	0,0614	1818	1377	441
