cod_local	QT_VOTOS	longitude	latitude	LOC_VALID	%_LOC_V	%_CAND	QT_APTOS	QT_COMPARECIMENTO	QT_ABSTENCOES
L00004	2	-46,6511260	-23,5652103	5298	0,0378	0,1994	9838	5921	3917
L00010	1	-46,6355899	-23,5623979	2996	0,0334	0,0997	5666	3638	2028
L00015	1	-46,6368132	-23,5574886	3591	0,0278	0,0997	7151	4273	2878
L00018	1	-46,6419109	-23,5592168	3389	0,0295	0,0997	7001	3906	3095
L00022	1	-46,6521240	-23,5458002	10350	0,0097	0,0997	18525	11583	6942
L00024	1	-46,6497533	-23,5485991	1896	0,0527	0,0997	3234	2130	1104
L00026	1	-46,6351446	-23,5631017	1170	0,0855	0,0997	2088	1410	678
L00030	5	-46,6716846	-23,5278546	4168	0,12	0,4985	8123	4653	3470
L00035	1	-46,6800459	-23,5481021	3932	0,0254	0,0997	6405	4313	2092
L00037	1	-46,6566164	-23,5307137	3471	0,0288	0,0997	6463	3952	2511
L00039	1	-46,6663954	-23,5361229	5419	0,0185	0,0997	8062	5901	2161
L00044	1	-46,6566305	-23,5207777	1534	0,0652	0,0997	2722	1815	907
L00045	2	-46,6523017	-23,5318175	2128	0,094	0,1994	3940	2485	1455
L00053	1	-46,6630845	-23,5450242	5945	0,0168	0,0997	9970	6457	3513
L00056	1	-46,6508278	-23,5375343	2409	0,0415	0,0997	4853	2751	2102
L00060	1	-46,6711550	-23,5381000	10857	0,0092	0,0997	17946	11853	6093
L00063	1	-46,6343483	-23,5436627	2624	0,0381	0,0997	5154	3085	2069
L00065	4	-46,6385252	-23,5376549	2229	0,1795	0,3988	4267	2744	1523
L00070	3	-46,6134834	-23,5400667	2964	0,1012	0,2991	5594	3588	2006
L00081	1	-46,5848689	-23,5392025	3560	0,0281	0,0997	5984	4200	1784
L00082	2	-46,5746890	-23,5568730	2818	0,071	0,1994	4581	3379	1202
L00083	2	-46,5997287	-23,5410220	3324	0,0602	0,1994	6501	4011	2490
L00084	3	-46,5895134	-23,5593568	5301	0,0566	0,2991	8807	6387	2420
L00087	2	-46,5842762	-23,5514675	2993	0,0668	0,1994	5617	3662	1955
L00092	4	-46,5828225	-23,5542479	3888	0,1029	0,3988	7164	4714	2450
L00095	2	-46,5726610	-23,5574173	1814	0,1103	0,1994	3331	2227	1104
L00096	1	-46,5697601	-23,5636527	4049	0,0247	0,0997	7290	5070	2220
L00101	2	-46,5902071	-23,5606910	4284	0,0467	0,1994	7988	5172	2816
L00102	1	-46,5979424	-23,5532296	4622	0,0216	0,0997	8563	5548	3015
L00106	3	-46,5939719	-23,5375195	4328	0,0693	0,2991	6924	5149	1775
L00110	1	-46,6602508	-23,5695486	2517	0,0397	0,0997	4741	2759	1982
L00113	1	-46,6642690	-23,5638420	4708	0,0212	0,0997	8733	5175	3558
L00121	1	-46,6790390	-23,5798975	3855	0,0259	0,0997	7199	4264	2935
L00134	1	-46,6358455	-23,5895447	4856	0,0206	0,0997	8425	5454	2971
L00137	4	-46,6125927	-23,5728431	3033	0,1319	0,3988	4908	3570	1338
L00150	2	-46,6299014	-23,5758099	4050	0,0494	0,1994	6863	4657	2206
L00153	2	-46,6399206	-23,5899717	4323	0,0463	0,1994	6624	4826	1798
L00534	3	-46,7872371	-23,6773522	3311	0,0906	0,2991	5703	4173	1530
L00540	1	-46,7937648	-23,6769801	2766	0,0362	0,0997	4791	3520	1271
L00541	1	-46,7778780	-23,6885051	4697	0,0213	0,0997	8374	5781	2593
L00552	1	-46,7867141	-23,6791697	1483	0,0674	0,0997	2634	1909	725
L05530	3	-46,7007739	-23,6497088	5044	0,0595	0,2991	8236	5638	2598
L05533	2	-46,7012118	-23,6454413	2673	0,0748	0,1994	4610	2961	1649
L05534	1	-46,6930410	-23,6638790	5787	0,0173	0,0997	9716	6724	2992
L05538	1	-46,6809074	-23,6663068	3075	0,0325	0,0997	5073	3651	1422
L05543	1	-46,6875690	-23,6745424	2821	0,0354	0,0997	4627	3474	1153
L05551	2	-46,7022860	-23,6510126	4767	0,042	0,1994	8841	5514	3327
L05553	7	-46,4351534	-23,5022679	3506	0,1997	0,6979	6236	4381	1855
L05554	6	-46,4441795	-23,4982353	3546	0,1692	0,5982	6065	4260	1805
L05555	1	-46,4398111	-23,5068607	1270	0,0787	0,0997	2259	1566	693
L05556	1	-46,4403512	-23,4942325	2553	0,0392	0,0997	4433	3067	1366
L05557	4	-46,4452179	-23,4993366	2352	0,1701	0,3988	3986	2897	1089
L05558	6	-46,4234630	-23,5085168	3758	0,1597	0,5982	6529	4735	1794
L05559	5	-46,4198222	-23,5098866	1943	0,2573	0,4985	3330	2529	801
L05560	5	-46,4200805	-23,5177469	783	0,6386	0,4985	1422	1053	369
L05561	5	-46,4389924	-23,5145862	3097	0,1614	0,4985	5489	4147	1342
L05562	2	-46,4459517	-23,5057536	2705	0,0739	0,1994	4642	3367	1275
L05563	3	-46,4331534	-23,4945484	2753	0,109	0,2991	4924	3393	1531
L05564	4	-46,4259779	-23,5162635	4083	0,098	0,3988	6687	5009	1678
L05565	2	-46,4195668	-23,5172129	2191	0,0913	0,1994	3749	2826	923
L05566	4	-46,4352447	-23,5020281	2851	0,1403	0,3988	4735	3521	1214
L05567	4	-46,4215117	-23,5013996	3622	0,1104	0,3988	6083	4594	1489
L05568	7	-46,4300003	-23,4998815	2971	0,2356	0,6979	5227	3654	1573
L05570	7	-46,4345329	-23,5094734	3688	0,1898	0,6979	6309	4565	1744
L05571	18	-46,4218866	-23,5204965	2679	0,6719	1,7946	4440	3324	1116
L05572	8	-46,4193422	-23,5228558	2139	0,374	0,7976	3993	2664	1329
L05573	2	-46,4192720	-23,4963124	2328	0,0859	0,1994	4347	2982	1365
L05574	1	-46,4424219	-23,4946443	1702	0,0588	0,0997	3011	2169	842
L05576	1	-46,4220218	-23,5011268	1232	0,0812	0,0997	1990	1570	420
L05580	4	-46,4367093	-23,5286893	3428	0,1167	0,3988	6257	4314	1943
L05581	2	-46,4522081	-23,5171617	3935	0,0508	0,1994	6924	5015	1909
L05582	1	-46,4362612	-23,5281919	1912	0,0523	0,0997	3481	2438	1043
L05584	1	-46,4623208	-23,5289299	3239	0,0309	0,0997	5568	4191	1377
L05587	1	-46,4443497	-23,5387667	3161	0,0316	0,0997	5471	4127	1344
L05591	1	-46,4544144	-23,5410443	3621	0,0276	0,0997	6839	4640	2199
L05593	4	-46,4528982	-23,5182408	3494	0,1145	0,3988	6309	4695	1614
L05600	2	-46,4589975	-23,5302914	3067	0,0652	0,1994	5494	3916	1578
L05601	5	-46,4359061	-23,5226454	2327	0,2149	0,4985	4159	3108	1051
L05602	1	-46,4402958	-23,5148095	3394	0,0295	0,0997	6298	4377	1921
L05607	2	-46,4470139	-23,5216112	1268	0,1577	0,1994	2275	1708	567
L05608	1	-46,4565300	-23,5399000	1319	0,0758	0,0997	2270	1658	612
L05610	4	-46,4554689	-23,5282555	6146	0,0651	0,3988	10609	7693	2916
L05614	1	-46,6407233	-23,4948591	1725	0,058	0,0997	2839	2166	673
L05619	1	-46,6476795	-23,4929598	1994	0,0502	0,0997	3788	2470	1318
L05626	1	-46,6278934	-23,4963679	2077	0,0481	0,0997	3746	2434	1312
L05632	2	-46,6381967	-23,4939821	2961	0,0675	0,1994	5002	3517	1485
L05646	1	-46,7000457	-23,5224777	2592	0,0386	0,0997	4343	2970	1373
L05648	3	-46,7032968	-23,5283085	4170	0,0719	0,2991	7531	4847	2684
L05651	1	-46,7004969	-23,5385244	1604	0,0623	0,0997	2858	1850	1008
L05657	1	-46,6883851	-23,5246954	2280	0,0439	0,0997	3964	2619	1345
L05658	1	-46,7052733	-23,5150700	2442	0,041	0,0997	4469	2893	1576
L05661	1	-46,7443554	-23,5048937	2325	0,043	0,0997	4192	2863	1329
L05664	1	-46,7492548	-23,5117336	1714	0,0583	0,0997	3333	2162	1171
L05667	1	-46,6875289	-23,5240849	2857	0,035	0,0997	4734	3347	1387
L05674	2	-46,7403488	-23,4962095	1814	0,1103	0,1994	3029	2259	770
L05675	1	-46,7468883	-23,4900910	2971	0,0337	0,0997	5066	3751	1315
L05693	1	-46,6769917	-23,5570934	4108	0,0243	0,0997	6768	4547	2221
L05694	1	-46,6971193	-23,5441298	2311	0,0433	0,0997	3990	2579	1411
L05698	2	-46,7044200	-23,5423500	1912	0,1046	0,1994	2816	2116	700
L05708	1	-46,6938161	-23,5563030	2004	0,0499	0,0997	3625	2231	1394
L05709	1	-46,6896173	-23,5508030	2889	0,0346	0,0997	4742	3138	1604
L05719	1	-46,6976578	-23,5648688	2714	0,0368	0,0997	4719	3052	1667
L05723	1	-46,5331739	-23,5220975	2306	0,0434	0,0997	3823	2837	986
L05724	2	-46,5270161	-23,5293151	2599	0,077	0,1994	4443	3201	1242
L05725	2	-46,5417930	-23,5164577	1220	0,1639	0,1994	2066	1547	519
L05727	2	-46,5492590	-23,5262720	2649	0,0755	0,1994	4685	3161	1524
L05728	1	-46,5180445	-23,5238771	2335	0,0428	0,0997	4138	2919	1219
L05730	1	-46,5498247	-23,5164939	1446	0,0692	0,0997	2917	1826	1091
L05735	1	-46,4932640	-23,5309670	2238	0,0447	0,0997	4145	2862	1283
L05736	5	-46,5179226	-23,5228086	3663	0,1365	0,4985	6711	4640	2071
L05739	3	-46,4991515	-23,5296706	3000	0,1	0,2991	5527	3909	1618
L05740	1	-46,5095310	-23,5250203	3929	0,0255	0,0997	7326	4889	2437
L05742	2	-46,5211173	-23,5214041	2853	0,0701	0,1994	5266	3603	1663
L05743	1	-46,5487021	-23,5239078	1983	0,0504	0,0997	3819	2477	1342
L05745	1	-46,5393250	-23,5309129	2457	0,0407	0,0997	4417	3008	1409
L05747	3	-46,5214246	-23,5293125	1229	0,2441	0,2991	2257	1504	753
L05750	3	-46,5686249	-23,5424482	4557	0,0658	0,2991	7587	5295	2292
L05751	3	-46,5757522	-23,5380963	4097	0,0732	0,2991	6495	4845	1650
L05752	1	-46,5494401	-23,5441268	4128	0,0242	0,0997	7403	5019	2384
L05753	2	-46,5571310	-23,5490160	3586	0,0558	0,1994	6008	4212	1796
L05754	4	-46,5702535	-23,5486528	3035	0,1318	0,3988	4571	3526	1045
L05756	2	-46,5564250	-23,5331500	2613	0,0765	0,1994	4568	3155	1413
L05757	1	-46,5403970	-23,5459183	2015	0,0496	0,0997	3549	2496	1053
L05758	1	-46,5162500	-23,5737164	2339	0,0428	0,0997	3728	2933	795
L05766	3	-46,5138214	-23,5842903	1916	0,1566	0,2991	3190	2507	683
L05768	2	-46,5794166	-23,5383741	2522	0,0793	0,1994	4651	2995	1656
L05769	3	-46,5467092	-23,5412374	2157	0,1391	0,2991	3707	2712	995
L05771	2	-46,5727024	-23,5507422	2617	0,0764	0,1994	4908	3111	1797
L05772	1	-46,5679267	-23,5325642	2271	0,044	0,0997	4284	2700	1584
L05773	3	-46,5660691	-23,5558508	2623	0,1144	0,2991	4486	3058	1428
L05775	5	-46,5662223	-23,5472777	2792	0,1791	0,4985	5162	3308	1854
L05777	2	-46,5636721	-23,5353692	1934	0,1034	0,1994	3252	2352	900
L05780	1	-46,5072844	-23,5706991	5535	0,0181	0,0997	10333	6962	3371
L05782	1	-46,5454070	-23,5485123	1497	0,0668	0,0997	2866	1877	989
L05784	1	-46,5810636	-23,5390713	1123	0,089	0,0997	1806	1332	474
L05790	1	-46,5666544	-23,5322415	751	0,1332	0,0997	1423	890	533
L05791	1	-46,5315630	-23,5480380	1380	0,0725	0,0997	2259	1735	524
L05795	2	-46,5630428	-23,5455348	2537	0,0788	0,1994	4283	2957	1326
L05796	2	-46,5581932	-23,5503944	4508	0,0444	0,1994	6964	5342	1622
L05797	4	-46,5602785	-23,5363132	5811	0,0688	0,3988	9848	6857	2991
L05805	1	-46,6019251	-23,4930215	3006	0,0333	0,0997	5399	3750	1649
L05808	1	-46,5892786	-23,5184715	2964	0,0337	0,0997	5799	3706	2093
L05814	1	-46,6049224	-23,5160697	1794	0,0557	0,0997	3377	2233	1144
L05816	1	-46,5824545	-23,5151915	4574	0,0219	0,0997	8444	5563	2881
L05819	1	-46,5825547	-23,5256742	2853	0,0351	0,0997	5154	3537	1617
L05820	1	-46,5663467	-23,5211065	3363	0,0297	0,0997	6296	4358	1938
L05826	1	-46,5569370	-23,5174260	1028	0,0973	0,0997	1887	1420	467
L05834	2	-46,5964032	-23,5194682	1589	0,1259	0,1994	2795	1963	832
L05839	2	-46,6096818	-23,5128587	1440	0,1389	0,1994	2550	1813	737
L05841	1	-46,6618639	-23,5067043	2520	0,0397	0,0997	4281	2973	1308
L05848	1	-46,6506305	-23,5026837	3720	0,0269	0,0997	6771	4492	2279
L05852	1	-46,6754529	-23,4902989	2604	0,0384	0,0997	4917	3236	1681
L05856	1	-46,6576980	-23,5105636	3626	0,0276	0,0997	6816	4472	2344
L05859	1	-46,6755514	-23,4980697	2950	0,0339	0,0997	5525	3700	1825
L05862	2	-46,6805862	-23,5028507	5531	0,0362	0,1994	9763	6800	2963
L05872	1	-46,6618430	-23,4656280	2879	0,0347	0,0997	4826	3497	1329
L05874	1	-46,6665068	-23,4702189	3203	0,0312	0,0997	5602	3899	1703
L05887	2	-46,6220405	-23,4613396	2348	0,0852	0,1994	4444	2795	1649
L05890	1	-46,6048373	-23,4642332	3719	0,0269	0,0997	6880	4577	2303
L05898	1	-46,6085609	-23,4656759	1854	0,0539	0,0997	3105	2277	828
L05899	1	-46,6056454	-23,4658408	3170	0,0315	0,0997	5858	3789	2069
L05902	1	-46,5890824	-23,4546164	3266	0,0306	0,0997	5800	4185	1615
L05930	1	-46,5620004	-23,5788819	2521	0,0397	0,0997	4889	3094	1795
L05931	1	-46,5593803	-23,5886767	2087	0,0479	0,0997	3493	2634	859
L05938	1	-46,5607547	-23,6059835	2674	0,0374	0,0997	5130	3444	1686
L05939	1	-46,5882111	-23,5851502	2486	0,0402	0,0997	4230	2908	1322
L05941	1	-46,5887796	-23,5755336	1948	0,0513	0,0997	3574	2324	1250
L05949	1	-46,5838544	-23,5814914	2972	0,0336	0,0997	5338	3529	1809
L05956	1	-46,5394300	-23,5959940	2022	0,0495	0,0997	3634	2528	1106
L05964	1	-46,6783620	-23,6167251	2994	0,0334	0,0997	5082	3353	1729
L05966	1	-46,6599239	-23,6127900	4523	0,0221	0,0997	8055	5113	2942
L05969	1	-46,6882980	-23,6116910	2974	0,0336	0,0997	5627	3387	2240
L05974	1	-46,6641427	-23,6002288	6184	0,0162	0,0997	10325	6924	3401
L05975	1	-46,6709636	-23,6171214	2324	0,043	0,0997	3817	2641	1176
L05982	1	-46,6821455	-23,6155051	5201	0,0192	0,0997	8875	5878	2997
L05985	1	-46,6850791	-23,6183057	3742	0,0267	0,0997	6558	4258	2300
L05986	1	-46,6440222	-23,6209368	2009	0,0498	0,0997	3782	2326	1456
L05987	1	-46,6726843	-23,6097127	3510	0,0285	0,0997	5718	3982	1736
L05994	1	-46,6880132	-23,6223740	4177	0,0239	0,0997	7394	4699	2695
L05998	1	-46,6284912	-23,6138398	2408	0,0415	0,0997	3730	2799	931
L06002	1	-46,6235160	-23,6123380	3568	0,028	0,0997	6002	4132	1870
L06005	1	-46,6362090	-23,6170540	2367	0,0422	0,0997	3816	2777	1039
L06006	1	-46,6360133	-23,6258929	2395	0,0418	0,0997	4157	2791	1366
L06010	1	-46,6214969	-23,5987034	3306	0,0302	0,0997	5715	3957	1758
L06011	1	-46,6255542	-23,6092089	2648	0,0378	0,0997	4891	3146	1745
L06013	2	-46,6344010	-23,5954544	2340	0,0855	0,1994	4149	2692	1457
L06015	1	-46,6448925	-23,6100010	2447	0,0409	0,0997	4269	2836	1433
L06019	2	-46,6449004	-23,6103211	2557	0,0782	0,1994	4643	2988	1655
L06021	1	-46,6335779	-23,6059257	1306	0,0766	0,0997	1946	1490	456
L06022	1	-46,6399802	-23,6207015	7560	0,0132	0,0997	11823	8719	3104
L06028	2	-46,6346346	-23,5975076	3131	0,0639	0,1994	4577	3510	1067
L06032	1	-46,6120690	-23,5882350	2927	0,0342	0,0997	5450	3505	1945
L06040	1	-46,6000559	-23,6225320	1860	0,0538	0,0997	3641	2456	1185
L06041	1	-46,6051622	-23,5751923	2652	0,0377	0,0997	4753	3194	1559
L06043	1	-46,5939912	-23,6283792	2004	0,0499	0,0997	3754	2526	1228
L06046	1	-46,5830025	-23,6226329	2716	0,0368	0,0997	4830	3455	1375
L06050	1	-46,5889064	-23,6343276	2672	0,0374	0,0997	4589	3469	1120
L06051	1	-46,6031399	-23,6063806	3228	0,031	0,0997	5899	4148	1751
L06053	1	-46,6021325	-23,6063749	1386	0,0722	0,0997	2568	1713	855
L06054	1	-46,6080780	-23,6028560	3098	0,0323	0,0997	5810	3763	2047
L06056	1	-46,6019600	-23,5909040	5133	0,0195	0,0997	9867	6305	3562
L06661	1	-46,7041000	-23,7108340	2709	0,0369	0,0997	4548	3262	1286
L06663	1	-46,7157832	-23,6718387	1948	0,0513	0,0997	3430	2333	1097
L06664	1	-46,7020763	-23,6853645	3332	0,03	0,0997	5602	4031	1571
L06666	1	-46,7147308	-23,6702428	2788	0,0359	0,0997	5109	3374	1735
L06671	3	-46,7092435	-23,7150718	2233	0,1343	0,2991	3875	2681	1194
L06672	6	-46,7004276	-23,7112720	3395	0,1767	0,5982	6059	4083	1976
L06673	1	-46,6853733	-23,7259814	3759	0,0266	0,0997	6283	4756	1527
L06675	1	-46,6881398	-23,7299942	3738	0,0268	0,0997	6186	4796	1390
L06676	1	-46,6947263	-23,7122284	3026	0,033	0,0997	5161	3620	1541
L06682	4	-46,7022612	-23,7224803	3236	0,1236	0,3988	5448	4015	1433
L06684	5	-46,6863422	-23,7040675	2925	0,1709	0,4985	5005	3592	1413
L06689	2	-46,7031746	-23,6922472	2879	0,0695	0,1994	4842	3413	1429
L06690	1	-46,7105503	-23,6682255	1240	0,0806	0,0997	2248	1483	765
L06696	1	-46,7097890	-23,7283561	1131	0,0884	0,0997	1836	1425	411
L07578	1	-46,6468602	-23,6449791	4043	0,0247	0,0997	7270	4851	2419
L07666	1	-46,7187075	-23,4795423	4684	0,0213	0,0997	9004	6008	2996
L07676	1	-46,7132969	-23,4942851	2690	0,0372	0,0997	5011	3334	1677
L07677	1	-46,7174065	-23,4896350	2905	0,0344	0,0997	5357	3563	1794
L07689	1	-46,4919582	-23,5063549	2108	0,0474	0,0997	3605	2714	891
L07692	1	-46,4761134	-23,5015127	2666	0,0375	0,0997	4912	3325	1587
L07693	2	-46,4705358	-23,4926534	4113	0,0486	0,1994	7400	5306	2094
L07697	1	-46,4708990	-23,4817559	479	0,2088	0,0997	866	610	256
L07698	1	-46,4818882	-23,4858938	2747	0,0364	0,0997	5345	3538	1807
L07699	2	-46,4816039	-23,4998180	2953	0,0677	0,1994	5279	3696	1583
L07702	1	-46,4749626	-23,4875229	2327	0,043	0,0997	4070	2936	1134
L07709	1	-46,4926895	-23,4988971	1792	0,0558	0,0997	3099	2351	748
L07710	1	-46,4820150	-23,5058752	1072	0,0933	0,0997	1843	1332	511
L07716	5	-46,6940451	-23,4986203	1924	0,2599	0,4985	3114	2268	846
L07721	1	-46,7021950	-23,4842550	3320	0,0301	0,0997	6150	4149	2001
L07724	1	-46,7078711	-23,4942478	2028	0,0493	0,0997	3798	2545	1253
L07727	1	-46,6972109	-23,4923489	2499	0,04	0,0997	4705	3018	1687
L07728	1	-46,6928374	-23,5037339	1919	0,0521	0,0997	3660	2388	1272
L07729	2	-46,7028160	-23,4979150	3736	0,0535	0,1994	6670	4600	2070
L07731	1	-46,6997557	-23,4958002	3556	0,0281	0,0997	6178	4337	1841
L07732	2	-46,6916354	-23,4865099	2408	0,0831	0,1994	4588	2950	1638
L07745	1	-46,7009225	-23,4890145	828	0,1208	0,0997	1398	1020	378
L07748	1	-46,7035579	-23,4832109	1227	0,0815	0,0997	2074	1563	511
L07749	1	-46,6918357	-23,4979540	547	0,1828	0,0997	863	658	205
L07750	2	-46,7708337	-23,6299871	13605	0,0147	0,1994	25821	17652	8169
L07753	1	-46,7766842	-23,6395528	2690	0,0372	0,0997	4737	3519	1218
L07755	1	-46,7557573	-23,6290243	3980	0,0251	0,0997	6741	5172	1569
L07759	1	-46,7708253	-23,6346601	2609	0,0383	0,0997	4845	3309	1536
L07764	1	-46,7625103	-23,6349197	3815	0,0262	0,0997	6862	4883	1979
L08189	1	-46,7439953	-23,5966397	2735	0,0366	0,0997	4371	3211	1160
L08196	2	-46,7208297	-23,6076803	2840	0,0704	0,1994	4752	3330	1422
L08198	3	-46,7269586	-23,5890197	3106	0,0966	0,2991	5469	3609	1860
L08200	3	-46,7298173	-23,5966128	2551	0,1176	0,2991	4499	3046	1453
L08201	1	-46,7313899	-23,5980074	3354	0,0298	0,0997	5937	3987	1950
L08208	1	-46,7358364	-23,5961852	2323	0,043	0,0997	3857	2793	1064
L08210	4	-46,7240153	-23,5828984	1486	0,2692	0,3988	2370	1711	659
L08211	1	-46,7570506	-23,5977877	2938	0,034	0,0997	5449	3746	1703
L08224	2	-46,5372688	-23,5366728	1525	0,1311	0,1994	2736	1894	842
L08225	1	-46,5100191	-23,5446064	4128	0,0242	0,0997	7026	5147	1879
L08230	1	-46,5221139	-23,5406331	2745	0,0364	0,0997	5219	3471	1748
L08231	1	-46,5079969	-23,5544033	2026	0,0494	0,0997	3550	2546	1004
L08232	1	-46,5442704	-23,5350483	1844	0,0542	0,0997	3342	2318	1024
L08233	1	-46,5151760	-23,5433139	1746	0,0573	0,0997	3085	2237	848
L08234	2	-46,5317956	-23,5421192	3038	0,0658	0,1994	5442	3818	1624
L08239	1	-46,5141185	-23,5517464	2105	0,0475	0,0997	3730	2686	1044
L08242	2	-46,5020045	-23,5414163	2155	0,0928	0,1994	4183	2801	1382
L08246	5	-46,5143049	-23,5325952	2090	0,2392	0,4985	3736	2717	1019
L08248	1	-46,5330363	-23,5393366	1903	0,0525	0,0997	3430	2454	976
L08250	3	-46,5370743	-23,5335666	1855	0,1617	0,2991	3292	2341	951
L08258	1	-46,5095374	-23,5384628	2376	0,0421	0,0997	4461	3015	1446
L08266	1	-46,5492719	-23,5643080	3744	0,0267	0,0997	6474	4613	1861
L08268	2	-46,5382964	-23,5663555	2910	0,0687	0,1994	5207	3628	1579
L08272	2	-46,5288323	-23,5727122	2238	0,0894	0,1994	4229	2897	1332
L08274	1	-46,5439614	-23,5676780	2439	0,041	0,0997	5027	3105	1922
L08276	3	-46,5458952	-23,5550134	2003	0,1498	0,2991	3017	2414	603
L08279	1	-46,5397986	-23,5751068	3183	0,0314	0,0997	5939	4067	1872
L08286	1	-46,5228208	-23,5778668	2051	0,0488	0,0997	3585	2631	954
L08296	2	-46,5867358	-23,4804731	3045	0,0657	0,1994	5362	3770	1592
L08300	1	-46,5778738	-23,4504834	1879	0,0532	0,0997	3503	2489	1014
L08313	1	-46,5922900	-23,4849578	1618	0,0618	0,0997	3176	1990	1186
L08320	1	-46,5866345	-23,4663679	2991	0,0334	0,0997	5086	3758	1328
L08325	1	-46,5316668	-23,6073717	2872	0,0348	0,0997	5114	3787	1327
L08331	1	-46,5224167	-23,5870214	2150	0,0465	0,0997	3937	2882	1055
L08336	1	-46,5384444	-23,6045283	3264	0,0306	0,0997	5992	4063	1929
L08337	1	-46,5124860	-23,5891800	2899	0,0345	0,0997	5040	3740	1300
L08379	3	-46,4032172	-23,4985582	2538	0,1182	0,2991	4585	3259	1326
L08380	1	-46,3955110	-23,5079850	4070	0,0246	0,0997	7143	5356	1787
L08382	1	-46,3763198	-23,4939856	3628	0,0276	0,0997	6476	4624	1852
L08387	2	-46,3754478	-23,4964448	3203	0,0624	0,1994	5688	4215	1473
L08390	2	-46,3766695	-23,5066526	4172	0,0479	0,1994	7610	5548	2062
L08392	1	-46,4006667	-23,5034363	3308	0,0302	0,0997	6122	4146	1976
L08395	1	-46,3832792	-23,5056992	1754	0,057	0,0997	3113	2293	820
L08396	1	-46,3830556	-23,4914097	2865	0,0349	0,0997	5005	3783	1222
L08398	2	-46,4040381	-23,5003398	2632	0,076	0,1994	4564	3375	1189
L08405	3	-46,3718376	-23,5014239	2671	0,1123	0,2991	4809	3768	1041
L08407	4	-46,3789952	-23,5024583	2675	0,1495	0,3988	4880	3556	1324
L08413	1	-46,3937105	-23,5156176	1095	0,0913	0,0997	2083	1525	558
L08423	1	-46,3977921	-23,5358129	1106	0,0904	0,0997	2069	1477	592
L08427	5	-46,4213722	-23,5297891	4764	0,105	0,4985	7765	5959	1806
L08432	3	-46,4189254	-23,5384808	3214	0,0933	0,2991	5635	4179	1456
L08435	1	-46,4142302	-23,5447436	2123	0,0471	0,0997	4075	2620	1455
L08436	2	-46,4107031	-23,5355506	3955	0,0506	0,1994	7305	5186	2119
L08438	8	-46,4254538	-23,5250259	3705	0,2159	0,7976	6437	4786	1651
L08439	1	-46,4207673	-23,5460751	2866	0,0349	0,0997	5637	3838	1799
L08444	1	-46,3977921	-23,5358129	2757	0,0363	0,0997	5165	3761	1404
L08446	2	-46,4185555	-23,5307546	2258	0,0886	0,1994	4003	2970	1033
L08453	1	-46,4234233	-23,5381049	2084	0,048	0,0997	3936	2769	1167
L08456	1	-46,4126165	-23,5416929	2557	0,0391	0,0997	4651	3173	1478
L08458	1	-46,4104297	-23,5438072	1432	0,0698	0,0997	2582	1817	765
L08854	1	-46,6901081	-23,7285932	1755	0,057	0,0997	3031	2265	766
L08860	2	-46,6895040	-23,7350676	2726	0,0734	0,1994	4411	3424	987
L08862	1	-46,6941916	-23,7361482	4568	0,0219	0,0997	8304	5797	2507
L08872	2	-46,6890875	-23,7386502	2798	0,0715	0,1994	4627	3538	1089
L08888	1	-46,7449271	-23,6845334	3976	0,0252	0,0997	6506	4872	1634
L08897	1	-46,7579085	-23,6866996	1823	0,0549	0,0997	3092	2340	752
L08899	1	-46,7296989	-23,6686244	4808	0,0208	0,0997	7532	5810	1722
L08900	1	-46,7459944	-23,6760859	3870	0,0258	0,0997	6211	4807	1404
L08902	2	-46,7420691	-23,6929780	3706	0,054	0,1994	6165	4741	1424
L08909	1	-46,7343899	-23,6780392	4253	0,0235	0,0997	6926	5231	1695
L08937	1	-46,7398408	-23,6738654	4636	0,0216	0,0997	7955	5725	2230
L08955	1	-46,7671835	-23,6773241	4100	0,0244	0,0997	7105	5165	1940
L08963	1	-46,7734927	-23,6740405	2049	0,0488	0,0997	3996	2559	1437
L08974	1	-46,7460154	-23,5642656	2683	0,0373	0,0997	4513	3262	1251
L08982	1	-46,7512554	-23,5452190	2973	0,0336	0,0997	5291	3603	1688
L09009	1	-46,7601010	-23,5793980	1753	0,057	0,0997	2840	2160	680
L09030	1	-46,7523220	-23,5457302	936	0,1068	0,0997	1788	1263	525
L09040	1	-46,4696590	-23,6129782	2328	0,043	0,0997	4085	3035	1050
L09042	2	-46,4746879	-23,6291216	2377	0,0841	0,1994	4450	3252	1198
L09047	1	-46,4438014	-23,6308046	2623	0,0381	0,0997	4519	3376	1143
L09059	1	-46,4626277	-23,6209456	3192	0,0313	0,0997	6229	4211	2018
L09068	1	-46,4579281	-23,6104786	2371	0,0422	0,0997	4220	3084	1136
L09072	1	-46,4711933	-23,6237846	2817	0,0355	0,0997	4983	3737	1246
L09084	1	-46,4866751	-23,5892640	2723	0,0367	0,0997	4672	3532	1140
L09085	1	-46,4719716	-23,6057020	3309	0,0302	0,0997	6370	4187	2183
L09090	1	-46,4908283	-23,5996866	696	0,1437	0,0997	1226	934	292
L09093	2	-46,6891450	-23,4480420	1559	0,1283	0,1994	2715	1914	801
L09096	5	-46,6919830	-23,4800350	2740	0,1825	0,4985	4783	3354	1429
L09097	2	-46,6833436	-23,4716951	3420	0,0585	0,1994	6292	4301	1991
L09098	3	-46,7030593	-23,4716926	3193	0,094	0,2991	5790	3980	1810
L09099	4	-46,6998285	-23,4605103	2820	0,1418	0,3988	4930	3583	1347
L09100	18	-46,6986546	-23,4803642	3036	0,5929	1,7946	5415	3789	1626
L09102	3	-46,6877814	-23,4600022	3235	0,0927	0,2991	5834	4249	1585
L09103	1	-46,6729691	-23,4629576	3071	0,0326	0,0997	5490	4096	1394
L09104	1	-46,6738756	-23,4613197	2864	0,0349	0,0997	4912	3725	1187
L09105	30	-46,6983080	-23,4693623	4632	0,6477	2,991	8469	5835	2634
L09108	1	-46,6874952	-23,4598553	1493	0,067	0,0997	2681	1920	761
L09110	44	-46,6932484	-23,4764397	3726	1,1809	4,3868	6985	4801	2184
L09111	1	-46,6780978	-23,4504874	2994	0,0334	0,0997	5456	3938	1518
L09112	27	-46,6975146	-23,4687553	3273	0,8249	2,6919	6109	4041	2068
L09113	1	-46,6882642	-23,4736711	3556	0,0281	0,0997	6282	4605	1677
L09115	8	-46,7003948	-23,4748538	1533	0,5219	0,7976	2655	1984	671
L09117	1	-46,7020440	-23,4580940	3715	0,0269	0,0997	6828	4901	1927
L09118	1	-46,6795279	-23,4641832	7883	0,0127	0,0997	15183	10348	4835
L09119	2	-46,6862656	-23,4703417	2113	0,0947	0,1994	4014	2752	1262
L09120	1	-46,7026753	-23,4471028	1959	0,051	0,0997	3520	2602	918
L09121	1	-46,6774616	-23,4736278	2374	0,0421	0,0997	4175	3125	1050
L09124	3	-46,6736651	-23,4709745	2675	0,1121	0,2991	4617	3454	1163
L09125	13	-46,6906963	-23,4692644	2790	0,4659	1,2961	5131	3574	1557
L09126	8	-46,6908864	-23,4686604	3640	0,2198	0,7976	6924	4603	2321
L09129	2	-46,6940812	-23,4585925	3967	0,0504	0,1994	6922	5126	1796
L09132	1	-46,6750425	-23,4517869	1995	0,0501	0,0997	3463	2543	920
L09133	5	-46,7011104	-23,4695152	700	0,7143	0,4985	1136	907	229
L09135	4	-46,6875898	-23,4827743	3242	0,1234	0,3988	6012	4001	2011
L09137	7	-46,6974031	-23,4623180	3119	0,2244	0,6979	5897	3958	1939
L09138	1	-46,6809709	-23,4669256	2642	0,0379	0,0997	4579	3416	1163
L09142	1	-46,6871539	-23,4821017	1630	0,0613	0,0997	2758	2043	715
L09143	2	-46,7028915	-23,4758818	987	0,2026	0,1994	1579	1208	371
L09144	3	-46,7035177	-23,4614133	1057	0,2838	0,2991	1938	1370	568
L09145	13	-46,6931880	-23,4731917	766	1,6971	1,2961	1379	986	393
L09345	3	-46,7226984	-23,7765320	3746	0,0801	0,2991	6480	4713	1767
L09356	1	-46,7319307	-23,7919749	4689	0,0213	0,0997	8175	6073	2102
L09366	1	-46,7131152	-23,7598945	1723	0,058	0,0997	2791	2164	627
L09644	2	-46,7595246	-23,4046073	6764	0,0296	0,1994	12622	8645	3977
L09649	2	-46,7155247	-23,4498055	1779	0,1124	0,1994	3423	2452	971
L09653	1	-46,7571522	-23,4107543	2816	0,0355	0,0997	5154	3588	1566
L09657	1	-46,7266588	-23,4265393	2406	0,0416	0,0997	4002	3119	883
L09665	1	-46,7886883	-23,4499804	1255	0,0797	0,0997	2182	1658	524
L09685	1	-46,7141265	-23,4344010	2433	0,0411	0,0997	4113	3094	1019
L09698	3	-46,5211510	-23,5024680	3117	0,0962	0,2991	5306	4002	1304
L09699	1	-46,5276842	-23,4983766	2694	0,0371	0,0997	4647	3454	1193
L09707	1	-46,5102750	-23,5075010	2667	0,0375	0,0997	4934	3455	1479
L09708	3	-46,5011972	-23,4910374	3598	0,0834	0,2991	5673	4513	1160
L09709	6	-46,5011218	-23,4970068	2480	0,2419	0,5982	4098	3151	947
L09710	1	-46,5314823	-23,5021289	2230	0,0448	0,0997	4095	2837	1258
L09714	5	-46,5267033	-23,5028825	2319	0,2156	0,4985	4701	2945	1756
L09720	1	-46,5061927	-23,4971573	1578	0,0634	0,0997	2480	1979	501
L09721	1	-46,5168781	-23,5117373	706	0,1416	0,0997	1241	933	308
L09752	3	-46,4842871	-23,5209250	1143	0,2625	0,2991	2000	1551	449
L09757	1	-46,4799583	-23,5263781	2015	0,0496	0,0997	3665	2771	894
L09758	2	-46,4840632	-23,5126634	2966	0,0674	0,1994	5485	3744	1741
L09759	7	-46,4893072	-23,5119538	2407	0,2908	0,6979	4544	3045	1499
L09761	1	-46,4834160	-23,5237351	1233	0,0811	0,0997	2151	1608	543
L09762	1	-46,4813689	-23,5374258	3181	0,0314	0,0997	5713	4094	1619
L09763	10	-46,4896747	-23,5160828	2228	0,4488	0,997	3691	2807	884
L09765	2	-46,4693922	-23,5224683	3655	0,0547	0,1994	6254	4742	1512
L09766	1	-46,4880409	-23,5223342	3475	0,0288	0,0997	6125	4652	1473
L09767	1	-46,5095837	-23,5191133	2136	0,0468	0,0997	3746	2741	1005
L09770	1	-46,5081371	-23,5141476	2763	0,0362	0,0997	5024	3413	1611
L09771	4	-46,4943893	-23,5089738	3192	0,1253	0,3988	5877	3982	1895
L09774	2	-46,4773989	-23,5179212	1534	0,1304	0,1994	2929	1929	1000
L09777	1	-46,4780882	-23,5104731	680	0,1471	0,0997	1097	867	230
L09780	4	-46,4939673	-23,5195032	2596	0,1541	0,3988	4433	3417	1016
L09783	2	-46,4752420	-23,5235190	4447	0,045	0,1994	7421	5633	1788
L09925	1	-46,4289892	-23,4865951	4098	0,0244	0,0997	7255	5323	1932
L09927	1	-46,4105791	-23,5212702	3639	0,0275	0,0997	6418	4656	1762
L09929	2	-46,4136703	-23,4837091	3959	0,0505	0,1994	6588	5137	1451
L09933	1	-46,4324856	-23,4898223	2690	0,0372	0,0997	4807	3562	1245
L09934	1	-46,4079760	-23,4926871	4280	0,0234	0,0997	7364	5388	1976
L09936	1	-46,4103530	-23,5225647	2103	0,0476	0,0997	3821	2877	944
L09937	1	-46,4180284	-23,4905184	3021	0,0331	0,0997	5041	3920	1121
L09943	5	-46,4100104	-23,4972377	3575	0,1399	0,4985	6284	4540	1744
L09946	1	-46,4171324	-23,4973316	1552	0,0644	0,0997	2567	1991	576
L09948	1	-46,4030957	-23,5139436	1816	0,0551	0,0997	3163	2414	749
L09958	5	-46,4555571	-23,4916901	2939	0,1701	0,4985	5404	4032	1372
L09965	3	-46,4559263	-23,4911459	2451	0,1224	0,2991	4152	3143	1009
L09966	1	-46,4707463	-23,5183632	1412	0,0708	0,0997	2465	1865	600
L09967	8	-46,4485753	-23,5009963	2271	0,3523	0,7976	3893	2812	1081
L09968	3	-46,4469938	-23,5086770	2427	0,1236	0,2991	4394	2952	1442
L09970	1	-46,4560056	-23,5122728	3898	0,0257	0,0997	6534	5016	1518
L09974	2	-46,4458454	-23,5101744	1031	0,194	0,1994	1684	1326	358
L09975	1	-46,4600054	-23,5113119	1114	0,0898	0,0997	2009	1504	505
L09979	4	-46,4533158	-23,4993370	3973	0,1007	0,3988	6808	4929	1879
L10140	1	-46,7462176	-23,4551621	1903	0,0525	0,0997	3307	2338	969
L10166	3	-46,4073307	-23,5666032	3346	0,0897	0,2991	5875	4258	1617
L10169	2	-46,4441227	-23,5965195	3830	0,0522	0,1994	6692	4988	1704
L10170	2	-46,4029258	-23,5791123	3594	0,0556	0,1994	6150	4576	1574
L10173	1	-46,4070213	-23,5656205	2817	0,0355	0,0997	4782	3657	1125
L10174	2	-46,4394834	-23,5946999	2672	0,0749	0,1994	4565	3397	1168
L10180	3	-46,4062685	-23,5831792	1633	0,1837	0,2991	2765	2101	664
L10184	3	-46,3942223	-23,5789990	3555	0,0844	0,2991	6001	4511	1490
L10185	1	-46,4231640	-23,5985590	1231	0,0812	0,0997	2022	1583	439
L10187	1	-46,3967077	-23,5644405	2905	0,0344	0,0997	5094	3653	1441
L10190	2	-46,4063933	-23,5926393	3470	0,0576	0,1994	6064	4335	1729
L10192	1	-46,4115162	-23,5827476	2764	0,0362	0,0997	4732	3574	1158
L10202	2	-46,4258475	-23,5516624	1476	0,1355	0,1994	2694	1997	697
L10213	2	-46,4350193	-23,5546910	4684	0,0427	0,1994	8573	6058	2515
L10216	2	-46,4285496	-23,5394983	3748	0,0534	0,1994	6636	4916	1720
L10219	1	-46,4216949	-23,5880443	2893	0,0346	0,0997	4936	3772	1164
L10319	1	-46,7322309	-23,6212240	7028	0,0142	0,0997	12398	8767	3631
L10321	1	-46,7373128	-23,6532119	4481	0,0223	0,0997	7802	5537	2265
L10336	1	-46,7442610	-23,6566420	3010	0,0332	0,0997	5133	3848	1285
L10516	1	-46,6134748	-23,6571470	3833	0,0261	0,0997	5910	4608	1302
L10610	1	-46,4812016	-23,5483731	3878	0,0258	0,0997	6716	5098	1618
L10614	2	-46,4765220	-23,5538502	1616	0,1238	0,1994	2992	2135	857
L10616	1	-46,4850436	-23,5755403	2607	0,0384	0,0997	4518	3409	1109
L10617	1	-46,4705701	-23,5650788	2486	0,0402	0,0997	4479	3304	1175
L10623	1	-46,4610673	-23,5638539	2685	0,0372	0,0997	4646	3537	1109
L10625	1	-46,4714895	-23,5528836	3285	0,0304	0,0997	5837	4288	1549
L10627	1	-46,4652985	-23,5546299	3666	0,0273	0,0997	6843	4619	2224
L10628	1	-46,4787958	-23,5757265	2501	0,04	0,0997	4279	3187	1092
L10629	1	-46,4814410	-23,5690400	3111	0,0321	0,0997	5332	4086	1246
L10631	1	-46,4748034	-23,5576482	753	0,1328	0,0997	1240	968	272
L10633	1	-46,4580781	-23,5527746	2129	0,047	0,0997	3815	2839	976
L10650	1	-46,6524439	-23,6886719	3624	0,0276	0,0997	6394	4556	1838
L10652	2	-46,6774173	-23,6820430	4275	0,0468	0,1994	7370	5418	1952
L10663	1	-46,6656946	-23,6912971	3280	0,0305	0,0997	5926	4159	1767
L10666	1	-46,6654170	-23,6770470	2516	0,0397	0,0997	4411	3162	1249
L10668	2	-46,6754475	-23,6898357	1623	0,1232	0,1994	2747	2004	743
L10673	4	-46,6724425	-23,6892896	1555	0,2572	0,3988	2572	1965	607
L10741	4	-46,5010529	-23,6213622	3848	0,104	0,3988	6829	5091	1738
L10745	1	-46,5040533	-23,6054351	4046	0,0247	0,0997	7138	5324	1814
L10754	2	-46,5130142	-23,6093532	2664	0,0751	0,1994	4782	3440	1342
L10761	1	-46,5060459	-23,6042916	1480	0,0676	0,0997	2549	1937	612
L10762	1	-46,5016183	-23,6011869	3850	0,026	0,0997	6508	4865	1643
L10763	1	-46,5106476	-23,6155321	908	0,1101	0,0997	1577	1210	367
L10765	2	-46,4965013	-23,6166543	3324	0,0602	0,1994	6076	4282	1794
L10766	1	-46,4983849	-23,5987055	3171	0,0315	0,0997	5783	4036	1747
L10774	2	-46,6386490	-23,4679230	2796	0,0715	0,1994	4464	3356	1108
L10782	1	-46,6285532	-23,4710309	2053	0,0487	0,0997	3411	2494	917
L10792	1	-46,6392692	-23,4685393	2749	0,0364	0,0997	4914	3299	1615
L10797	1	-46,6582380	-23,4574276	3510	0,0285	0,0997	6233	4568	1665
L10803	1	-46,6313732	-23,4672637	1642	0,0609	0,0997	2751	2004	747
