cod_local	QT_VOTOS	longitude	latitude	LOC_VALID	%_LOC_V	%_CAND	QT_APTOS	QT_COMPARECIMENTO	QT_ABSTENCOES
L00003	2	-46,6455650	-23,5547500	3290	0,0608	0,0715	5696	3792	1904
L00005	1	-46,6603762	-23,5406137	4082	0,0245	0,0358	8248	4503	3745
L00006	2	-46,6471893	-23,5496488	4359	0,0459	0,0715	8358	5061	3297
L00007	1	-46,6432717	-23,5529543	1958	0,0511	0,0358	3791	2317	1474
L00008	2	-46,6464095	-23,5560819	3643	0,0549	0,0715	6983	4278	2705
L00010	1	-46,6355899	-23,5623979	2996	0,0334	0,0358	5666	3638	2028
L00011	2	-46,6535747	-23,5498948	3808	0,0525	0,0715	7072	4407	2665
L00012	4	-46,6461964	-23,5700830	3252	0,123	0,143	6283	3656	2627
L00013	2	-46,6421456	-23,5572933	2899	0,069	0,0715	5416	3426	1990
L00014	3	-46,6289218	-23,5548030	2700	0,1111	0,1073	5182	3459	1723
L00019	1	-46,6376429	-23,5607300	2664	0,0375	0,0358	5259	3125	2134
L00020	1	-46,6376429	-23,5607300	2293	0,0436	0,0358	5052	2698	2354
L00023	2	-46,6498912	-23,5493645	2834	0,0706	0,0715	4909	3201	1708
L00024	3	-46,6497533	-23,5485991	1896	0,1582	0,1073	3234	2130	1104
L00026	1	-46,6351446	-23,5631017	1170	0,0855	0,0358	2088	1410	678
L00027	1	-46,6368084	-23,5498480	2635	0,038	0,0358	5430	3072	2358
L00031	1	-46,6872489	-23,5323018	3785	0,0264	0,0358	5622	4272	1350
L00033	1	-46,6545420	-23,5418060	2940	0,034	0,0358	4562	3313	1249
L00034	1	-46,6605264	-23,5415277	5254	0,019	0,0358	7993	5767	2226
L00036	2	-46,6671104	-23,5303076	1611	0,1241	0,0715	3037	1845	1192
L00038	1	-46,6844226	-23,5340373	3156	0,0317	0,0358	5271	3545	1726
L00045	1	-46,6523017	-23,5318175	2128	0,047	0,0358	3940	2485	1455
L00046	2	-46,6555734	-23,5283610	2335	0,0857	0,0715	4656	2795	1861
L00049	2	-46,6806583	-23,5307166	4578	0,0437	0,0715	8065	5186	2879
L00050	1	-46,6531096	-23,5391595	3449	0,029	0,0358	6577	4007	2570
L00051	2	-46,6946005	-23,5421890	3052	0,0655	0,0715	5602	3572	2030
L00052	2	-46,6832663	-23,5289919	4888	0,0409	0,0715	8677	5629	3048
L00053	2	-46,6630845	-23,5450242	5945	0,0336	0,0715	9970	6457	3513
L00055	1	-46,6566164	-23,5307137	5271	0,019	0,0358	9323	6035	3288
L00058	1	-46,6432297	-23,5320752	3161	0,0316	0,0358	6470	3731	2739
L00060	4	-46,6711550	-23,5381000	10857	0,0368	0,143	17946	11853	6093
L00061	2	-46,6666956	-23,5298372	3408	0,0587	0,0715	6305	3946	2359
L00066	2	-46,6126881	-23,5372312	2446	0,0818	0,0715	4500	2909	1591
L00067	1	-46,6107088	-23,5252045	1435	0,0697	0,0358	2765	1755	1010
L00068	2	-46,6432775	-23,5262231	2815	0,071	0,0715	5403	3409	1994
L00074	1	-46,6370866	-23,5384772	2847	0,0351	0,0358	6133	3437	2696
L00075	1	-46,6325856	-23,5295792	4103	0,0244	0,0358	8045	4955	3090
L00077	2	-46,6228821	-23,5238878	3089	0,0647	0,0715	5985	3756	2229
L00078	1	-46,6212238	-23,5429654	2774	0,036	0,0358	5496	3398	2098
L00083	2	-46,5997287	-23,5410220	3324	0,0602	0,0715	6501	4011	2490
L00084	1	-46,5895134	-23,5593568	5301	0,0189	0,0358	8807	6387	2420
L00085	2	-46,5978907	-23,5552089	4372	0,0457	0,0715	8050	5269	2781
L00087	1	-46,5842762	-23,5514675	2993	0,0334	0,0358	5617	3662	1955
L00088	1	-46,6217269	-23,5533444	1019	0,0981	0,0358	1932	1238	694
L00089	2	-46,5902871	-23,5470008	2261	0,0885	0,0715	4286	2820	1466
L00091	1	-46,5964833	-23,5637925	3169	0,0316	0,0358	6188	3786	2402
L00093	4	-46,5813248	-23,5619799	3706	0,1079	0,143	6970	4489	2481
L00094	3	-46,6214361	-23,5534993	2393	0,1254	0,1073	4753	2932	1821
L00096	3	-46,5697601	-23,5636527	4049	0,0741	0,1073	7290	5070	2220
L00098	1	-46,5984516	-23,5519192	955	0,1047	0,0358	1806	1145	661
L00099	1	-46,5683158	-23,5701115	2161	0,0463	0,0358	3989	2770	1219
L00102	3	-46,5979424	-23,5532296	4622	0,0649	0,1073	8563	5548	3015
L00108	3	-46,5976041	-23,5519593	6779	0,0443	0,1073	11883	7994	3889
L00110	1	-46,6602508	-23,5695486	2517	0,0397	0,0358	4741	2759	1982
L00111	2	-46,6590182	-23,5634584	7550	0,0265	0,0715	13488	8273	5215
L00112	1	-46,6747793	-23,5889660	1465	0,0683	0,0358	2322	1627	695
L00116	1	-46,6726051	-23,5816669	2385	0,0419	0,0358	4109	2634	1475
L00117	2	-46,6709040	-23,5923207	3151	0,0635	0,0715	5443	3456	1987
L00118	1	-46,6768341	-23,5885769	2860	0,035	0,0358	5240	3249	1991
L00119	3	-46,6851323	-23,5877136	2254	0,1331	0,1073	3851	2471	1380
L00120	3	-46,6758302	-23,6004582	2006	0,1496	0,1073	3761	2276	1485
L00121	1	-46,6790390	-23,5798975	3855	0,0259	0,0358	7199	4264	2935
L00122	1	-46,6734804	-23,5826449	2473	0,0404	0,0358	4205	2672	1533
L00123	4	-46,6731135	-23,5792999	2804	0,1427	0,143	4967	3078	1889
L00124	2	-46,6605835	-23,5566944	5697	0,0351	0,0715	10701	6297	4404
L00126	2	-46,6724723	-23,5954720	3916	0,0511	0,0715	6669	4338	2331
L00127	4	-46,6605835	-23,5566944	6318	0,0633	0,143	11459	6999	4460
L00129	1	-46,6486232	-23,5813704	3537	0,0283	0,0358	5654	3970	1684
L00132	1	-46,6416210	-23,5785510	4598	0,0217	0,0358	7651	5166	2485
L00134	1	-46,6358455	-23,5895447	4856	0,0206	0,0358	8425	5454	2971
L00135	1	-46,6431906	-23,5719338	4487	0,0223	0,0358	7477	5015	2462
L00136	2	-46,6234512	-23,5608329	4167	0,048	0,0715	7421	4897	2524
L00138	1	-46,6259630	-23,5630260	2096	0,0477	0,0358	3469	2565	904
L00141	2	-46,6308086	-23,5650323	5144	0,0389	0,0715	9743	6059	3684
L00142	1	-46,6119113	-23,5742236	2504	0,0399	0,0358	4454	2944	1510
L00145	3	-46,6350220	-23,5881065	3012	0,0996	0,1073	5263	3410	1853
L00147	1	-46,6251868	-23,5770987	3004	0,0333	0,0358	5565	3493	2072
L00148	1	-46,6273889	-23,5872670	4439	0,0225	0,0358	7836	5122	2714
L00149	2	-46,6300092	-23,5766639	1599	0,1251	0,0715	2985	1875	1110
L00151	2	-46,6209441	-23,5882398	2949	0,0678	0,0715	4478	3358	1120
L00152	3	-46,6459660	-23,5746810	3017	0,0994	0,1073	4888	3361	1527
L00153	1	-46,6399206	-23,5899717	4323	0,0231	0,0358	6624	4826	1798
L00154	1	-46,6235069	-23,5745404	4329	0,0231	0,0358	7193	5134	2059
L00156	1	-46,6397771	-23,5727404	4608	0,0217	0,0358	8784	5242	3542
L00157	1	-46,6389836	-23,5697573	5176	0,0193	0,0358	8809	5934	2875
L00528	2	-46,7937390	-23,6862114	4929	0,0406	0,0715	8528	6298	2230
L00534	5	-46,7872371	-23,6773522	3311	0,151	0,1788	5703	4173	1530
L00536	6	-46,7920187	-23,6867819	3212	0,1868	0,2145	5561	4120	1441
L00537	1	-46,7846410	-23,6975287	3599	0,0278	0,0358	6096	4448	1648
L00538	1	-46,7850919	-23,7005041	671	0,149	0,0358	1195	850	345
L00539	4	-46,7886237	-23,6861459	4146	0,0965	0,143	7243	5328	1915
L00542	2	-46,7901616	-23,6750896	3768	0,0531	0,0715	6810	4643	2167
L00543	1	-46,7810676	-23,6817954	3950	0,0253	0,0358	6766	5016	1750
L00546	1	-46,7853039	-23,6768377	3484	0,0287	0,0358	6085	4510	1575
L00547	1	-46,7885429	-23,6654381	4193	0,0238	0,0358	7471	5355	2116
L00548	2	-46,7917773	-23,6867573	324	0,6173	0,0715	563	420	143
L00550	1	-46,7755198	-23,6742186	2704	0,037	0,0358	4775	3448	1327
L00551	1	-46,7827546	-23,6998617	2755	0,0363	0,0358	4627	3392	1235
L00552	1	-46,7867141	-23,6791697	1483	0,0674	0,0358	2634	1909	725
L00553	1	-46,7839538	-23,6721527	1679	0,0596	0,0358	2758	2071	687
L00554	1	-46,7932547	-23,6670602	2548	0,0392	0,0358	4491	3254	1237
L00555	9	-46,7999759	-23,6870539	3475	0,259	0,3218	6174	4460	1714
L00560	2	-46,7971617	-23,6783864	2752	0,0727	0,0715	4757	3583	1174
L00562	1	-46,7764988	-23,6792511	2508	0,0399	0,0358	4349	3228	1121
L05530	4	-46,7007739	-23,6497088	5044	0,0793	0,143	8236	5638	2598
L05531	1	-46,7133162	-23,6344474	2027	0,0493	0,0358	3063	2266	797
L05532	2	-46,7034029	-23,6447800	2886	0,0693	0,0715	4752	3201	1551
L05533	3	-46,7012118	-23,6454413	2673	0,1122	0,1073	4610	2961	1649
L05534	6	-46,6930410	-23,6638790	5787	0,1037	0,2145	9716	6724	2992
L05535	3	-46,6912424	-23,6607866	3055	0,0982	0,1073	4525	3449	1076
L05536	1	-46,6821350	-23,6631782	5321	0,0188	0,0358	8921	6173	2748
L05538	1	-46,6809074	-23,6663068	3075	0,0325	0,0358	5073	3651	1422
L05541	3	-46,7153680	-23,6417200	3773	0,0795	0,1073	6610	4390	2220
L05542	2	-46,7071520	-23,6499060	3093	0,0647	0,0715	5733	3640	2093
L05543	2	-46,6875690	-23,6745424	2821	0,0709	0,0715	4627	3474	1153
L05544	2	-46,7020955	-23,6297201	1019	0,1963	0,0715	1646	1149	497
L05545	2	-46,6998999	-23,6559182	2564	0,078	0,0715	3946	2911	1035
L05546	1	-46,6816306	-23,6713892	1359	0,0736	0,0358	2062	1643	419
L05547	2	-46,7031531	-23,6485078	2502	0,0799	0,0715	4597	2896	1701
L05549	3	-46,7057350	-23,6332760	4550	0,0659	0,1073	7718	5073	2645
L05551	3	-46,7022860	-23,6510126	4767	0,0629	0,1073	8841	5514	3327
L05553	2	-46,4351534	-23,5022679	3506	0,057	0,0715	6236	4381	1855
L05554	5	-46,4441795	-23,4982353	3546	0,141	0,1788	6065	4260	1805
L05557	1	-46,4452179	-23,4993366	2352	0,0425	0,0358	3986	2897	1089
L05558	1	-46,4234630	-23,5085168	3758	0,0266	0,0358	6529	4735	1794
L05564	2	-46,4259779	-23,5162635	4083	0,049	0,0715	6687	5009	1678
L05565	1	-46,4195668	-23,5172129	2191	0,0456	0,0358	3749	2826	923
L05566	3	-46,4352447	-23,5020281	2851	0,1052	0,1073	4735	3521	1214
L05569	3	-46,4407439	-23,4944067	1547	0,1939	0,1073	2737	1890	847
L05570	2	-46,4345329	-23,5094734	3688	0,0542	0,0715	6309	4565	1744
L05571	1	-46,4218866	-23,5204965	2679	0,0373	0,0358	4440	3324	1116
L05572	1	-46,4193422	-23,5228558	2139	0,0468	0,0358	3993	2664	1329
L05574	1	-46,4424219	-23,4946443	1702	0,0588	0,0358	3011	2169	842
L05578	4	-46,4526050	-23,5387875	2564	0,156	0,143	4882	3187	1695
L05579	1	-46,4415141	-23,5227656	2072	0,0483	0,0358	3867	2846	1021
L05580	3	-46,4367093	-23,5286893	3428	0,0875	0,1073	6257	4314	1943
L05581	2	-46,4522081	-23,5171617	3935	0,0508	0,0715	6924	5015	1909
L05582	3	-46,4362612	-23,5281919	1912	0,1569	0,1073	3481	2438	1043
L05583	1	-46,4325849	-23,5321585	3488	0,0287	0,0358	6128	4395	1733
L05585	5	-46,4451845	-23,5472188	2365	0,2114	0,1788	4123	3094	1029
L05589	3	-46,4544868	-23,5471412	2039	0,1471	0,1073	3417	2606	811
L05590	2	-46,4560761	-23,5496358	3285	0,0609	0,0715	6239	4284	1955
L05591	4	-46,4544144	-23,5410443	3621	0,1105	0,143	6839	4640	2199
L05592	3	-46,4528483	-23,5265608	3373	0,0889	0,1073	6254	4448	1806
L05593	1	-46,4528982	-23,5182408	3494	0,0286	0,0358	6309	4695	1614
L05595	3	-46,4580805	-23,5512840	2564	0,117	0,1073	4400	3342	1058
L05596	9	-46,4536228	-23,5552304	3671	0,2452	0,3218	6672	4852	1820
L05597	1	-46,4601240	-23,5260232	3143	0,0318	0,0358	5422	4051	1371
L05598	1	-46,4625526	-23,5168760	2035	0,0491	0,0358	3550	2651	899
L05599	1	-46,4443340	-23,5321000	3793	0,0264	0,0358	6860	4712	2148
L05600	1	-46,4589975	-23,5302914	3067	0,0326	0,0358	5494	3916	1578
L05601	1	-46,4359061	-23,5226454	2327	0,043	0,0358	4159	3108	1051
L05610	2	-46,4554689	-23,5282555	6146	0,0325	0,0715	10609	7693	2916
L05611	1	-46,6300964	-23,5033502	2831	0,0353	0,0358	4847	3284	1563
L05617	1	-46,6180480	-23,4923992	3331	0,03	0,0358	5427	3880	1547
L05619	1	-46,6476795	-23,4929598	1994	0,0502	0,0358	3788	2470	1318
L05621	1	-46,6332236	-23,4899666	5271	0,019	0,0358	8744	6129	2615
L05623	1	-46,6405537	-23,5023028	2520	0,0397	0,0358	4590	2978	1612
L05624	1	-46,6161131	-23,5004170	2563	0,039	0,0358	4896	3055	1841
L05625	1	-46,6261164	-23,4898514	2978	0,0336	0,0358	5488	3556	1932
L05627	1	-46,6249697	-23,5016655	1535	0,0651	0,0358	3087	1826	1261
L05630	1	-46,6433628	-23,5013965	1299	0,077	0,0358	2306	1568	738
L05631	3	-46,6446670	-23,4910726	1627	0,1844	0,1073	3161	2027	1134
L05632	1	-46,6381967	-23,4939821	2961	0,0338	0,0358	5002	3517	1485
L05638	3	-46,6330906	-23,4915684	3666	0,0818	0,1073	6121	4251	1870
L05645	1	-46,7037676	-23,5217140	2362	0,0423	0,0358	4257	2725	1532
L05646	1	-46,7000457	-23,5224777	2592	0,0386	0,0358	4343	2970	1373
L05648	1	-46,7032968	-23,5283085	4170	0,024	0,0358	7531	4847	2684
L05653	1	-46,7091294	-23,5350839	1807	0,0553	0,0358	3207	2079	1128
L05658	1	-46,7052733	-23,5150700	2442	0,041	0,0358	4469	2893	1576
L05663	1	-46,7053463	-23,5246614	2188	0,0457	0,0358	4237	2584	1653
L05664	1	-46,7492548	-23,5117336	1714	0,0583	0,0358	3333	2162	1171
L05687	1	-46,7293085	-23,5091600	847	0,1181	0,0358	1262	988	274
L05688	1	-46,7278581	-23,5209253	3285	0,0304	0,0358	5542	3799	1743
L05692	1	-46,7342495	-23,5279924	4939	0,0202	0,0358	7451	5535	1916
L05706	1	-46,6827388	-23,5501422	2508	0,0399	0,0358	4043	2732	1311
L05708	1	-46,6938161	-23,5563030	2004	0,0499	0,0358	3625	2231	1394
L05713	1	-46,6816743	-23,5708583	3367	0,0297	0,0358	5931	3590	2341
L05716	1	-46,6975056	-23,5623803	2545	0,0393	0,0358	4027	2825	1202
L05720	3	-46,5018743	-23,5298075	832	0,3606	0,1073	1456	1081	375
L05722	2	-46,5000225	-23,5253888	2828	0,0707	0,0715	4665	3627	1038
L05723	1	-46,5331739	-23,5220975	2306	0,0434	0,0358	3823	2837	986
L05728	1	-46,5180445	-23,5238771	2335	0,0428	0,0358	4138	2919	1219
L05734	1	-46,5478984	-23,5284411	2172	0,046	0,0358	4014	2746	1268
L05735	1	-46,4932640	-23,5309670	2238	0,0447	0,0358	4145	2862	1283
L05736	1	-46,5179226	-23,5228086	3663	0,0273	0,0358	6711	4640	2071
L05738	1	-46,5333555	-23,5182551	2464	0,0406	0,0358	4343	3015	1328
L05740	1	-46,5095310	-23,5250203	3929	0,0255	0,0358	7326	4889	2437
L05747	1	-46,5214246	-23,5293125	1229	0,0814	0,0358	2257	1504	753
L05748	1	-46,5402474	-23,5261748	1467	0,0682	0,0358	2351	1835	516
L05750	2	-46,5686249	-23,5424482	4557	0,0439	0,0715	7587	5295	2292
L05751	2	-46,5757522	-23,5380963	4097	0,0488	0,0715	6495	4845	1650
L05755	2	-46,5179584	-23,5638358	3205	0,0624	0,0715	5295	4046	1249
L05756	2	-46,5564250	-23,5331500	2613	0,0765	0,0715	4568	3155	1413
L05763	3	-46,5178296	-23,5802614	2728	0,11	0,1073	4620	3507	1113
L05764	1	-46,5738227	-23,5337115	1764	0,0567	0,0358	3163	2131	1032
L05768	2	-46,5794166	-23,5383741	2522	0,0793	0,0715	4651	2995	1656
L05771	4	-46,5727024	-23,5507422	2617	0,1528	0,143	4908	3111	1797
L05773	1	-46,5660691	-23,5558508	2623	0,0381	0,0358	4486	3058	1428
L05775	3	-46,5662223	-23,5472777	2792	0,1074	0,1073	5162	3308	1854
L05776	2	-46,5726461	-23,5512878	2634	0,0759	0,0715	4333	3190	1143
L05777	1	-46,5636721	-23,5353692	1934	0,0517	0,0358	3252	2352	900
L05780	1	-46,5072844	-23,5706991	5535	0,0181	0,0358	10333	6962	3371
L05783	1	-46,5747550	-23,5436990	1751	0,0571	0,0358	2933	2099	834
L05785	1	-46,4982329	-23,5898352	2069	0,0483	0,0358	3681	2817	864
L05787	1	-46,5170355	-23,5835096	2514	0,0398	0,0358	4277	3252	1025
L05789	1	-46,5161156	-23,5584076	585	0,1709	0,0358	915	734	181
L05790	1	-46,5666544	-23,5322415	751	0,1332	0,0358	1423	890	533
L05792	1	-46,5620492	-23,5418287	1124	0,089	0,0358	1793	1351	442
L05793	1	-46,5257140	-23,5554119	2865	0,0349	0,0358	5360	3578	1782
L05795	1	-46,5630428	-23,5455348	2537	0,0394	0,0358	4283	2957	1326
L05796	2	-46,5581932	-23,5503944	4508	0,0444	0,0715	6964	5342	1622
L05797	2	-46,5602785	-23,5363132	5811	0,0344	0,0715	9848	6857	2991
L05801	1	-46,5968739	-23,5084251	2820	0,0355	0,0358	5313	3529	1784
L05802	3	-46,6013419	-23,5076564	3312	0,0906	0,1073	6027	4063	1964
L05804	1	-46,5729009	-23,5009851	2656	0,0377	0,0358	4990	3348	1642
L05806	7	-46,5685781	-23,5119963	4184	0,1673	0,2503	7823	5387	2436
L05807	1	-46,5779360	-23,5053673	3549	0,0282	0,0358	6465	4410	2055
L05808	10	-46,5892786	-23,5184715	2964	0,3374	0,3575	5799	3706	2093
L05809	1	-46,5863582	-23,5062229	1595	0,0627	0,0358	2902	1932	970
L05811	1	-46,5847966	-23,5140241	2439	0,041	0,0358	4518	2999	1519
L05812	2	-46,5733059	-23,5126116	2290	0,0873	0,0715	4034	2934	1100
L05816	3	-46,5824545	-23,5151915	4574	0,0656	0,1073	8444	5563	2881
L05823	2	-46,5847505	-23,5062429	2469	0,081	0,0715	4405	3039	1366
L05832	2	-46,5754788	-23,5000239	1037	0,1929	0,0715	1570	1248	322
L05838	3	-46,5930563	-23,5195686	3761	0,0798	0,1073	6624	4656	1968
L05842	5	-46,6566659	-23,5007326	1397	0,3579	0,1788	2475	1764	711
L05844	3	-46,6552440	-23,4837840	4064	0,0738	0,1073	6975	5136	1839
L05845	1	-46,6748489	-23,4996347	2821	0,0354	0,0358	4345	3361	984
L05847	12	-46,6551176	-23,4983123	3654	0,3284	0,429	6457	4489	1968
L05849	1	-46,6657859	-23,4885740	3928	0,0255	0,0358	7229	4920	2309
L05851	1	-46,6632938	-23,5087770	4242	0,0236	0,0358	7237	4966	2271
L05853	1	-46,6576552	-23,4676225	2016	0,0496	0,0358	3658	2494	1164
L05855	3	-46,6512743	-23,4915758	3689	0,0813	0,1073	6598	4579	2019
L05856	1	-46,6576980	-23,5105636	3626	0,0276	0,0358	6816	4472	2344
L05857	2	-46,6610100	-23,4937600	3204	0,0624	0,0715	6028	4077	1951
L05858	2	-46,6602290	-23,5040336	1694	0,1181	0,0715	3175	2048	1127
L05859	2	-46,6755514	-23,4980697	2950	0,0678	0,0715	5525	3700	1825
L05862	3	-46,6805862	-23,5028507	5531	0,0542	0,1073	9763	6800	2963
L05863	2	-46,6642085	-23,4767719	3809	0,0525	0,0715	7192	4768	2424
L05864	1	-46,6729030	-23,5109220	2299	0,0435	0,0358	4247	2858	1389
L05865	1	-46,6698247	-23,4725347	947	0,1056	0,0358	1605	1205	400
L05866	5	-46,6545707	-23,4916062	2697	0,1854	0,1788	4880	3285	1595
L05867	1	-46,6611936	-23,4979397	2374	0,0421	0,0358	4516	2931	1585
L05868	2	-46,6710286	-23,4857719	2636	0,0759	0,0715	4932	3370	1562
L05875	4	-46,6702128	-23,4900049	1711	0,2338	0,143	3184	2157	1027
L05876	1	-46,6599580	-23,5051240	2430	0,0412	0,0358	4034	2954	1080
L05877	2	-46,6612422	-23,4986956	1596	0,1253	0,0715	2824	1983	841
L05879	1	-46,6100888	-23,4531726	1472	0,0679	0,0358	2453	1731	722
L05883	1	-46,6071629	-23,4804948	2403	0,0416	0,0358	4353	2845	1508
L05884	3	-46,6024410	-23,4546385	2320	0,1293	0,1073	3954	2867	1087
L05887	2	-46,6220405	-23,4613396	2348	0,0852	0,0715	4444	2795	1649
L05888	1	-46,5855959	-23,4389881	3768	0,0265	0,0358	6719	4916	1803
L05889	1	-46,6306396	-23,4568482	2624	0,0381	0,0358	4737	3252	1485
L05890	1	-46,6048373	-23,4642332	3719	0,0269	0,0358	6880	4577	2303
L05898	1	-46,6085609	-23,4656759	1854	0,0539	0,0358	3105	2277	828
L05904	1	-46,6195870	-23,4540240	1890	0,0529	0,0358	3278	2265	1013
L05907	1	-46,5829070	-23,4282440	1990	0,0503	0,0358	3589	2685	904
L05908	1	-46,5774727	-23,4379629	2559	0,0391	0,0358	4721	3325	1396
L05910	1	-46,6108766	-23,4549274	2539	0,0394	0,0358	4480	2999	1481
L05912	1	-46,6031271	-23,4684303	2532	0,0395	0,0358	4589	3126	1463
L05916	1	-46,5772676	-23,4381432	1120	0,0893	0,0358	1985	1453	532
L05924	2	-46,5604307	-23,5979220	3363	0,0595	0,0715	5863	4288	1575
L05927	2	-46,5596293	-23,5771217	1915	0,1044	0,0715	3103	2398	705
L05928	2	-46,5582100	-23,5739759	2347	0,0852	0,0715	4461	2967	1494
L05929	1	-46,5585843	-23,5972769	3198	0,0313	0,0358	6011	4129	1882
L05931	1	-46,5593803	-23,5886767	2087	0,0479	0,0358	3493	2634	859
L05936	1	-46,5703839	-23,5879450	1764	0,0567	0,0358	2906	2096	810
L05937	1	-46,5435649	-23,6013500	2013	0,0497	0,0358	3580	2564	1016
L05938	1	-46,5607547	-23,6059835	2674	0,0374	0,0358	5130	3444	1686
L05945	1	-46,5663969	-23,5940979	2754	0,0363	0,0358	5100	3435	1665
L05949	1	-46,5838544	-23,5814914	2972	0,0336	0,0358	5338	3529	1809
L05954	1	-46,5808524	-23,5927084	2296	0,0436	0,0358	3895	2825	1070
L05958	1	-46,5654838	-23,5972434	2924	0,0342	0,0358	5305	3683	1622
L05959	1	-46,5810310	-23,5900310	2339	0,0428	0,0358	4164	2855	1309
L05963	3	-46,5786516	-23,5835336	1407	0,2132	0,1073	2348	1677	671
L05965	3	-46,6619780	-23,6090200	3849	0,0779	0,1073	6946	4334	2612
L05966	5	-46,6599239	-23,6127900	4523	0,1105	0,1788	8055	5113	2942
L05967	3	-46,6885280	-23,6126750	4170	0,0719	0,1073	6900	4718	2182
L05968	5	-46,6685076	-23,6131455	3538	0,1413	0,1788	6251	3963	2288
L05969	4	-46,6882980	-23,6116910	2974	0,1345	0,143	5627	3387	2240
L05970	1	-46,6673187	-23,6261976	2521	0,0397	0,0358	4330	2895	1435
L05972	2	-46,6606590	-23,6082950	3573	0,056	0,0715	6139	4037	2102
L05973	2	-46,6755086	-23,6206909	2385	0,0839	0,0715	3883	2648	1235
L05974	6	-46,6641427	-23,6002288	6184	0,097	0,2145	10325	6924	3401
L05975	4	-46,6709636	-23,6171214	2324	0,1721	0,143	3817	2641	1176
L05976	6	-46,6786792	-23,6169250	3059	0,1961	0,2145	4637	3422	1215
L05977	3	-46,6702545	-23,6470231	3091	0,0971	0,1073	4695	3516	1179
L05978	5	-46,6439417	-23,6284438	2379	0,2102	0,1788	4586	2796	1790
L05979	6	-46,6580933	-23,6013714	3443	0,1743	0,2145	5874	3827	2047
L05981	5	-46,6812703	-23,6263887	3816	0,131	0,1788	6833	4360	2473
L05982	6	-46,6821455	-23,6155051	5201	0,1154	0,2145	8875	5878	2997
L05984	3	-46,6639945	-23,6440840	2592	0,1157	0,1073	4500	3040	1460
L05985	4	-46,6850791	-23,6183057	3742	0,1069	0,143	6558	4258	2300
L05986	3	-46,6440222	-23,6209368	2009	0,1493	0,1073	3782	2326	1456
L05987	3	-46,6726843	-23,6097127	3510	0,0855	0,1073	5718	3982	1736
L05988	2	-46,6679674	-23,6420583	3208	0,0623	0,0715	5082	3709	1373
L05989	2	-46,6718044	-23,6208493	3539	0,0565	0,0715	6412	4051	2361
L05990	1	-46,6927807	-23,6165017	1477	0,0677	0,0358	2368	1722	646
L05992	1	-46,6629476	-23,6161029	1424	0,0702	0,0358	2755	1641	1114
L05993	3	-46,6505677	-23,6188035	2451	0,1224	0,1073	3798	2806	992
L05994	3	-46,6880132	-23,6223740	4177	0,0718	0,1073	7394	4699	2695
L05995	6	-46,6692023	-23,5986819	4821	0,1245	0,2145	7627	5289	2338
L05996	1	-46,6390563	-23,5354119	3573	0,028	0,0358	6373	4095	2278
L05997	1	-46,6475368	-23,6025329	2704	0,037	0,0358	4279	2988	1291
L06000	1	-46,6362275	-23,5988254	5755	0,0174	0,0358	9671	6446	3225
L06002	1	-46,6235160	-23,6123380	3568	0,028	0,0358	6002	4132	1870
L06004	1	-46,6210529	-23,6057597	883	0,1133	0,0358	1335	1043	292
L06005	1	-46,6362090	-23,6170540	2367	0,0422	0,0358	3816	2777	1039
L06010	3	-46,6214969	-23,5987034	3306	0,0907	0,1073	5715	3957	1758
L06011	1	-46,6255542	-23,6092089	2648	0,0378	0,0358	4891	3146	1745
L06012	3	-46,6319660	-23,6059990	2471	0,1214	0,1073	4092	2850	1242
L06015	1	-46,6448925	-23,6100010	2447	0,0409	0,0358	4269	2836	1433
L06016	1	-46,6492475	-23,5982808	2316	0,0432	0,0358	4108	2664	1444
L06017	3	-46,6348198	-23,6125399	2346	0,1279	0,1073	4142	2720	1422
L06018	2	-46,6298110	-23,6205725	1948	0,1027	0,0715	3275	2387	888
L06019	1	-46,6449004	-23,6103211	2557	0,0391	0,0358	4643	2988	1655
L06022	2	-46,6399802	-23,6207015	7560	0,0265	0,0715	11823	8719	3104
L06023	3	-46,6389150	-23,6157370	2881	0,1041	0,1073	4965	3266	1699
L06027	4	-46,6300558	-23,5928665	2573	0,1555	0,143	4339	2922	1417
L06030	1	-46,6079927	-23,5824240	1637	0,0611	0,0358	2785	1978	807
L06031	4	-46,5834188	-23,6215419	2911	0,1374	0,143	5114	3726	1388
L06032	2	-46,6120690	-23,5882350	2927	0,0683	0,0715	5450	3505	1945
L06033	5	-46,6024192	-23,6158702	2415	0,207	0,1788	4140	2950	1190
L06035	1	-46,6093832	-23,5888257	2646	0,0378	0,0358	4381	3053	1328
L06036	1	-46,6027202	-23,6187027	1079	0,0927	0,0358	2228	1350	878
L06039	2	-46,6072382	-23,5903260	2134	0,0937	0,0715	3877	2517	1360
L06041	1	-46,6051622	-23,5751923	2652	0,0377	0,0358	4753	3194	1559
L06043	2	-46,5939912	-23,6283792	2004	0,0998	0,0715	3754	2526	1228
L06044	1	-46,6163598	-23,5850714	1098	0,0911	0,0358	2123	1307	816
L06045	2	-46,5907336	-23,5984174	3727	0,0537	0,0715	6818	4710	2108
L06046	11	-46,5830025	-23,6226329	2716	0,405	0,3933	4830	3455	1375
L06047	4	-46,5866191	-23,6277500	3027	0,1321	0,143	5754	3872	1882
L06048	3	-46,5945812	-23,6240333	3452	0,0869	0,1073	6548	4452	2096
L06050	3	-46,5889064	-23,6343276	2672	0,1123	0,1073	4589	3469	1120
L06051	5	-46,6031399	-23,6063806	3228	0,1549	0,1788	5899	4148	1751
L06053	7	-46,6021325	-23,6063749	1386	0,5051	0,2503	2568	1713	855
L06054	3	-46,6080780	-23,6028560	3098	0,0968	0,1073	5810	3763	2047
L06056	4	-46,6019600	-23,5909040	5133	0,0779	0,143	9867	6305	3562
L06057	1	-46,6013725	-23,6127005	1501	0,0666	0,0358	2879	1866	1013
L06058	2	-46,5930326	-23,5972734	2828	0,0707	0,0715	5015	3572	1443
L06060	2	-46,5954073	-23,6104073	3797	0,0527	0,0715	6278	4612	1666
L06064	2	-46,5956377	-23,5958120	1677	0,1193	0,0715	3055	2103	952
L06065	2	-46,6119497	-23,5892321	3011	0,0664	0,0715	5516	3638	1878
L06066	1	-46,6092332	-23,5917910	608	0,1645	0,0358	1013	723	290
L06660	1	-46,7041000	-23,7108340	1608	0,0622	0,0358	2717	1945	772
L06661	1	-46,7041000	-23,7108340	2709	0,0369	0,0358	4548	3262	1286
L06662	3	-46,6977550	-23,7276870	2621	0,1145	0,1073	4332	3313	1019
L06663	4	-46,7157832	-23,6718387	1948	0,2053	0,143	3430	2333	1097
L06664	10	-46,7020763	-23,6853645	3332	0,3001	0,3575	5602	4031	1571
L06665	1	-46,6964372	-23,6925377	2324	0,043	0,0358	3819	2859	960
L06666	1	-46,7147308	-23,6702428	2788	0,0359	0,0358	5109	3374	1735
L06667	8	-46,6985697	-23,7261191	2231	0,3586	0,286	3856	2781	1075
L06669	1	-46,6865884	-23,7095906	3707	0,027	0,0358	6138	4679	1459
L06670	7	-46,6957864	-23,7324947	2610	0,2682	0,2503	4188	3289	899
L06671	2	-46,7092435	-23,7150718	2233	0,0896	0,0715	3875	2681	1194
L06672	2	-46,7004276	-23,7112720	3395	0,0589	0,0715	6059	4083	1976
L06673	2	-46,6853733	-23,7259814	3759	0,0532	0,0715	6283	4756	1527
L06675	7	-46,6881398	-23,7299942	3738	0,1873	0,2503	6186	4796	1390
L06676	2	-46,6947263	-23,7122284	3026	0,0661	0,0715	5161	3620	1541
L06677	1	-46,7023442	-23,7336887	3497	0,0286	0,0358	6166	4530	1636
L06678	6	-46,7003248	-23,7336023	2433	0,2466	0,2145	3957	3049	908
L06679	5	-46,7081139	-23,6888596	3276	0,1526	0,1788	5643	3922	1721
L06680	6	-46,7011093	-23,7188128	4508	0,1331	0,2145	7833	5525	2308
L06683	1	-46,6987338	-23,7098273	2586	0,0387	0,0358	4747	3089	1658
L06686	11	-46,7106459	-23,6834675	3696	0,2976	0,3933	6365	4412	1953
L06687	5	-46,6995340	-23,7330324	2757	0,1814	0,1788	4736	3370	1366
L06688	2	-46,6904668	-23,7164776	3363	0,0595	0,0715	5649	4138	1511
L06689	1	-46,7031746	-23,6922472	2879	0,0347	0,0358	4842	3413	1429
L06691	2	-46,6914688	-23,7136432	2546	0,0786	0,0715	4232	3121	1111
L06692	1	-46,6859467	-23,7227536	1183	0,0845	0,0358	1917	1485	432
L06693	1	-46,7113227	-23,6667443	640	0,1562	0,0358	1046	781	265
L06694	10	-46,7108924	-23,6832611	1288	0,7764	0,3575	2065	1513	552
L06697	1	-46,6911449	-23,7072227	1123	0,089	0,0358	1800	1393	407
L07572	2	-46,6503535	-23,6588627	1554	0,1287	0,0715	2594	1913	681
L07575	2	-46,6365200	-23,6320743	4017	0,0498	0,0715	7103	4799	2304
L07576	1	-46,6349642	-23,6431290	2278	0,0439	0,0358	4207	2702	1505
L07579	1	-46,6444998	-23,6334867	4067	0,0246	0,0358	7242	4778	2464
L07581	1	-46,6363601	-23,6810716	3028	0,033	0,0358	5287	3909	1378
L07583	1	-46,6477955	-23,6558420	3661	0,0273	0,0358	6289	4390	1899
L07584	1	-46,6320328	-23,6429320	2322	0,0431	0,0358	3693	2812	881
L07585	6	-46,6489412	-23,6630793	4484	0,1338	0,2145	7661	5544	2117
L07586	6	-46,6662000	-23,6526625	4676	0,1283	0,2145	7861	5605	2256
L07587	1	-46,6389892	-23,6729739	4038	0,0248	0,0358	6961	5171	1790
L07588	8	-46,6585002	-23,6601214	4100	0,1951	0,286	7296	5008	2288
L07589	1	-46,6494764	-23,6512620	1689	0,0592	0,0358	2887	2094	793
L07591	2	-46,6361421	-23,6802843	2687	0,0744	0,0715	4849	3510	1339
L07592	1	-46,6354223	-23,6496780	2351	0,0425	0,0358	4295	2944	1351
L07593	1	-46,6558622	-23,6441812	3054	0,0327	0,0358	5207	3649	1558
L07594	1	-46,6408225	-23,6457886	2578	0,0388	0,0358	4645	3018	1627
L07595	2	-46,6355606	-23,6678098	4296	0,0466	0,0715	7638	5546	2092
L07597	9	-46,6535415	-23,6619014	2754	0,3268	0,3218	4727	3504	1223
L07598	2	-46,6392154	-23,6408466	3709	0,0539	0,0715	6533	4338	2195
L07599	1	-46,6460240	-23,6525414	3198	0,0313	0,0358	5298	3899	1399
L07601	2	-46,6355606	-23,6678098	1988	0,1006	0,0715	3563	2572	991
L07602	1	-46,6408553	-23,6554336	1438	0,0695	0,0358	2522	1827	695
L07606	3	-46,6363030	-23,6342640	1221	0,2457	0,1073	1867	1431	436
L07664	2	-46,7296043	-23,4932746	3302	0,0606	0,0715	5686	4020	1666
L07669	1	-46,7461037	-23,4816392	3660	0,0273	0,0358	6759	4550	2209
L07684	1	-46,4880489	-23,4975812	632	0,1582	0,0358	1162	808	354
L07687	2	-46,4932576	-23,4894062	1193	0,1676	0,0715	2023	1548	475
L07688	3	-46,4915180	-23,5074055	1641	0,1828	0,1073	3150	2085	1065
L07689	1	-46,4919582	-23,5063549	2108	0,0474	0,0358	3605	2714	891
L07691	5	-46,4782924	-23,4882415	2673	0,1871	0,1788	4549	3394	1155
L07692	3	-46,4761134	-23,5015127	2666	0,1125	0,1073	4912	3325	1587
L07693	1	-46,4705358	-23,4926534	4113	0,0243	0,0358	7400	5306	2094
L07694	2	-46,4971517	-23,4840369	2951	0,0678	0,0715	4712	3627	1085
L07695	6	-46,4925761	-23,4889873	3199	0,1876	0,2145	5543	4116	1427
L07696	1	-46,4669867	-23,4900232	2210	0,0452	0,0358	3851	2948	903
L07699	1	-46,4816039	-23,4998180	2953	0,0339	0,0358	5279	3696	1583
L07700	1	-46,4851971	-23,4905377	3489	0,0287	0,0358	6056	4395	1661
L07701	1	-46,4889435	-23,4985564	3277	0,0305	0,0358	5967	4095	1872
L07704	1	-46,4783102	-23,4996696	2270	0,0441	0,0358	4005	2861	1144
L07706	1	-46,4963575	-23,4925264	630	0,1587	0,0358	1072	816	256
L07708	2	-46,4849725	-23,5032693	2712	0,0737	0,0715	5219	3402	1817
L07709	3	-46,4926895	-23,4988971	1792	0,1674	0,1073	3099	2351	748
L07710	1	-46,4820150	-23,5058752	1072	0,0933	0,0358	1843	1332	511
L07713	1	-46,4966140	-23,4924641	1374	0,0728	0,0358	2302	1760	542
L07726	1	-46,6978976	-23,4998743	2271	0,044	0,0358	4256	2757	1499
L07727	1	-46,6972109	-23,4923489	2499	0,04	0,0358	4705	3018	1687
L07728	1	-46,6928374	-23,5037339	1919	0,0521	0,0358	3660	2388	1272
L07729	1	-46,7028160	-23,4979150	3736	0,0268	0,0358	6670	4600	2070
L07732	1	-46,6916354	-23,4865099	2408	0,0415	0,0358	4588	2950	1638
L07736	2	-46,6899944	-23,4971911	1941	0,103	0,0715	3393	2305	1088
L07737	1	-46,6860439	-23,4985664	2566	0,039	0,0358	4751	3195	1556
L07739	2	-46,7128806	-23,4857983	3106	0,0644	0,0715	5261	3930	1331
L07744	1	-46,7099716	-23,4738143	510	0,1961	0,0358	873	675	198
L07747	1	-46,6864477	-23,4984882	854	0,1171	0,0358	1465	1082	383
L07750	8	-46,7708337	-23,6299871	13605	0,0588	0,286	25821	17652	8169
L07751	1	-46,7857380	-23,6492250	2439	0,041	0,0358	4196	3122	1074
L07752	1	-46,7562863	-23,6156016	3810	0,0262	0,0358	6732	4937	1795
L07754	12	-46,7510131	-23,6228353	4006	0,2996	0,429	7103	5278	1825
L07755	1	-46,7557573	-23,6290243	3980	0,0251	0,0358	6741	5172	1569
L07756	2	-46,7617923	-23,6408234	4236	0,0472	0,0715	7697	5404	2293
L07757	2	-46,7705606	-23,6467603	3321	0,0602	0,0715	5877	4308	1569
L07758	2	-46,7701188	-23,6470003	3205	0,0624	0,0715	5536	3955	1581
L07759	1	-46,7708253	-23,6346601	2609	0,0383	0,0358	4845	3309	1536
L07760	2	-46,7556667	-23,6404221	3739	0,0535	0,0715	6385	4685	1700
L07762	4	-46,7860069	-23,6438270	3683	0,1086	0,143	6454	4825	1629
L07763	1	-46,7776614	-23,6511000	4197	0,0238	0,0358	7100	5325	1775
L07765	2	-46,7497115	-23,6403144	4495	0,0445	0,0715	7813	5662	2151
L07766	2	-46,7870213	-23,6430817	3412	0,0586	0,0715	6214	4373	1841
L07767	6	-46,7490615	-23,6345587	3174	0,189	0,2145	5702	4133	1569
L07768	1	-46,7739779	-23,6330684	2361	0,0424	0,0358	4577	2954	1623
L07770	2	-46,7542153	-23,6198219	4129	0,0484	0,0715	7176	5149	2027
L07771	2	-46,7622591	-23,6469894	2666	0,075	0,0715	4394	3333	1061
L07772	1	-46,7607719	-23,6385695	2910	0,0344	0,0358	5170	3706	1464
L07773	5	-46,7538973	-23,6349349	4025	0,1242	0,1788	6657	5039	1618
L07774	6	-46,7498755	-23,6363346	2769	0,2167	0,2145	4952	3627	1325
L08188	3	-46,7165770	-23,5900570	2517	0,1192	0,1073	3979	2849	1130
L08190	1	-46,7131334	-23,6188108	3137	0,0319	0,0358	5166	3531	1635
L08195	1	-46,7277361	-23,6045363	3437	0,0291	0,0358	5923	4007	1916
L08197	1	-46,7361238	-23,5854310	1908	0,0524	0,0358	3173	2287	886
L08199	1	-46,7202481	-23,5763764	1751	0,0571	0,0358	3121	1996	1125
L08201	1	-46,7313899	-23,5980074	3354	0,0298	0,0358	5937	3987	1950
L08202	1	-46,7401597	-23,6037788	2287	0,0437	0,0358	4380	2818	1562
L08203	1	-46,7354209	-23,6007753	1634	0,0612	0,0358	2757	2030	727
L08207	2	-46,7206164	-23,5767376	2202	0,0908	0,0715	4045	2564	1481
L08208	1	-46,7358364	-23,5961852	2323	0,043	0,0358	3857	2793	1064
L08212	1	-46,7546852	-23,5949824	2625	0,0381	0,0358	4694	3368	1326
L08219	1	-46,6985844	-23,5862008	2637	0,0379	0,0358	4368	2905	1463
L08223	1	-46,5031002	-23,5704138	1840	0,0543	0,0358	3025	2358	667
L08229	2	-46,4982241	-23,5504038	2927	0,0683	0,0715	5051	3739	1312
L08231	1	-46,5079969	-23,5544033	2026	0,0494	0,0358	3550	2546	1004
L08234	2	-46,5317956	-23,5421192	3038	0,0658	0,0715	5442	3818	1624
L08238	1	-46,5056207	-23,5405406	972	0,1029	0,0358	1635	1239	396
L08241	1	-46,4913846	-23,5478378	2076	0,0482	0,0358	3674	2778	896
L08244	1	-46,4849359	-23,5443559	2408	0,0415	0,0358	4352	3219	1133
L08245	1	-46,4984607	-23,5625811	3684	0,0271	0,0358	6646	4873	1773
L08246	1	-46,5143049	-23,5325952	2090	0,0478	0,0358	3736	2717	1019
L08247	1	-46,4906529	-23,5403308	4098	0,0244	0,0358	7785	5311	2474
L08252	1	-46,4996257	-23,5474295	2491	0,0401	0,0358	4201	3182	1019
L08256	1	-46,5191281	-23,5450183	2851	0,0351	0,0358	5189	3512	1677
L08258	1	-46,5095374	-23,5384628	2376	0,0421	0,0358	4461	3015	1446
L08262	1	-46,5005028	-23,5350092	2427	0,0412	0,0358	4145	3117	1028
L08265	1	-46,5251630	-23,5338233	5108	0,0196	0,0358	9329	6208	3121
L08266	1	-46,5492719	-23,5643080	3744	0,0267	0,0358	6474	4613	1861
L08269	2	-46,5456990	-23,5729610	1641	0,1219	0,0715	2921	2045	876
L08270	2	-46,5267515	-23,5750205	769	0,2601	0,0715	1358	1007	351
L08272	1	-46,5288323	-23,5727122	2238	0,0447	0,0358	4229	2897	1332
L08274	1	-46,5439614	-23,5676780	2439	0,041	0,0358	5027	3105	1922
L08276	1	-46,5458952	-23,5550134	2003	0,0499	0,0358	3017	2414	603
L08279	2	-46,5397986	-23,5751068	3183	0,0628	0,0715	5939	4067	1872
L08283	4	-46,5276225	-23,5710305	2727	0,1467	0,143	5111	3464	1647
L08284	2	-46,5527913	-23,5614550	3182	0,0629	0,0715	5966	3914	2052
L08286	1	-46,5228208	-23,5778668	2051	0,0488	0,0358	3585	2631	954
L08295	1	-46,5903643	-23,4794354	1163	0,086	0,0358	1836	1454	382
L08305	1	-46,5732891	-23,4514774	4266	0,0234	0,0358	8509	5988	2521
L08307	1	-46,5775231	-23,4668711	3245	0,0308	0,0358	6063	4171	1892
L08312	2	-46,5846950	-23,4614040	3278	0,061	0,0715	6142	4077	2065
L08327	1	-46,5339774	-23,5909237	3590	0,0279	0,0358	6889	4568	2321
L08333	1	-46,5151342	-23,5886563	3403	0,0294	0,0358	6060	4434	1626
L08336	1	-46,5384444	-23,6045283	3264	0,0306	0,0358	5992	4063	1929
L08340	1	-46,5365552	-23,5957785	3050	0,0328	0,0358	5865	3909	1956
L08343	1	-46,5377963	-23,5816242	3112	0,0321	0,0358	5858	3912	1946
L08344	1	-46,5190849	-23,6068070	2708	0,0369	0,0358	4764	3597	1167
L08348	1	-46,5374573	-23,5872801	1735	0,0576	0,0358	2944	2171	773
L08350	1	-46,5387495	-23,5924958	2138	0,0468	0,0358	3548	2664	884
L08352	3	-46,6695961	-23,6608635	1635	0,1835	0,1073	2532	1947	585
L08353	3	-46,6568120	-23,6724366	2485	0,1207	0,1073	4291	3131	1160
L08354	6	-46,6718510	-23,6480180	3606	0,1664	0,2145	5953	4267	1686
L08356	2	-46,6748209	-23,6629694	2548	0,0785	0,0715	4677	3256	1421
L08357	18	-46,6566918	-23,6673339	2867	0,6278	0,6435	5558	3511	2047
L08358	4	-46,6595184	-23,6732345	3334	0,12	0,143	6265	4353	1912
L08359	1	-46,6440225	-23,6904889	4358	0,0229	0,0358	8287	5678	2609
L08360	3	-46,6643846	-23,6634460	2151	0,1395	0,1073	3871	2637	1234
L08361	1	-46,6490180	-23,6808501	3642	0,0275	0,0358	6749	4652	2097
L08362	6	-46,6599252	-23,6645331	3182	0,1886	0,2145	5899	3877	2022
L08363	7	-46,6578420	-23,6700605	2290	0,3057	0,2503	3858	2871	987
L08364	11	-46,6666281	-23,6643337	2350	0,4681	0,3933	4231	2884	1347
L08366	12	-46,6568661	-23,6677858	2114	0,5676	0,429	4127	2597	1530
L08367	2	-46,6760160	-23,6550423	3987	0,0502	0,0715	6800	4757	2043
L08368	2	-46,6511485	-23,6760229	3448	0,058	0,0715	6243	4435	1808
L08369	13	-46,6692349	-23,6669498	3705	0,3509	0,4648	6566	4618	1948
L08370	1	-46,6619825	-23,6713695	2545	0,0393	0,0358	4510	3118	1392
L08372	2	-46,6459844	-23,6750154	2880	0,0694	0,0715	5258	3622	1636
L08373	1	-46,6423561	-23,6824358	4047	0,0247	0,0358	7666	5249	2417
L08374	3	-46,6583497	-23,6731895	2392	0,1254	0,1073	4435	3139	1296
L08377	7	-46,6776829	-23,6644228	3581	0,1955	0,2503	6118	4373	1745
L08378	3	-46,4008120	-23,4977007	1709	0,1755	0,1073	3255	2338	917
L08379	2	-46,4032172	-23,4985582	2538	0,0788	0,0715	4585	3259	1326
L08380	8	-46,3955110	-23,5079850	4070	0,1966	0,286	7143	5356	1787
L08381	4	-46,3943443	-23,5046166	3160	0,1266	0,143	5695	4002	1693
L08382	9	-46,3763198	-23,4939856	3628	0,2481	0,3218	6476	4624	1852
L08384	13	-46,3985890	-23,5096370	3537	0,3675	0,4648	6428	4541	1887
L08385	1	-46,3767415	-23,5064594	1891	0,0529	0,0358	3406	2573	833
L08386	5	-46,3879010	-23,5188440	3845	0,13	0,1788	6696	5024	1672
L08387	2	-46,3754478	-23,4964448	3203	0,0624	0,0715	5688	4215	1473
L08389	4	-46,3884186	-23,5122760	2336	0,1712	0,143	4350	3214	1136
L08390	2	-46,3766695	-23,5066526	4172	0,0479	0,0715	7610	5548	2062
L08391	5	-46,3965404	-23,5176660	3624	0,138	0,1788	6265	4666	1599
L08392	9	-46,4006667	-23,5034363	3308	0,2721	0,3218	6122	4146	1976
L08394	3	-46,3870301	-23,4964237	3348	0,0896	0,1073	5936	4200	1736
L08395	8	-46,3832792	-23,5056992	1754	0,4561	0,286	3113	2293	820
L08396	2	-46,3830556	-23,4914097	2865	0,0698	0,0715	5005	3783	1222
L08397	3	-46,3844165	-23,4797530	3246	0,0924	0,1073	5337	4090	1247
L08398	2	-46,4040381	-23,5003398	2632	0,076	0,0715	4564	3375	1189
L08400	8	-46,3850728	-23,5122978	3974	0,2013	0,286	7123	5016	2107
L08401	1	-46,3808672	-23,5028827	722	0,1385	0,0358	1259	974	285
L08402	1	-46,3759431	-23,5147403	1122	0,0891	0,0358	1980	1519	461
L08403	4	-46,3988792	-23,5093492	2345	0,1706	0,143	4153	3085	1068
L08404	2	-46,3922999	-23,4852473	2625	0,0762	0,0715	4589	3442	1147
L08407	3	-46,3789952	-23,5024583	2675	0,1121	0,1073	4880	3556	1324
L08408	3	-46,3900305	-23,4923096	2762	0,1086	0,1073	5089	3777	1312
L08411	3	-46,3698794	-23,5080357	3148	0,0953	0,1073	5639	4225	1414
L08412	4	-46,3926599	-23,5078228	2908	0,1376	0,143	5104	3773	1331
L08413	1	-46,3937105	-23,5156176	1095	0,0913	0,0358	2083	1525	558
L08414	6	-46,3950439	-23,4989421	2828	0,2122	0,2145	5125	3485	1640
L08415	4	-46,3940515	-23,4832409	2647	0,1511	0,143	4861	3522	1339
L08416	2	-46,3888850	-23,4978960	1488	0,1344	0,0715	2526	1944	582
L08417	2	-46,3806444	-23,5150740	2751	0,0727	0,0715	4718	3665	1053
L08418	9	-46,3817906	-23,5034832	3675	0,2449	0,3218	6492	4833	1659
L08421	1	-46,3873807	-23,5128291	521	0,1919	0,0358	935	707	228
L08422	8	-46,4003582	-23,5441270	1520	0,5263	0,286	2178	1462	716
L08423	2	-46,3977921	-23,5358129	1106	0,1808	0,0715	2069	1477	592
L08425	10	-46,4057199	-23,5624173	3131	0,3194	0,3575	5663	4158	1505
L08426	7	-46,4008912	-23,5381934	3356	0,2086	0,2503	6116	4546	1570
L08427	7	-46,4213722	-23,5297891	4764	0,1469	0,2503	7765	5959	1806
L08428	4	-46,3882687	-23,5454378	2086	0,1918	0,143	3720	2817	903
L08429	6	-46,4009383	-23,5583730	2595	0,2312	0,2145	4383	3368	1015
L08430	27	-46,4157806	-23,5492070	1808	1,4934	0,9653	3393	2325	1068
L08431	2	-46,4023983	-23,5435780	3363	0,0595	0,0715	5917	4490	1427
L08432	5	-46,4189254	-23,5384808	3214	0,1556	0,1788	5635	4179	1456
L08433	3	-46,4064807	-23,5311067	739	0,406	0,1073	548	394	154
L08434	2	-46,4184068	-23,5376100	1088	0,1838	0,0715	2100	1473	627
L08435	21	-46,4142302	-23,5447436	2123	0,9892	0,7508	4075	2620	1455
L08436	17	-46,4107031	-23,5355506	3955	0,4298	0,6078	7305	5186	2119
L08437	12	-46,3986836	-23,5531127	1923	0,624	0,429	3328	2531	797
L08438	2	-46,4254538	-23,5250259	3705	0,054	0,0715	6437	4786	1651
L08439	40	-46,4207673	-23,5460751	2866	1,3957	1,4301	5637	3838	1799
L08440	1	-46,4091642	-23,5275663	2973	0,0336	0,0358	5298	3892	1406
L08441	3	-46,3973726	-23,5355326	2439	0,123	0,1073	4306	3101	1205
L08442	6	-46,3994934	-23,5325352	3824	0,1569	0,2145	7163	5062	2101
L08443	15	-46,4155334	-23,5455554	1247	1,2029	0,5363	2181	1603	578
L08444	2	-46,3977921	-23,5358129	2757	0,0725	0,0715	5165	3761	1404
L08445	14	-46,4037610	-23,5596980	3457	0,405	0,5005	2665	1848	817
L08447	18	-46,4023822	-23,5509844	1988	0,9054	0,6435	3479	2599	880
L08448	45	-46,4087514	-23,5527119	2094	2,149	1,6089	4017	2779	1238
L08449	62	-46,4174509	-23,5537296	2587	2,3966	2,2167	5105	3534	1571
L08450	69	-46,4075993	-23,5541832	3404	2,027	2,4669	5663	4220	1443
L08451	4	-46,3909828	-23,5442229	2400	0,1667	0,143	4283	3241	1042
L08452	5	-46,4116268	-23,5278328	3591	0,1392	0,1788	6073	4598	1475
L08453	6	-46,4234233	-23,5381049	2084	0,2879	0,2145	3936	2769	1167
L08454	8	-46,4066295	-23,5366390	2713	0,2949	0,286	4822	3590	1232
L08455	11	-46,4007548	-23,5495498	2353	0,4675	0,3933	4306	3004	1302
L08456	3	-46,4126165	-23,5416929	2557	0,1173	0,1073	4651	3173	1478
L08457	14	-46,3967810	-23,5545250	1819	0,7697	0,5005	3404	2514	890
L08458	19	-46,4104297	-23,5438072	1432	1,3268	0,6793	2582	1817	765
L08459	4	-46,4060980	-23,5364980	1267	0,3157	0,143	1475	1092	383
L08460	8	-46,4151119	-23,5465924	925	0,8649	0,286	1672	1159	513
L08461	2	-46,4228459	-23,5390975	2171	0,0921	0,0715	3128	2231	897
L08462	2	-46,4037610	-23,5596980	1122	0,1783	0,0715	954	745	209
L08463	23	-46,4145590	-23,5542970	860	2,6744	0,8223	1549	1145	404
L08464	2	-46,3928375	-23,5277915	1978	0,1011	0,0715	3363	2579	784
L08465	1	-46,3996730	-23,5530710	631	0,1585	0,0358	1150	856	294
L08847	2	-46,7045504	-23,7542184	5925	0,0338	0,0715	10150	7592	2558
L08849	2	-46,6810095	-23,7397520	2444	0,0818	0,0715	4220	3097	1123
L08850	24	-46,6964318	-23,7396716	3205	0,7488	0,8581	5411	4075	1336
L08851	1	-46,7029441	-23,7482829	3251	0,0308	0,0358	5688	4114	1574
L08852	1	-46,7044580	-23,7593862	2527	0,0396	0,0358	4290	3181	1109
L08854	5	-46,6901081	-23,7285932	1755	0,2849	0,1788	3031	2265	766
L08855	2	-46,6862668	-23,7395049	2065	0,0969	0,0715	3450	2670	780
L08858	1	-46,6957840	-23,7538980	1671	0,0598	0,0358	2892	2171	721
L08859	1	-46,6816347	-23,7551323	1701	0,0588	0,0358	2903	2139	764
L08860	5	-46,6895040	-23,7350676	2726	0,1834	0,1788	4411	3424	987
L08862	20	-46,6941916	-23,7361482	4568	0,4378	0,7151	8304	5797	2507
L08863	4	-46,6886063	-23,7505995	3166	0,1263	0,143	5819	4112	1707
L08864	1	-46,6731203	-23,7622871	4632	0,0216	0,0358	7907	6053	1854
L08865	3	-46,6897118	-23,7494669	2152	0,1394	0,1073	3650	2758	892
L08866	2	-46,6833302	-23,7528996	2031	0,0985	0,0715	3523	2593	930
L08867	1	-46,6470260	-23,7040291	3006	0,0333	0,0358	4976	3854	1122
L08868	4	-46,6655617	-23,7587693	1918	0,2086	0,143	3164	2426	738
L08869	3	-46,6976128	-23,7478250	3454	0,0869	0,1073	5909	4430	1479
L08870	7	-46,6818898	-23,7403681	3700	0,1892	0,2503	6280	4769	1511
L08871	2	-46,6684971	-23,7532554	4993	0,0401	0,0715	8570	6421	2149
L08872	2	-46,6890875	-23,7386502	2798	0,0715	0,0715	4627	3538	1089
L08873	2	-46,6837456	-23,7546935	3538	0,0565	0,0715	6358	4435	1923
L08874	2	-46,6701917	-23,7428868	5030	0,0398	0,0715	8684	6561	2123
L08876	1	-46,6681724	-23,7475017	2547	0,0393	0,0358	4140	3222	918
L08879	1	-46,6771720	-23,7532160	2969	0,0337	0,0358	5144	3881	1263
L08880	3	-46,6703618	-23,7532358	3720	0,0806	0,1073	5940	4631	1309
L08887	1	-46,7821867	-23,7409511	5907	0,0169	0,0358	10173	7415	2758
L08891	1	-46,7705221	-23,7208213	4451	0,0225	0,0358	7568	5541	2027
L08895	2	-46,7563455	-23,6839424	2676	0,0747	0,0715	4670	3304	1366
L08898	1	-46,7422115	-23,6767859	1163	0,086	0,0358	1825	1417	408
L08899	2	-46,7296989	-23,6686244	4808	0,0416	0,0715	7532	5810	1722
L08900	2	-46,7459944	-23,6760859	3870	0,0517	0,0715	6211	4807	1404
L08902	2	-46,7420691	-23,6929780	3706	0,054	0,0715	6165	4741	1424
L08903	1	-46,7549903	-23,6797057	2449	0,0408	0,0358	4419	3166	1253
L08909	4	-46,7343899	-23,6780392	4253	0,0941	0,143	6926	5231	1695
L08910	1	-46,7644449	-23,7005122	3583	0,0279	0,0358	6421	4721	1700
L08911	2	-46,7895404	-23,7358720	4436	0,0451	0,0715	7779	5629	2150
L08912	1	-46,7544275	-23,6715623	3436	0,0291	0,0358	5880	4460	1420
L08913	8	-46,7553528	-23,6757960	3255	0,2458	0,286	5943	4082	1861
L08914	1	-46,7644205	-23,6860017	2545	0,0393	0,0358	4224	3108	1116
L08915	2	-46,7923315	-23,7092825	2309	0,0866	0,0715	4001	2961	1040
L08916	1	-46,7607341	-23,6898202	637	0,157	0,0358	1036	792	244
L08918	6	-46,7646129	-23,6800985	3973	0,151	0,2145	7083	4944	2139
L08919	1	-46,7518905	-23,6805097	3188	0,0314	0,0358	5387	4046	1341
L08921	4	-46,7477778	-23,6709060	3171	0,1261	0,143	5519	3877	1642
L08923	2	-46,7515278	-23,6806812	949	0,2107	0,0715	1668	1256	412
L08924	1	-46,7528366	-23,6745244	3179	0,0315	0,0358	5308	3981	1327
L08926	2	-46,7768923	-23,6963317	2699	0,0741	0,0715	4639	3456	1183
L08927	3	-46,7602288	-23,6921984	3141	0,0955	0,1073	5143	3919	1224
L08933	3	-46,7407017	-23,6677721	3280	0,0915	0,1073	5502	4064	1438
L08934	1	-46,7701634	-23,7200619	4256	0,0235	0,0358	7146	5402	1744
L08936	1	-46,7568865	-23,7221715	4624	0,0216	0,0358	7539	5712	1827
L08938	1	-46,7563790	-23,6782580	1306	0,0766	0,0358	2186	1665	521
L08940	3	-46,7643695	-23,6705361	2617	0,1146	0,1073	4716	3439	1277
L08941	1	-46,7584936	-23,6672249	1847	0,0541	0,0358	3218	2371	847
L08942	1	-46,7709966	-23,6560362	1558	0,0642	0,0358	2772	2007	765
L08944	1	-46,7869811	-23,6550768	3281	0,0305	0,0358	5927	4213	1714
L08945	14	-46,7595495	-23,6741975	3422	0,4091	0,5005	5713	4273	1440
L08946	1	-46,7599809	-23,6583845	3828	0,0261	0,0358	6414	4828	1586
L08947	2	-46,7588097	-23,6679219	3084	0,0649	0,0715	5635	3906	1729
L08948	2	-46,7709966	-23,6560362	4506	0,0444	0,0715	7853	5738	2115
L08949	1	-46,7514131	-23,6635812	2498	0,04	0,0358	4346	3049	1297
L08952	7	-46,7676270	-23,6679840	4298	0,1629	0,2503	7695	5421	2274
L08954	1	-46,7664599	-23,6622186	3884	0,0257	0,0358	7168	4912	2256
L08957	1	-46,7797422	-23,6633017	2939	0,034	0,0358	5299	3860	1439
L08958	1	-46,7594862	-23,6585655	2498	0,04	0,0358	4132	3123	1009
L08961	1	-46,7833170	-23,6591080	3489	0,0287	0,0358	6112	4474	1638
L08963	1	-46,7734927	-23,6740405	2049	0,0488	0,0358	3996	2559	1437
L08973	2	-46,7736965	-23,5753008	3789	0,0528	0,0715	5984	4683	1301
L08982	1	-46,7512554	-23,5452190	2973	0,0336	0,0358	5291	3603	1688
L08983	1	-46,7950827	-23,6026719	3496	0,0286	0,0358	6021	4411	1610
L08984	1	-46,7484555	-23,5435228	2932	0,0341	0,0358	5430	3759	1671
L08985	1	-46,7491328	-23,5658101	3021	0,0331	0,0358	5172	3648	1524
L08986	2	-46,7497980	-23,5823512	2155	0,0928	0,0715	3952	2665	1287
L08992	3	-46,7930101	-23,5823718	1863	0,161	0,1073	3504	2473	1031
L08999	1	-46,7748594	-23,5743052	2796	0,0358	0,0358	5077	3810	1267
L09000	1	-46,7292351	-23,5745661	3100	0,0323	0,0358	5436	3579	1857
L09004	1	-46,7583340	-23,5575440	3682	0,0272	0,0358	5975	4245	1730
L09007	1	-46,7358487	-23,5809482	3036	0,0329	0,0358	5300	3546	1754
L09013	1	-46,7909036	-23,5841478	1364	0,0733	0,0358	2357	1795	562
L09034	1	-46,7138143	-23,5687160	6650	0,015	0,0358	11871	7672	4199
L09038	1	-46,4490531	-23,6038892	1178	0,0849	0,0358	1993	1468	525
L09041	2	-46,4824676	-23,6012239	2857	0,07	0,0715	5384	3613	1771
L09043	1	-46,4541133	-23,6084711	2305	0,0434	0,0358	4116	3063	1053
L09045	1	-46,4515686	-23,6112921	2639	0,0379	0,0358	4345	3304	1041
L09046	1	-46,4451983	-23,6306149	3152	0,0317	0,0358	5392	4009	1383
L09051	2	-46,4517184	-23,6021242	3466	0,0577	0,0715	6290	4630	1660
L09053	1	-46,4672283	-23,6339793	888	0,1126	0,0358	1470	1159	311
L09057	1	-46,4881751	-23,5991604	3417	0,0293	0,0358	5868	4270	1598
L09064	1	-46,4444469	-23,6341908	3618	0,0276	0,0358	6385	4760	1625
L09065	1	-46,4573138	-23,6173317	3507	0,0285	0,0358	6005	4481	1524
L09069	2	-46,4670370	-23,6008861	3027	0,0661	0,0715	5073	3872	1201
L09070	1	-46,4466713	-23,6086516	4014	0,0249	0,0358	7074	5208	1866
L09071	2	-46,4822288	-23,6131431	2033	0,0984	0,0715	3694	2600	1094
L09074	1	-46,4538383	-23,5987817	2975	0,0336	0,0358	5013	3755	1258
L09076	2	-46,4921282	-23,5878134	2168	0,0923	0,0715	4122	2686	1436
L09080	1	-46,4532396	-23,6020534	2820	0,0355	0,0358	4742	3542	1200
L09081	1	-46,4449590	-23,6045710	2945	0,034	0,0358	4772	3692	1080
L09082	2	-46,4571907	-23,6309235	1515	0,132	0,0715	2682	1961	721
L09084	2	-46,4866751	-23,5892640	2723	0,0734	0,0715	4672	3532	1140
L09094	3	-46,7117310	-23,4620560	3852	0,0779	0,1073	7063	5062	2001
L09095	1	-46,6814668	-23,4770174	995	0,1005	0,0358	1692	1272	420
L09097	1	-46,6833436	-23,4716951	3420	0,0292	0,0358	6292	4301	1991
L09098	1	-46,7030593	-23,4716926	3193	0,0313	0,0358	5790	3980	1810
L09099	2	-46,6998285	-23,4605103	2820	0,0709	0,0715	4930	3583	1347
L09102	1	-46,6877814	-23,4600022	3235	0,0309	0,0358	5834	4249	1585
L09105	1	-46,6983080	-23,4693623	4632	0,0216	0,0358	8469	5835	2634
L09109	1	-46,7072163	-23,4599973	3074	0,0325	0,0358	5299	3983	1316
L09112	1	-46,6975146	-23,4687553	3273	0,0306	0,0358	6109	4041	2068
L09121	3	-46,6774616	-23,4736278	2374	0,1264	0,1073	4175	3125	1050
L09124	2	-46,6736651	-23,4709745	2675	0,0748	0,0715	4617	3454	1163
L09125	1	-46,6906963	-23,4692644	2790	0,0358	0,0358	5131	3574	1557
L09126	2	-46,6908864	-23,4686604	3640	0,0549	0,0715	6924	4603	2321
L09129	2	-46,6940812	-23,4585925	3967	0,0504	0,0715	6922	5126	1796
L09130	1	-46,6766890	-23,4765394	2390	0,0418	0,0358	4244	3085	1159
L09132	1	-46,6750425	-23,4517869	1995	0,0501	0,0358	3463	2543	920
L09135	2	-46,6875898	-23,4827743	3242	0,0617	0,0715	6012	4001	2011
L09137	1	-46,6974031	-23,4623180	3119	0,0321	0,0358	5897	3958	1939
L09142	2	-46,6871539	-23,4821017	1630	0,1227	0,0715	2758	2043	715
L09324	8	-46,6807410	-23,7669661	7735	0,1034	0,286	13259	9980	3279
L09325	1	-46,7263218	-23,8274592	6787	0,0147	0,0358	12142	8727	3415
L09329	3	-46,7322899	-23,8269933	2869	0,1046	0,1073	5349	3686	1663
L09332	1	-46,6902192	-23,7830774	3543	0,0282	0,0358	5840	4560	1280
L09336	3	-46,7167371	-23,7695068	4256	0,0705	0,1073	7217	5340	1877
L09339	1	-46,7290105	-23,8229399	2160	0,0463	0,0358	3913	2829	1084
L09340	1	-46,7557667	-23,8674974	1613	0,062	0,0358	2893	2210	683
L09344	2	-46,6923854	-23,7664548	2534	0,0789	0,0715	4216	3211	1005
L09345	1	-46,7226984	-23,7765320	3746	0,0267	0,0358	6480	4713	1767
L09346	3	-46,6969438	-23,7768204	4723	0,0635	0,1073	7671	5863	1808
L09347	1	-46,7059302	-23,7403363	3101	0,0322	0,0358	5690	3864	1826
L09348	1	-46,7339841	-23,8396236	1854	0,0539	0,0358	2931	2282	649
L09355	1	-46,6510073	-23,8781992	2107	0,0475	0,0358	3463	2589	874
L09356	4	-46,7319307	-23,7919749	4689	0,0853	0,143	8175	6073	2102
L09357	4	-46,6847035	-23,7863114	4077	0,0981	0,143	6645	5160	1485
L09358	1	-46,7172350	-23,7608768	1918	0,0521	0,0358	3049	2354	695
L09359	2	-46,7146448	-23,8112468	946	0,2114	0,0715	1579	1184	395
L09360	1	-46,7119437	-23,7376852	1979	0,0505	0,0358	3356	2393	963
L09362	3	-46,7145555	-23,7851162	4313	0,0696	0,1073	7001	5315	1686
L09366	1	-46,7131152	-23,7598945	1723	0,058	0,0358	2791	2164	627
L09367	2	-46,7096936	-23,7717519	1892	0,1057	0,0715	3177	2421	756
L09368	1	-46,7095920	-23,7408252	1645	0,0608	0,0358	2849	2040	809
L09369	3	-46,7035380	-23,7651320	3146	0,0954	0,1073	4942	3849	1093
L09371	1	-46,7078313	-23,7380888	1925	0,0519	0,0358	3423	2328	1095
L09372	1	-46,7101587	-23,8320793	1560	0,0641	0,0358	2660	1986	674
L09373	1	-46,7126190	-23,8613850	4278	0,0234	0,0358	6351	5045	1306
L09375	1	-46,7273286	-23,8287482	1211	0,0826	0,0358	1981	1489	492
L09648	1	-46,7176648	-23,4359306	3664	0,0273	0,0358	6857	4617	2240
L09649	1	-46,7155247	-23,4498055	1779	0,0562	0,0358	3423	2452	971
L09654	2	-46,7924236	-23,4385264	2360	0,0847	0,0715	4480	3143	1337
L09656	1	-46,7076665	-23,4422276	2819	0,0355	0,0358	4709	3625	1084
L09657	1	-46,7266588	-23,4265393	2406	0,0416	0,0358	4002	3119	883
L09660	3	-46,7415768	-23,4083171	2643	0,1135	0,1073	4472	3454	1018
L09665	3	-46,7886883	-23,4499804	1255	0,239	0,1073	2182	1658	524
L09668	1	-46,7091840	-23,4464830	1307	0,0765	0,0358	2147	1657	490
L09673	4	-46,7384315	-23,4028665	2893	0,1383	0,143	5072	3732	1340
L09675	2	-46,7080670	-23,4494150	1143	0,175	0,0715	1981	1479	502
L09679	2	-46,7290271	-23,4281151	2096	0,0954	0,0715	3630	2766	864
L09680	1	-46,7192925	-23,4350205	2678	0,0373	0,0358	4924	3572	1352
L09688	1	-46,7166746	-23,4347728	1683	0,0594	0,0358	2857	2153	704
L09692	1	-46,7535522	-23,4080667	1410	0,0709	0,0358	2383	1784	599
L09694	1	-46,7254060	-23,4420603	684	0,1462	0,0358	1123	892	231
L09699	1	-46,5276842	-23,4983766	2694	0,0371	0,0358	4647	3454	1193
L09700	3	-46,4949911	-23,5049464	2959	0,1014	0,1073	5656	3767	1889
L09701	6	-46,5067684	-23,5021411	4523	0,1327	0,2145	8238	6120	2118
L09703	2	-46,5143098	-23,5025941	3250	0,0615	0,0715	6003	4205	1798
L09706	5	-46,5042643	-23,5072875	2017	0,2479	0,1788	3439	2554	885
L09707	1	-46,5102750	-23,5075010	2667	0,0375	0,0358	4934	3455	1479
L09708	1	-46,5011972	-23,4910374	3598	0,0278	0,0358	5673	4513	1160
L09709	2	-46,5011218	-23,4970068	2480	0,0806	0,0715	4098	3151	947
L09711	2	-46,5256831	-23,5120904	4021	0,0497	0,0715	7414	5163	2251
L09712	4	-46,5312644	-23,5048651	2786	0,1436	0,143	5242	3698	1544
L09715	1	-46,5417660	-23,5078996	2268	0,0441	0,0358	4139	2897	1242
L09717	5	-46,4987106	-23,5049643	2292	0,2182	0,1788	3848	2901	947
L09720	1	-46,5061927	-23,4971573	1578	0,0634	0,0358	2480	1979	501
L09752	2	-46,4842871	-23,5209250	1143	0,175	0,0715	2000	1551	449
L09755	4	-46,4808207	-23,5172670	2520	0,1587	0,143	4399	3291	1108
L09756	1	-46,5035712	-23,5158497	3180	0,0314	0,0358	5593	4105	1488
L09757	1	-46,4799583	-23,5263781	2015	0,0496	0,0358	3665	2771	894
L09758	1	-46,4840632	-23,5126634	2966	0,0337	0,0358	5485	3744	1741
L09760	1	-46,5123128	-23,5122863	1870	0,0535	0,0358	3618	2345	1273
L09761	1	-46,4834160	-23,5237351	1233	0,0811	0,0358	2151	1608	543
L09762	1	-46,4813689	-23,5374258	3181	0,0314	0,0358	5713	4094	1619
L09763	1	-46,4896747	-23,5160828	2228	0,0449	0,0358	3691	2807	884
L09766	12	-46,4880409	-23,5223342	3475	0,3453	0,429	6125	4652	1473
L09767	2	-46,5095837	-23,5191133	2136	0,0936	0,0715	3746	2741	1005
L09768	1	-46,4792021	-23,5282349	2012	0,0497	0,0358	3434	2685	749
L09770	4	-46,5081371	-23,5141476	2763	0,1448	0,143	5024	3413	1611
L09771	1	-46,4943893	-23,5089738	3192	0,0313	0,0358	5877	3982	1895
L09773	3	-46,4860731	-23,5267363	2945	0,1019	0,1073	4827	3741	1086
L09775	1	-46,4645114	-23,5281457	1180	0,0847	0,0358	1886	1481	405
L09780	1	-46,4939673	-23,5195032	2596	0,0385	0,0358	4433	3417	1016
L09781	2	-46,5043724	-23,5151956	911	0,2195	0,0715	1510	1166	344
L09783	1	-46,4752420	-23,5235190	4447	0,0225	0,0358	7421	5633	1788
L09922	4	-46,4327528	-23,4878458	1190	0,3361	0,143	2000	1568	432
L09923	2	-46,4212855	-23,4882306	1531	0,1306	0,0715	2520	1972	548
L09924	3	-46,4044363	-23,5213143	2034	0,1475	0,1073	3716	2844	872
L09925	2	-46,4289892	-23,4865951	4098	0,0488	0,0715	7255	5323	1932
L09926	1	-46,4100903	-23,4872826	3946	0,0253	0,0358	6777	5183	1594
L09927	2	-46,4105791	-23,5212702	3639	0,055	0,0715	6418	4656	1762
L09928	1	-46,4200714	-23,4802190	3350	0,0299	0,0358	5654	4131	1523
L09929	1	-46,4136703	-23,4837091	3959	0,0253	0,0358	6588	5137	1451
L09930	2	-46,4160982	-23,5152778	3213	0,0622	0,0715	5343	4160	1183
L09931	5	-46,4248518	-23,4746436	3594	0,1391	0,1788	5847	4535	1312
L09934	3	-46,4079760	-23,4926871	4280	0,0701	0,1073	7364	5388	1976
L09935	4	-46,4135985	-23,4998743	4252	0,0941	0,143	7458	5385	2073
L09936	1	-46,4103530	-23,5225647	2103	0,0476	0,0358	3821	2877	944
L09937	3	-46,4180284	-23,4905184	3021	0,0993	0,1073	5041	3920	1121
L09938	4	-46,4304864	-23,4825986	3466	0,1154	0,143	5946	4422	1524
L09939	8	-46,4058353	-23,5217846	3328	0,2404	0,286	5634	4378	1256
L09940	5	-46,4159193	-23,5160292	2494	0,2005	0,1788	4441	3412	1029
L09941	3	-46,4089885	-23,5011168	2267	0,1323	0,1073	3907	3021	886
L09942	6	-46,4066823	-23,5098630	3334	0,18	0,2145	5872	4480	1392
L09943	1	-46,4100104	-23,4972377	3575	0,028	0,0358	6284	4540	1744
L09944	10	-46,4089885	-23,5099210	2792	0,3582	0,3575	4837	3753	1084
L09946	4	-46,4171324	-23,4973316	1552	0,2577	0,143	2567	1991	576
L09948	2	-46,4030957	-23,5139436	1816	0,1101	0,0715	3163	2414	749
L09949	4	-46,4214494	-23,4876594	3612	0,1107	0,143	6099	4488	1611
L09950	2	-46,4230488	-23,4832865	2543	0,0786	0,0715	4173	3288	885
L09951	3	-46,4265698	-23,4780423	1572	0,1908	0,1073	2602	2034	568
L09952	3	-46,4147903	-23,4834509	2133	0,1406	0,1073	3499	2769	730
L09953	3	-46,4731140	-23,5114910	2130	0,1408	0,1073	3810	2793	1017
L09954	3	-46,4581061	-23,4953823	1804	0,1663	0,1073	3147	2304	843
L09955	2	-46,4581061	-23,4953823	1783	0,1122	0,0715	3145	2251	894
L09957	3	-46,4581172	-23,4840344	741	0,4049	0,1073	1493	995	498
L09958	4	-46,4555571	-23,4916901	2939	0,1361	0,143	5404	4032	1372
L09959	1	-46,4626811	-23,5121755	2874	0,0348	0,0358	5221	3497	1724
L09960	1	-46,4662456	-23,5033514	2103	0,0476	0,0358	3666	2754	912
L09961	2	-46,4759909	-23,5120600	2556	0,0782	0,0715	4311	3397	914
L09963	1	-46,4697092	-23,5174500	2760	0,0362	0,0358	4709	3527	1182
L09964	2	-46,4478293	-23,5112363	2288	0,0874	0,0715	3975	3015	960
L09965	3	-46,4559263	-23,4911459	2451	0,1224	0,1073	4152	3143	1009
L09966	1	-46,4707463	-23,5183632	1412	0,0708	0,0358	2465	1865	600
L09967	1	-46,4485753	-23,5009963	2271	0,044	0,0358	3893	2812	1081
L09968	2	-46,4469938	-23,5086770	2427	0,0824	0,0715	4394	2952	1442
L09969	2	-46,4652162	-23,5011465	2204	0,0907	0,0715	3832	2745	1087
L09973	1	-46,4696520	-23,5041190	2277	0,0439	0,0358	3842	2928	914
L09974	2	-46,4458454	-23,5101744	1031	0,194	0,0715	1684	1326	358
L09979	3	-46,4533158	-23,4993370	3973	0,0755	0,1073	6808	4929	1879
L10132	1	-46,7445881	-23,4500351	3272	0,0306	0,0358	5780	4132	1648
L10141	1	-46,7603206	-23,4906328	1931	0,0518	0,0358	3394	2499	895
L10144	1	-46,7399232	-23,4365548	2333	0,0429	0,0358	3666	2924	742
L10146	1	-46,7518624	-23,4341802	2704	0,037	0,0358	4539	3584	955
L10158	2	-46,3926354	-23,5832254	1568	0,1276	0,0715	2736	1965	771
L10159	8	-46,3986638	-23,5652267	1792	0,4464	0,286	2935	2258	677
L10161	2	-46,4041961	-23,5809663	1876	0,1066	0,0715	3205	2396	809
L10162	4	-46,4037340	-23,5668844	2580	0,155	0,143	4380	3282	1098
L10163	1	-46,3993980	-23,5747215	2015	0,0496	0,0358	3611	2678	933
L10164	2	-46,4000259	-23,5999090	3063	0,0653	0,0715	5283	3824	1459
L10166	3	-46,4073307	-23,5666032	3346	0,0897	0,1073	5875	4258	1617
L10167	6	-46,3942217	-23,5647062	799	0,7509	0,2145	1480	1043	437
L10168	1	-46,3812048	-23,5863795	1619	0,0618	0,0358	2724	2074	650
L10169	5	-46,4441227	-23,5965195	3830	0,1305	0,1788	6692	4988	1704
L10170	3	-46,4029258	-23,5791123	3594	0,0835	0,1073	6150	4576	1574
L10171	2	-46,3962457	-23,5991319	1706	0,1172	0,0715	2893	2180	713
L10172	3	-46,3911438	-23,5781477	2553	0,1175	0,1073	4332	3191	1141
L10173	1	-46,4070213	-23,5656205	2817	0,0355	0,0358	4782	3657	1125
L10174	2	-46,4394834	-23,5946999	2672	0,0749	0,0715	4565	3397	1168
L10176	1	-46,4272779	-23,6121140	2705	0,037	0,0358	4404	3473	931
L10177	1	-46,4190164	-23,6146521	2988	0,0335	0,0358	5509	4074	1435
L10178	2	-46,4094033	-23,5851215	3329	0,0601	0,0715	5585	4174	1411
L10179	2	-46,3916580	-23,5781044	2563	0,078	0,0715	4718	3343	1375
L10180	2	-46,4062685	-23,5831792	1633	0,1225	0,0715	2765	2101	664
L10182	2	-46,4165108	-23,5924694	2887	0,0693	0,0715	4796	3618	1178
L10183	3	-46,3957789	-23,5915363	2543	0,118	0,1073	4545	3320	1225
L10184	2	-46,3942223	-23,5789990	3555	0,0563	0,0715	6001	4511	1490
L10186	2	-46,4353757	-23,6050958	3112	0,0643	0,0715	5433	4073	1360
L10187	9	-46,3967077	-23,5644405	2905	0,3098	0,3218	5094	3653	1441
L10189	7	-46,4043421	-23,6017481	2151	0,3254	0,2503	3771	2855	916
L10190	8	-46,4063933	-23,5926393	3470	0,2305	0,286	6064	4335	1729
L10191	1	-46,4081455	-23,5938557	2942	0,034	0,0358	4794	3605	1189
L10192	2	-46,4115162	-23,5827476	2764	0,0724	0,0715	4732	3574	1158
L10193	3	-46,4414315	-23,5961736	2959	0,1014	0,1073	5227	3738	1489
L10194	11	-46,3915721	-23,5870657	3661	0,3005	0,3933	5997	4550	1447
L10197	2	-46,3997870	-23,5705358	1901	0,1052	0,0715	3155	2448	707
L10198	2	-46,4014360	-23,5912442	4177	0,0479	0,0715	6889	5203	1686
L10199	6	-46,3975433	-23,6095547	3461	0,1734	0,2145	5769	4227	1542
L10200	2	-46,4077080	-23,5934470	2037	0,0982	0,0715	3462	2558	904
L10202	4	-46,4258475	-23,5516624	1476	0,271	0,143	2694	1997	697
L10203	3	-46,4258537	-23,5660747	3386	0,0886	0,1073	6124	4511	1613
L10204	1	-46,4437362	-23,5536130	3367	0,0297	0,0358	5872	4414	1458
L10206	1	-46,4374003	-23,5499344	2591	0,0386	0,0358	4412	3400	1012
L10207	2	-46,4402616	-23,5431917	2833	0,0706	0,0715	4781	3684	1097
L10208	6	-46,4337487	-23,5491681	3521	0,1704	0,2145	6483	4451	2032
L10209	2	-46,4412380	-23,5517239	2465	0,0811	0,0715	4185	3101	1084
L10210	1	-46,4355290	-23,5413160	4313	0,0232	0,0358	7351	5434	1917
L10211	1	-46,4410384	-23,5384069	4053	0,0247	0,0358	7309	5151	2158
L10212	10	-46,4277510	-23,5498460	3585	0,2789	0,3575	6336	4627	1709
L10215	3	-46,4375782	-23,5533997	2536	0,1183	0,1073	4483	3244	1239
L10216	14	-46,4285496	-23,5394983	3748	0,3735	0,5005	6636	4916	1720
L10217	5	-46,4293241	-23,5467063	3148	0,1588	0,1788	5968	4010	1958
L10218	6	-46,4175328	-23,5652073	2492	0,2408	0,2145	4332	3281	1051
L10219	6	-46,4216949	-23,5880443	2893	0,2074	0,2145	4936	3772	1164
L10220	17	-46,4161442	-23,5651315	3039	0,5594	0,6078	5389	3972	1417
L10221	1	-46,4326224	-23,5463241	531	0,1883	0,0358	906	716	190
L10222	1	-46,4387810	-23,5470846	1896	0,0527	0,0358	3138	2443	695
L10311	2	-46,7438418	-23,6469973	3989	0,0501	0,0715	6890	4938	1952
L10313	1	-46,7409855	-23,6288859	4572	0,0219	0,0358	7434	5319	2115
L10314	1	-46,7374229	-23,6602461	3948	0,0253	0,0358	6700	4839	1861
L10316	1	-46,7406208	-23,6440978	2363	0,0423	0,0358	4428	2886	1542
L10317	1	-46,7326913	-23,6400041	1979	0,0505	0,0358	3493	2460	1033
L10320	2	-46,7456339	-23,6149639	1637	0,1222	0,0715	2637	1931	706
L10321	5	-46,7373128	-23,6532119	4481	0,1116	0,1788	7802	5537	2265
L10323	5	-46,7448452	-23,6511623	3217	0,1554	0,1788	5549	3996	1553
L10324	2	-46,7404239	-23,6491380	3708	0,0539	0,0715	6560	4602	1958
L10325	1	-46,7462436	-23,6209695	4031	0,0248	0,0358	7403	4961	2442
L10327	1	-46,7463527	-23,6415609	1596	0,0627	0,0358	2789	2043	746
L10328	7	-46,7421998	-23,6581125	3665	0,191	0,2503	6040	4563	1477
L10330	1	-46,7277244	-23,6232924	3496	0,0286	0,0358	6463	4523	1940
L10335	9	-46,7470038	-23,6574330	4546	0,198	0,3218	7984	5664	2320
L10336	3	-46,7442610	-23,6566420	3010	0,0997	0,1073	5133	3848	1285
L10338	2	-46,7534411	-23,6571085	1904	0,105	0,0715	3281	2446	835
L10340	1	-46,7551211	-23,6549905	1723	0,058	0,0358	3127	2375	752
L10341	1	-46,7410953	-23,6309880	1989	0,0503	0,0358	3371	2272	1099
L10491	1	-46,6063628	-23,6334842	2562	0,039	0,0358	4662	3165	1497
L10493	1	-46,6004969	-23,6242367	3658	0,0273	0,0358	6286	4333	1953
L10500	1	-46,6198639	-23,6259356	4553	0,022	0,0358	8580	5593	2987
L10501	2	-46,6131234	-23,6336255	3411	0,0586	0,0715	6193	4182	2011
L10503	2	-46,6068182	-23,6262334	2963	0,0675	0,0715	5466	3635	1831
L10505	2	-46,6259535	-23,6310077	2563	0,078	0,0715	4493	3160	1333
L10506	2	-46,5972438	-23,6398797	2835	0,0705	0,0715	4669	3551	1118
L10507	2	-46,6088981	-23,6130570	3204	0,0624	0,0715	5234	3891	1343
L10508	2	-46,6226811	-23,6322515	4079	0,049	0,0715	7342	5130	2212
L10510	1	-46,5992590	-23,6380620	2766	0,0362	0,0358	4728	3350	1378
L10514	1	-46,6067712	-23,6385971	3445	0,029	0,0358	5811	4310	1501
L10515	1	-46,5935567	-23,6451630	3108	0,0322	0,0358	5258	3966	1292
L10516	1	-46,6134748	-23,6571470	3833	0,0261	0,0358	5910	4608	1302
L10611	1	-46,4696904	-23,5681129	5770	0,0173	0,0358	11060	7441	3619
L10613	3	-46,4813947	-23,5513733	2971	0,101	0,1073	4901	3803	1098
L10614	1	-46,4765220	-23,5538502	1616	0,0619	0,0358	2992	2135	857
L10618	3	-46,4876555	-23,5528722	3863	0,0777	0,1073	7214	4790	2424
L10619	2	-46,4735226	-23,5580480	2559	0,0782	0,0715	4469	3296	1173
L10620	1	-46,4864496	-23,5496384	3089	0,0324	0,0358	5680	3970	1710
L10621	2	-46,4798018	-23,5438419	3988	0,0502	0,0715	7410	5062	2348
L10622	2	-46,4616617	-23,5574890	4046	0,0494	0,0715	7280	5166	2114
L10623	3	-46,4610673	-23,5638539	2685	0,1117	0,1073	4646	3537	1109
L10624	3	-46,4474483	-23,5693701	1987	0,151	0,1073	3374	2526	848
L10625	2	-46,4714895	-23,5528836	3285	0,0609	0,0715	5837	4288	1549
L10627	1	-46,4652985	-23,5546299	3666	0,0273	0,0358	6843	4619	2224
L10630	1	-46,4606590	-23,5643471	657	0,1522	0,0358	1114	874	240
L10631	1	-46,4748034	-23,5576482	753	0,1328	0,0358	1240	968	272
L10633	1	-46,4580781	-23,5527746	2129	0,047	0,0358	3815	2839	976
L10635	1	-46,6440127	-23,7047708	4681	0,0214	0,0358	8880	6015	2865
L10636	1	-46,6847532	-23,6873203	930	0,1075	0,0358	1484	1150	334
L10637	1	-46,6758032	-23,6715957	1259	0,0794	0,0358	2143	1542	601
L10639	2	-46,6668566	-23,6825593	3864	0,0518	0,0715	6372	4667	1705
L10641	1	-46,6436362	-23,7008286	3775	0,0265	0,0358	6742	4811	1931
L10642	2	-46,6355906	-23,7135071	1785	0,112	0,0715	3599	2383	1216
L10643	1	-46,6714350	-23,6978615	2344	0,0427	0,0358	4232	2899	1333
L10645	3	-46,6362933	-23,7001858	2822	0,1063	0,1073	5118	3730	1388
L10647	3	-46,6809971	-23,6837327	3113	0,0964	0,1073	5197	3757	1440
L10651	2	-46,6505536	-23,7001667	3622	0,0552	0,0715	6325	4590	1735
L10652	11	-46,6774173	-23,6820430	4275	0,2573	0,3933	7370	5418	1952
L10653	1	-46,6580576	-23,7104493	3879	0,0258	0,0358	6559	4846	1713
L10655	8	-46,6834503	-23,6829378	2922	0,2738	0,286	5153	3581	1572
L10656	1	-46,6614438	-23,6833579	2638	0,0379	0,0358	4634	3302	1332
L10657	3	-46,6712450	-23,6947528	3201	0,0937	0,1073	5811	4046	1765
L10659	1	-46,6595246	-23,6891350	2763	0,0362	0,0358	4753	3468	1285
L10660	3	-46,6730061	-23,6875554	2843	0,1055	0,1073	5133	3531	1602
L10661	3	-46,6761983	-23,6715815	3187	0,0941	0,1073	5530	3861	1669
L10663	1	-46,6656946	-23,6912971	3280	0,0305	0,0358	5926	4159	1767
L10664	2	-46,6822506	-23,6859937	2727	0,0733	0,0715	4800	3284	1516
L10667	1	-46,6484937	-23,6939898	3026	0,033	0,0358	5380	3783	1597
L10668	4	-46,6754475	-23,6898357	1623	0,2465	0,143	2747	2004	743
L10670	2	-46,6532948	-23,6930429	4054	0,0493	0,0715	7018	5197	1821
L10671	3	-46,6759703	-23,6706677	1293	0,232	0,1073	1989	1559	430
L10673	2	-46,6724425	-23,6892896	1555	0,1286	0,0715	2572	1965	607
L10716	1	-46,5727801	-23,4924991	1031	0,097	0,0358	1733	1305	428
L10717	2	-46,5630814	-23,4738195	2767	0,0723	0,0715	5120	3441	1679
L10718	1	-46,5859510	-23,4876316	2245	0,0445	0,0358	4064	2964	1100
L10724	2	-46,5897661	-23,4836253	3533	0,0566	0,0715	6457	4363	2094
L10730	1	-46,5677498	-23,4890100	1919	0,0521	0,0358	3223	2470	753
L10732	1	-46,5717637	-23,4775916	2749	0,0364	0,0358	4752	3504	1248
L10734	1	-46,5710103	-23,4865175	2594	0,0386	0,0358	4572	3267	1305
L10741	4	-46,5010529	-23,6213622	3848	0,104	0,143	6829	5091	1738
L10745	1	-46,5040533	-23,6054351	4046	0,0247	0,0358	7138	5324	1814
L10749	1	-46,5009514	-23,5953008	3234	0,0309	0,0358	5657	4320	1337
L10750	1	-46,4877685	-23,6127096	3376	0,0296	0,0358	5906	4461	1445
L10753	1	-46,4946434	-23,6191737	1413	0,0708	0,0358	2488	1908	580
L10755	2	-46,5095210	-23,5996670	3646	0,0549	0,0715	6483	4687	1796
L10756	1	-46,5031776	-23,6019735	4100	0,0244	0,0358	6948	5368	1580
L10758	1	-46,5007848	-23,6042677	3731	0,0268	0,0358	6630	4687	1943
L10759	2	-46,5020070	-23,6161748	3261	0,0613	0,0715	6105	4125	1980
L10760	1	-46,4938454	-23,6105292	2751	0,0364	0,0358	4899	3482	1417
L10761	1	-46,5060459	-23,6042916	1480	0,0676	0,0358	2549	1937	612
L10762	1	-46,5016183	-23,6011869	3850	0,026	0,0358	6508	4865	1643
L10770	1	-46,6497888	-23,4836075	744	0,1344	0,0358	1223	930	293
L10771	1	-46,6343175	-23,4756514	2471	0,0405	0,0358	3986	2974	1012
L10772	1	-46,6412490	-23,4854900	1860	0,0538	0,0358	2866	2221	645
L10773	2	-46,6378689	-23,4793297	3726	0,0537	0,0715	5957	4473	1484
L10774	5	-46,6386490	-23,4679230	2796	0,1788	0,1788	4464	3356	1108
L10777	4	-46,6334518	-23,4764864	2961	0,1351	0,143	5466	3552	1914
L10779	1	-46,6398944	-23,4854805	2414	0,0414	0,0358	4899	3028	1871
L10780	1	-46,6459828	-23,4561450	2090	0,0478	0,0358	3524	2632	892
L10781	3	-46,6492631	-23,4694520	4305	0,0697	0,1073	7868	5458	2410
L10782	8	-46,6285532	-23,4710309	2053	0,3897	0,286	3411	2494	917
L10784	1	-46,6538036	-23,4559206	2010	0,0498	0,0358	3602	2586	1016
L10786	1	-46,6509458	-23,4833087	1389	0,072	0,0358	2199	1761	438
L10787	3	-46,6597938	-23,4579944	3590	0,0836	0,1073	6710	4563	2147
L10788	2	-46,6521748	-23,4881391	2843	0,0703	0,0715	5381	3583	1798
L10789	1	-46,6351309	-23,4713832	3445	0,029	0,0358	6308	4270	2038
L10791	1	-46,6510885	-23,4620515	3736	0,0268	0,0358	6918	4639	2279
L10792	2	-46,6392692	-23,4685393	2749	0,0728	0,0715	4914	3299	1615
L10793	3	-46,6540520	-23,4791841	2694	0,1114	0,1073	4415	3409	1006
L10797	1	-46,6582380	-23,4574276	3510	0,0285	0,0358	6233	4568	1665
