cod_local	QT_VOTOS	longitude	latitude	LOC_VALID	%_LOC_V	%_CAND	QT_APTOS	QT_COMPARECIMENTO	QT_ABSTENCOES
L00084	1	-46,5895134	-23,5593568	5301	0,0189	0,6536	8807	6387	2420
L00110	1	-46,6602508	-23,5695486	2517	0,0397	0,6536	4741	2759	1982
L05566	1	-46,4352447	-23,5020281	2851	0,0351	0,6536	4735	3521	1214
L06673	1	-46,6853733	-23,7259814	3759	0,0266	0,6536	6283	4756	1527
L06675	1	-46,6881398	-23,7299942	3738	0,0268	0,6536	6186	4796	1390
L06683	1	-46,6987338	-23,7098273	2586	0,0387	0,6536	4747	3089	1658
L07575	1	-46,6365200	-23,6320743	4017	0,0249	0,6536	7103	4799	2304
L07577	2	-46,6419142	-23,6629092	3221	0,0621	1,3072	5894	4037	1857
L07581	1	-46,6363601	-23,6810716	3028	0,033	0,6536	5287	3909	1378
L07587	1	-46,6389892	-23,6729739	4038	0,0248	0,6536	6961	5171	1790
L07590	1	-46,6424477	-23,6679792	3909	0,0256	0,6536	7206	5039	2167
L07766	1	-46,7870213	-23,6430817	3412	0,0293	0,6536	6214	4373	1841
L08189	1	-46,7439953	-23,5966397	2735	0,0366	0,6536	4371	3211	1160
L08221	1	-46,7053802	-23,5795572	2467	0,0405	0,6536	4338	2752	1586
L08359	1	-46,6440225	-23,6904889	4358	0,0229	0,6536	8287	5678	2609
L08361	2	-46,6490180	-23,6808501	3642	0,0549	1,3072	6749	4652	2097
L08363	1	-46,6578420	-23,6700605	2290	0,0437	0,6536	3858	2871	987
L08365	1	-46,6383547	-23,6857440	3713	0,0269	0,6536	6684	4675	2009
L08368	1	-46,6511485	-23,6760229	3448	0,029	0,6536	6243	4435	1808
L08372	1	-46,6459844	-23,6750154	2880	0,0347	0,6536	5258	3622	1636
L08377	1	-46,6776829	-23,6644228	3581	0,0279	0,6536	6118	4373	1745
L08399	2	-46,3842236	-23,5203421	3359	0,0595	1,3072	6149	4622	1527
L08847	2	-46,7045504	-23,7542184	5925	0,0338	1,3072	10150	7592	2558
L08849	1	-46,6810095	-23,7397520	2444	0,0409	0,6536	4220	3097	1123
L08872	1	-46,6890875	-23,7386502	2798	0,0357	0,6536	4627	3538	1089
L08891	1	-46,7705221	-23,7208213	4451	0,0225	0,6536	7568	5541	2027
L08900	1	-46,7459944	-23,6760859	3870	0,0258	0,6536	6211	4807	1404
L08913	1	-46,7553528	-23,6757960	3255	0,0307	0,6536	5943	4082	1861
L08917	1	-46,7474059	-23,6737216	2586	0,0387	0,6536	4466	3168	1298
L08920	1	-46,7717602	-23,6885585	3458	0,0289	0,6536	6360	4250	2110
L08937	1	-46,7398408	-23,6738654	4636	0,0216	0,6536	7955	5725	2230
L09049	2	-46,4853651	-23,6170989	949	0,2107	1,3072	1778	1284	494
L09052	1	-46,4779483	-23,6242638	1949	0,0513	0,6536	3678	2733	945
L09062	2	-46,4892324	-23,6122890	2777	0,072	1,3072	5135	3576	1559
L09324	1	-46,6807410	-23,7669661	7735	0,0129	0,6536	13259	9980	3279
L09335	1	-46,6948722	-23,7705062	2172	0,046	0,6536	3674	2724	950
L09343	1	-46,6900236	-23,7830902	3546	0,0282	0,6536	5915	4466	1449
L09707	1	-46,5102750	-23,5075010	2667	0,0375	0,6536	4934	3455	1479
L09938	1	-46,4304864	-23,4825986	3466	0,0289	0,6536	5946	4422	1524
L09950	3	-46,4230488	-23,4832865	2543	0,118	1,9608	4173	3288	885
L10193	1	-46,4414315	-23,5961736	2959	0,0338	0,6536	5227	3738	1489
L10321	1	-46,7373128	-23,6532119	4481	0,0223	0,6536	7802	5537	2265
L10610	1	-46,4812016	-23,5483731	3878	0,0258	0,6536	6716	5098	1618
L10635	5	-46,6440127	-23,7047708	4681	0,1068	3,268	8880	6015	2865
L10638	2	-46,6371403	-23,7009481	1770	0,113	1,3072	3477	2430	1047
L10639	6	-46,6668566	-23,6825593	3864	0,1553	3,9216	6372	4667	1705
L10640	3	-46,6617264	-23,6818653	1107	0,271	1,9608	2052	1463	589
L10643	4	-46,6714350	-23,6978615	2344	0,1706	2,6144	4232	2899	1333
L10644	3	-46,6556236	-23,6824021	2836	0,1058	1,9608	4936	3557	1379
L10646	9	-46,6646874	-23,6848562	3387	0,2657	5,8824	6111	4324	1787
L10647	2	-46,6809971	-23,6837327	3113	0,0642	1,3072	5197	3757	1440
L10649	7	-46,6574272	-23,6831739	3484	0,2009	4,5752	6377	4622	1755
L10650	3	-46,6524439	-23,6886719	3624	0,0828	1,9608	6394	4556	1838
L10652	6	-46,6774173	-23,6820430	4275	0,1404	3,9216	7370	5418	1952
L10653	2	-46,6580576	-23,7104493	3879	0,0516	1,3072	6559	4846	1713
L10654	2	-46,6484762	-23,6909018	2269	0,0881	1,3072	3946	2781	1165
L10655	1	-46,6834503	-23,6829378	2922	0,0342	0,6536	5153	3581	1572
L10656	18	-46,6614438	-23,6833579	2638	0,6823	11,7647	4634	3302	1332
L10659	6	-46,6595246	-23,6891350	2763	0,2172	3,9216	4753	3468	1285
L10660	1	-46,6730061	-23,6875554	2843	0,0352	0,6536	5133	3531	1602
L10661	1	-46,6761983	-23,6715815	3187	0,0314	0,6536	5530	3861	1669
L10662	3	-46,6553293	-23,6948602	2865	0,1047	1,9608	5307	3647	1660
L10663	11	-46,6656946	-23,6912971	3280	0,3354	7,1895	5926	4159	1767
L10670	3	-46,6532948	-23,6930429	4054	0,074	1,9608	7018	5197	1821
L10671	1	-46,6759703	-23,6706677	1293	0,0773	0,6536	1989	1559	430
L10750	2	-46,4877685	-23,6127096	3376	0,0592	1,3072	5906	4461	1445
L10764	1	-46,4893958	-23,6137160	2190	0,0457	0,6536	3625	2783	842
