cod_local	QT_VOTOS	longitude	latitude	LOC_VALID	%_LOC_V	%_CAND	QT_APTOS	QT_COMPARECIMENTO	QT_ABSTENCOES
L00018	1	-46,6419109	-23,5592168	3389	0,0295	0,1946	7001	3906	3095
L00038	1	-46,6844226	-23,5340373	3156	0,0317	0,1946	5271	3545	1726
L00080	1	-46,5869070	-23,5756756	3323	0,0301	0,1946	5823	3854	1969
L00094	1	-46,6214361	-23,5534993	2393	0,0418	0,1946	4753	2932	1821
L05532	1	-46,7034029	-23,6447800	2886	0,0347	0,1946	4752	3201	1551
L05542	1	-46,7071520	-23,6499060	3093	0,0323	0,1946	5733	3640	2093
L05551	3	-46,7022860	-23,6510126	4767	0,0629	0,5837	8841	5514	3327
L05561	1	-46,4389924	-23,5145862	3097	0,0323	0,1946	5489	4147	1342
L05569	1	-46,4407439	-23,4944067	1547	0,0646	0,1946	2737	1890	847
L05614	1	-46,6407233	-23,4948591	1725	0,058	0,1946	2839	2166	673
L05630	1	-46,6433628	-23,5013965	1299	0,077	0,1946	2306	1568	738
L05634	1	-46,6264580	-23,4818440	1908	0,0524	0,1946	3707	2335	1372
L05645	1	-46,7037676	-23,5217140	2362	0,0423	0,1946	4257	2725	1532
L05656	1	-46,7433720	-23,4969505	2765	0,0362	0,1946	4919	3437	1482
L05658	3	-46,7052733	-23,5150700	2442	0,1229	0,5837	4469	2893	1576
L05661	1	-46,7443554	-23,5048937	2325	0,043	0,1946	4192	2863	1329
L05663	1	-46,7053463	-23,5246614	2188	0,0457	0,1946	4237	2584	1653
L05671	2	-46,7382418	-23,4999018	2364	0,0846	0,3891	4244	2840	1404
L05678	2	-46,7498669	-23,4969079	2593	0,0771	0,3891	4758	3251	1507
L05679	1	-46,7572703	-23,5028236	2080	0,0481	0,1946	3534	2609	925
L05687	1	-46,7293085	-23,5091600	847	0,1181	0,1946	1262	988	274
L05712	1	-46,6912249	-23,5538578	1310	0,0763	0,1946	1948	1434	514
L05716	1	-46,6975056	-23,5623803	2545	0,0393	0,1946	4027	2825	1202
L05841	1	-46,6618639	-23,5067043	2520	0,0397	0,1946	4281	2973	1308
L05844	2	-46,6552440	-23,4837840	4064	0,0492	0,3891	6975	5136	1839
L05846	12	-46,6811823	-23,4913790	3097	0,3875	2,3346	5454	4068	1386
L05849	1	-46,6657859	-23,4885740	3928	0,0255	0,1946	7229	4920	2309
L05850	1	-46,6672729	-23,4955761	2587	0,0387	0,1946	4487	3234	1253
L05851	3	-46,6632938	-23,5087770	4242	0,0707	0,5837	7237	4966	2271
L05852	2	-46,6754529	-23,4902989	2604	0,0768	0,3891	4917	3236	1681
L05853	1	-46,6576552	-23,4676225	2016	0,0496	0,1946	3658	2494	1164
L05856	1	-46,6576980	-23,5105636	3626	0,0276	0,1946	6816	4472	2344
L05859	3	-46,6755514	-23,4980697	2950	0,1017	0,5837	5525	3700	1825
L05860	9	-46,6806536	-23,4985927	2933	0,3069	1,751	5335	3608	1727
L05861	1	-46,6633902	-23,4700233	2413	0,0414	0,1946	4175	2930	1245
L05862	3	-46,6805862	-23,5028507	5531	0,0542	0,5837	9763	6800	2963
L05865	1	-46,6698247	-23,4725347	947	0,1056	0,1946	1605	1205	400
L05868	2	-46,6710286	-23,4857719	2636	0,0759	0,3891	4932	3370	1562
L05874	1	-46,6665068	-23,4702189	3203	0,0312	0,1946	5602	3899	1703
L05875	1	-46,6702128	-23,4900049	1711	0,0584	0,1946	3184	2157	1027
L05876	1	-46,6599580	-23,5051240	2430	0,0412	0,1946	4034	2954	1080
L05890	1	-46,6048373	-23,4642332	3719	0,0269	0,1946	6880	4577	2303
L05899	2	-46,6056454	-23,4658408	3170	0,0631	0,3891	5858	3789	2069
L05910	1	-46,6108766	-23,4549274	2539	0,0394	0,1946	4480	2999	1481
L05987	1	-46,6726843	-23,6097127	3510	0,0285	0,1946	5718	3982	1736
L07575	1	-46,6365200	-23,6320743	4017	0,0249	0,1946	7103	4799	2304
L07661	3	-46,7108413	-23,4971928	1645	0,1824	0,5837	2799	2020	779
L07663	2	-46,7465927	-23,4712764	2639	0,0758	0,3891	4854	3268	1586
L07667	2	-46,7261678	-23,4829058	2616	0,0765	0,3891	4926	3233	1693
L07669	1	-46,7461037	-23,4816392	3660	0,0273	0,1946	6759	4550	2209
L07672	3	-46,7132794	-23,5018341	2276	0,1318	0,5837	4138	2805	1333
L07674	1	-46,7340887	-23,4861415	1145	0,0873	0,1946	1962	1407	555
L07675	2	-46,7341179	-23,4868877	2381	0,084	0,3891	4269	2907	1362
L07677	1	-46,7174065	-23,4896350	2905	0,0344	0,1946	5357	3563	1794
L07679	4	-46,7399355	-23,4854976	1669	0,2397	0,7782	2714	2024	690
L07680	2	-46,7195562	-23,4798197	961	0,2081	0,3891	1641	1213	428
L07681	2	-46,7278522	-23,4974960	3589	0,0557	0,3891	6232	4432	1800
L07692	1	-46,4761134	-23,5015127	2666	0,0375	0,1946	4912	3325	1587
L07698	1	-46,4818882	-23,4858938	2747	0,0364	0,1946	5345	3538	1807
L07716	3	-46,6940451	-23,4986203	1924	0,1559	0,5837	3114	2268	846
L07720	1	-46,6906776	-23,4886152	2477	0,0404	0,1946	4263	2952	1311
L07721	1	-46,7021950	-23,4842550	3320	0,0301	0,1946	6150	4149	2001
L07722	1	-46,7100048	-23,4798680	2502	0,04	0,1946	4590	3267	1323
L07723	1	-46,7155090	-23,4737413	2363	0,0423	0,1946	4249	3098	1151
L07731	1	-46,6997557	-23,4958002	3556	0,0281	0,1946	6178	4337	1841
L07732	2	-46,6916354	-23,4865099	2408	0,0831	0,3891	4588	2950	1638
L07733	1	-46,7048817	-23,4913894	2387	0,0419	0,1946	4271	2986	1285
L07734	1	-46,7077799	-23,4872710	2185	0,0458	0,1946	3723	2810	913
L07736	2	-46,6899944	-23,4971911	1941	0,103	0,3891	3393	2305	1088
L07737	5	-46,6860439	-23,4985664	2566	0,1949	0,9728	4751	3195	1556
L07739	1	-46,7128806	-23,4857983	3106	0,0322	0,1946	5261	3930	1331
L07741	1	-46,6915530	-23,4896820	2900	0,0345	0,1946	4958	3548	1410
L07744	1	-46,7099716	-23,4738143	510	0,1961	0,1946	873	675	198
L07747	2	-46,6864477	-23,4984882	854	0,2342	0,3891	1465	1082	383
L07752	1	-46,7562863	-23,6156016	3810	0,0262	0,1946	6732	4937	1795
L08281	1	-46,5410608	-23,5606823	3255	0,0307	0,1946	5649	4123	1526
L08307	2	-46,5775231	-23,4668711	3245	0,0616	0,3891	6063	4171	1892
L08308	1	-46,5845419	-23,4570823	3848	0,026	0,1946	7444	5062	2382
L08327	1	-46,5339774	-23,5909237	3590	0,0279	0,1946	6889	4568	2321
L08372	1	-46,6459844	-23,6750154	2880	0,0347	0,1946	5258	3622	1636
L08379	1	-46,4032172	-23,4985582	2538	0,0394	0,1946	4585	3259	1326
L08396	1	-46,3830556	-23,4914097	2865	0,0349	0,1946	5005	3783	1222
L08929	1	-46,7383672	-23,6748485	1967	0,0508	0,1946	3174	2419	755
L08971	1	-46,7414689	-23,5502101	1483	0,0674	0,1946	2896	1900	996
L08980	1	-46,7469625	-23,5508738	2646	0,0378	0,1946	4690	3392	1298
L08984	1	-46,7484555	-23,5435228	2932	0,0341	0,1946	5430	3759	1671
L09093	1	-46,6891450	-23,4480420	1559	0,0641	0,1946	2715	1914	801
L09094	7	-46,7117310	-23,4620560	3852	0,1817	1,3619	7063	5062	2001
L09096	3	-46,6919830	-23,4800350	2740	0,1095	0,5837	4783	3354	1429
L09098	1	-46,7030593	-23,4716926	3193	0,0313	0,1946	5790	3980	1810
L09099	1	-46,6998285	-23,4605103	2820	0,0355	0,1946	4930	3583	1347
L09100	2	-46,6986546	-23,4803642	3036	0,0659	0,3891	5415	3789	1626
L09101	5	-46,6966832	-23,4469548	4193	0,1192	0,9728	7420	5285	2135
L09102	3	-46,6877814	-23,4600022	3235	0,0927	0,5837	5834	4249	1585
L09103	2	-46,6729691	-23,4629576	3071	0,0651	0,3891	5490	4096	1394
L09105	3	-46,6983080	-23,4693623	4632	0,0648	0,5837	8469	5835	2634
L09108	4	-46,6874952	-23,4598553	1493	0,2679	0,7782	2681	1920	761
L09109	4	-46,7072163	-23,4599973	3074	0,1301	0,7782	5299	3983	1316
L09112	1	-46,6975146	-23,4687553	3273	0,0306	0,1946	6109	4041	2068
L09115	1	-46,7003948	-23,4748538	1533	0,0652	0,1946	2655	1984	671
L09116	2	-46,6837802	-23,4832228	2960	0,0676	0,3891	5049	3734	1315
L09118	3	-46,6795279	-23,4641832	7883	0,0381	0,5837	15183	10348	4835
L09123	3	-46,6775348	-23,4595275	3138	0,0956	0,5837	5462	4143	1319
L09124	7	-46,6736651	-23,4709745	2675	0,2617	1,3619	4617	3454	1163
L09126	2	-46,6908864	-23,4686604	3640	0,0549	0,3891	6924	4603	2321
L09127	5	-46,6881097	-23,4507951	3748	0,1334	0,9728	6670	4918	1752
L09128	1	-46,6783972	-23,4823657	2002	0,05	0,1946	3343	2538	805
L09129	3	-46,6940812	-23,4585925	3967	0,0756	0,5837	6922	5126	1796
L09130	1	-46,6766890	-23,4765394	2390	0,0418	0,1946	4244	3085	1159
L09133	1	-46,7011104	-23,4695152	700	0,1429	0,1946	1136	907	229
L09135	1	-46,6875898	-23,4827743	3242	0,0308	0,1946	6012	4001	2011
L09137	3	-46,6974031	-23,4623180	3119	0,0962	0,5837	5897	3958	1939
L09138	2	-46,6809709	-23,4669256	2642	0,0757	0,3891	4579	3416	1163
L09140	2	-46,6847958	-23,4501963	1360	0,1471	0,3891	2370	1722	648
L09146	1	-46,6902385	-23,4621836	572	0,1748	0,1946	1001	722	279
L09644	3	-46,7595246	-23,4046073	6764	0,0444	0,5837	12622	8645	3977
L09645	21	-46,7119327	-23,4419746	3269	0,6424	4,0856	5682	4161	1521
L09647	13	-46,7170362	-23,4446937	2209	0,5885	2,5292	3864	2823	1041
L09648	34	-46,7176648	-23,4359306	3664	0,9279	6,6148	6857	4617	2240
L09649	8	-46,7155247	-23,4498055	1779	0,4497	1,5564	3423	2452	971
L09650	12	-46,7167070	-23,4450305	2708	0,4431	2,3346	4712	3446	1266
L09656	4	-46,7076665	-23,4422276	2819	0,1419	0,7782	4709	3625	1084
L09657	4	-46,7266588	-23,4265393	2406	0,1663	0,7782	4002	3119	883
L09659	17	-46,7160862	-23,4514401	2588	0,6569	3,3074	4894	3251	1643
L09660	1	-46,7415768	-23,4083171	2643	0,0378	0,1946	4472	3454	1018
L09661	11	-46,7122032	-23,4487517	1353	0,813	2,1401	2268	1720	548
L09663	2	-46,7399698	-23,4091960	1434	0,1395	0,3891	2605	1936	669
L09666	1	-46,7516173	-23,3995291	2810	0,0356	0,1946	4777	3531	1246
L09668	4	-46,7091840	-23,4464830	1307	0,306	0,7782	2147	1657	490
L09670	11	-46,7192047	-23,4348671	2032	0,5413	2,1401	3853	2568	1285
L09673	2	-46,7384315	-23,4028665	2893	0,0691	0,3891	5072	3732	1340
L09675	4	-46,7080670	-23,4494150	1143	0,35	0,7782	1981	1479	502
L09676	3	-46,7277583	-23,4386909	1807	0,166	0,5837	3125	2351	774
L09678	11	-46,7174060	-23,4409910	1966	0,5595	2,1401	3436	2563	873
L09679	9	-46,7290271	-23,4281151	2096	0,4294	1,751	3630	2766	864
L09680	10	-46,7192925	-23,4350205	2678	0,3734	1,9455	4924	3572	1352
L09681	1	-46,7207482	-23,4436328	613	0,1631	0,1946	1027	783	244
L09685	12	-46,7141265	-23,4344010	2433	0,4932	2,3346	4113	3094	1019
L09686	1	-46,7483690	-23,4177540	1820	0,0549	0,1946	3403	2398	1005
L09687	2	-46,7169255	-23,4553166	2697	0,0742	0,3891	4650	3488	1162
L09688	5	-46,7166746	-23,4347728	1683	0,2971	0,9728	2857	2153	704
L09689	11	-46,7158906	-23,4457294	1488	0,7392	2,1401	2548	1885	663
L09694	1	-46,7254060	-23,4420603	684	0,1462	0,1946	1123	892	231
L09758	4	-46,4840632	-23,5126634	2966	0,1349	0,7782	5485	3744	1741
L09783	1	-46,4752420	-23,5235190	4447	0,0225	0,1946	7421	5633	1788
L09958	1	-46,4555571	-23,4916901	2939	0,034	0,1946	5404	4032	1372
L09959	1	-46,4626811	-23,5121755	2874	0,0348	0,1946	5221	3497	1724
L09961	1	-46,4759909	-23,5120600	2556	0,0391	0,1946	4311	3397	914
L09964	1	-46,4478293	-23,5112363	2288	0,0437	0,1946	3975	3015	960
L09965	1	-46,4559263	-23,4911459	2451	0,0408	0,1946	4152	3143	1009
L09970	1	-46,4560056	-23,5122728	3898	0,0257	0,1946	6534	5016	1518
L09972	2	-46,4663780	-23,5115601	2666	0,075	0,3891	4869	3367	1502
L10133	5	-46,7369336	-23,4466755	2437	0,2052	0,9728	3928	3008	920
L10134	5	-46,7361616	-23,4500614	2869	0,1743	0,9728	5129	3556	1573
L10135	1	-46,7502212	-23,4398778	2289	0,0437	0,1946	3989	2990	999
L10136	2	-46,7342707	-23,4485696	2255	0,0887	0,3891	3877	2856	1021
L10140	2	-46,7462176	-23,4551621	1903	0,1051	0,3891	3307	2338	969
L10143	3	-46,7327693	-23,4440969	2479	0,121	0,5837	4439	3210	1229
L10144	1	-46,7399232	-23,4365548	2333	0,0429	0,1946	3666	2924	742
L10146	2	-46,7518624	-23,4341802	2704	0,074	0,3891	4539	3584	955
L10147	1	-46,7433597	-23,4559128	2088	0,0479	0,1946	3915	2589	1326
L10148	9	-46,7311790	-23,4454790	2341	0,3845	1,751	3944	2990	954
L10149	3	-46,7466848	-23,4441827	3405	0,0881	0,5837	5816	4442	1374
L10150	1	-46,7376300	-23,4559550	1157	0,0864	0,1946	1989	1497	492
L10152	6	-46,7319051	-23,4391779	3819	0,1571	1,1673	6289	4770	1519
L10153	3	-46,7291158	-23,4519438	2823	0,1063	0,5837	4774	3497	1277
L10174	1	-46,4394834	-23,5946999	2672	0,0374	0,1946	4565	3397	1168
L10176	1	-46,4272779	-23,6121140	2705	0,037	0,1946	4404	3473	931
L10206	1	-46,4374003	-23,5499344	2591	0,0386	0,1946	4412	3400	1012
L10208	1	-46,4337487	-23,5491681	3521	0,0284	0,1946	6483	4451	2032
L10213	4	-46,4350193	-23,5546910	4684	0,0854	0,7782	8573	6058	2515
L10330	1	-46,7277244	-23,6232924	3496	0,0286	0,1946	6463	4523	1940
L10342	1	-46,7280051	-23,6215451	3199	0,0313	0,1946	5761	3985	1776
L10626	1	-46,4918596	-23,5564505	1317	0,0759	0,1946	2318	1776	542
L10629	1	-46,4814410	-23,5690400	3111	0,0321	0,1946	5332	4086	1246
L10741	1	-46,5010529	-23,6213622	3848	0,026	0,1946	6829	5091	1738
L10745	1	-46,5040533	-23,6054351	4046	0,0247	0,1946	7138	5324	1814
L10762	1	-46,5016183	-23,6011869	3850	0,026	0,1946	6508	4865	1643
L10776	1	-46,6622866	-23,4787799	1314	0,0761	0,1946	2207	1705	502
L10778	3	-46,6714017	-23,4574567	4417	0,0679	0,5837	7852	5784	2068
L10788	1	-46,6521748	-23,4881391	2843	0,0352	0,1946	5381	3583	1798
L10789	1	-46,6351309	-23,4713832	3445	0,029	0,1946	6308	4270	2038
