cod_local	QT_VOTOS	longitude	latitude	LOC_VALID	%_LOC_V	%_CAND	QT_APTOS	QT_COMPARECIMENTO	QT_ABSTENCOES
L00004	1	-46,6511260	-23,5652103	5298	0,0189	0,0333	9838	5921	3917
L00008	1	-46,6464095	-23,5560819	3643	0,0274	0,0333	6983	4278	2705
L00009	1	-46,6401698	-23,5538581	823	0,1215	0,0333	1409	943	466
L00010	2	-46,6355899	-23,5623979	2996	0,0668	0,0667	5666	3638	2028
L00011	1	-46,6535747	-23,5498948	3808	0,0263	0,0333	7072	4407	2665
L00013	2	-46,6421456	-23,5572933	2899	0,069	0,0667	5416	3426	1990
L00014	12	-46,6289218	-23,5548030	2700	0,4444	0,4001	5182	3459	1723
L00015	4	-46,6368132	-23,5574886	3591	0,1114	0,1334	7151	4273	2878
L00016	5	-46,6361305	-23,5497845	2669	0,1873	0,1667	5297	3132	2165
L00018	1	-46,6419109	-23,5592168	3389	0,0295	0,0333	7001	3906	3095
L00019	2	-46,6376429	-23,5607300	2664	0,0751	0,0667	5259	3125	2134
L00020	1	-46,6376429	-23,5607300	2293	0,0436	0,0333	5052	2698	2354
L00021	1	-46,6419109	-23,5592168	3437	0,0291	0,0333	6548	4013	2535
L00022	1	-46,6521240	-23,5458002	10350	0,0097	0,0333	18525	11583	6942
L00025	1	-46,6380154	-23,5642161	2151	0,0465	0,0333	3803	2547	1256
L00026	1	-46,6351446	-23,5631017	1170	0,0855	0,0333	2088	1410	678
L00027	5	-46,6368084	-23,5498480	2635	0,1898	0,1667	5430	3072	2358
L00033	3	-46,6545420	-23,5418060	2940	0,102	0,1	4562	3313	1249
L00035	1	-46,6800459	-23,5481021	3932	0,0254	0,0333	6405	4313	2092
L00045	2	-46,6523017	-23,5318175	2128	0,094	0,0667	3940	2485	1455
L00049	2	-46,6806583	-23,5307166	4578	0,0437	0,0667	8065	5186	2879
L00058	1	-46,6432297	-23,5320752	3161	0,0316	0,0333	6470	3731	2739
L00063	2	-46,6343483	-23,5436627	2624	0,0762	0,0667	5154	3085	2069
L00064	1	-46,6278434	-23,5475185	2980	0,0336	0,0333	5641	3584	2057
L00084	1	-46,5895134	-23,5593568	5301	0,0189	0,0333	8807	6387	2420
L00094	2	-46,6214361	-23,5534993	2393	0,0836	0,0667	4753	2932	1821
L00096	1	-46,5697601	-23,5636527	4049	0,0247	0,0333	7290	5070	2220
L00106	2	-46,5939719	-23,5375195	4328	0,0462	0,0667	6924	5149	1775
L00107	1	-46,6116378	-23,5511180	2148	0,0466	0,0333	4565	2585	1980
L00113	1	-46,6642690	-23,5638420	4708	0,0212	0,0333	8733	5175	3558
L00118	1	-46,6768341	-23,5885769	2860	0,035	0,0333	5240	3249	1991
L00119	1	-46,6851323	-23,5877136	2254	0,0444	0,0333	3851	2471	1380
L00123	1	-46,6731135	-23,5792999	2804	0,0357	0,0333	4967	3078	1889
L00124	1	-46,6605835	-23,5566944	5697	0,0176	0,0333	10701	6297	4404
L00125	1	-46,6822891	-23,5834680	4924	0,0203	0,0333	9066	5408	3658
L00126	1	-46,6724723	-23,5954720	3916	0,0255	0,0333	6669	4338	2331
L00127	1	-46,6605835	-23,5566944	6318	0,0158	0,0333	11459	6999	4460
L00128	2	-46,6769068	-23,6001070	3888	0,0514	0,0667	6994	4384	2610
L00136	1	-46,6234512	-23,5608329	4167	0,024	0,0333	7421	4897	2524
L00138	1	-46,6259630	-23,5630260	2096	0,0477	0,0333	3469	2565	904
L00146	1	-46,6223857	-23,5681693	2480	0,0403	0,0333	4585	2913	1672
L00150	1	-46,6299014	-23,5758099	4050	0,0247	0,0333	6863	4657	2206
L00152	2	-46,6459660	-23,5746810	3017	0,0663	0,0667	4888	3361	1527
L00154	1	-46,6235069	-23,5745404	4329	0,0231	0,0333	7193	5134	2059
L00156	1	-46,6397771	-23,5727404	4608	0,0217	0,0333	8784	5242	3542
L00528	11	-46,7937390	-23,6862114	4929	0,2232	0,3668	8528	6298	2230
L00531	1	-46,7890987	-23,6951667	263	0,3802	0,0333	443	336	107
L00533	1	-46,7766842	-23,6810185	3832	0,0261	0,0333	6561	4847	1714
L00534	3	-46,7872371	-23,6773522	3311	0,0906	0,1	5703	4173	1530
L00535	1	-46,7885429	-23,6654381	2164	0,0462	0,0333	3718	2707	1011
L00536	4	-46,7920187	-23,6867819	3212	0,1245	0,1334	5561	4120	1441
L00537	5	-46,7846410	-23,6975287	3599	0,1389	0,1667	6096	4448	1648
L00538	2	-46,7850919	-23,7005041	671	0,2981	0,0667	1195	850	345
L00539	1	-46,7886237	-23,6861459	4146	0,0241	0,0333	7243	5328	1915
L00540	3	-46,7937648	-23,6769801	2766	0,1085	0,1	4791	3520	1271
L00541	7	-46,7778780	-23,6885051	4697	0,149	0,2334	8374	5781	2593
L00542	2	-46,7901616	-23,6750896	3768	0,0531	0,0667	6810	4643	2167
L00543	1	-46,7810676	-23,6817954	3950	0,0253	0,0333	6766	5016	1750
L00544	4	-46,7734160	-23,6802425	3538	0,1131	0,1334	6419	4341	2078
L00545	8	-46,7766899	-23,6802567	3771	0,2121	0,2668	6802	4728	2074
L00546	1	-46,7853039	-23,6768377	3484	0,0287	0,0333	6085	4510	1575
L00547	2	-46,7885429	-23,6654381	4193	0,0477	0,0667	7471	5355	2116
L00549	5	-46,7905836	-23,6983913	3552	0,1408	0,1667	6142	4535	1607
L00550	4	-46,7755198	-23,6742186	2704	0,1479	0,1334	4775	3448	1327
L00551	11	-46,7827546	-23,6998617	2755	0,3993	0,3668	4627	3392	1235
L00552	2	-46,7867141	-23,6791697	1483	0,1349	0,0667	2634	1909	725
L00555	5	-46,7999759	-23,6870539	3475	0,1439	0,1667	6174	4460	1714
L00556	1	-46,7765383	-23,6680796	2361	0,0424	0,0333	3983	2908	1075
L00557	1	-46,7925723	-23,6791753	147	0,6803	0,0333	271	200	71
L00559	1	-46,7951730	-23,6802102	2040	0,049	0,0333	3413	2489	924
L00560	1	-46,7971617	-23,6783864	2752	0,0363	0,0333	4757	3583	1174
L00561	2	-46,7797991	-23,6713610	3438	0,0582	0,0667	6027	4213	1814
L00562	1	-46,7764988	-23,6792511	2508	0,0399	0,0333	4349	3228	1121
L05530	1	-46,7007739	-23,6497088	5044	0,0198	0,0333	8236	5638	2598
L05532	1	-46,7034029	-23,6447800	2886	0,0347	0,0333	4752	3201	1551
L05533	2	-46,7012118	-23,6454413	2673	0,0748	0,0667	4610	2961	1649
L05534	1	-46,6930410	-23,6638790	5787	0,0173	0,0333	9716	6724	2992
L05535	1	-46,6912424	-23,6607866	3055	0,0327	0,0333	4525	3449	1076
L05539	2	-46,7155893	-23,6513354	1889	0,1059	0,0667	3179	2190	989
L05540	2	-46,7098940	-23,6536635	1724	0,116	0,0667	3235	2032	1203
L05541	2	-46,7153680	-23,6417200	3773	0,053	0,0667	6610	4390	2220
L05542	6	-46,7071520	-23,6499060	3093	0,194	0,2001	5733	3640	2093
L05543	1	-46,6875690	-23,6745424	2821	0,0354	0,0333	4627	3474	1153
L05547	1	-46,7031531	-23,6485078	2502	0,04	0,0333	4597	2896	1701
L05549	1	-46,7057350	-23,6332760	4550	0,022	0,0333	7718	5073	2645
L05551	4	-46,7022860	-23,6510126	4767	0,0839	0,1334	8841	5514	3327
L05561	4	-46,4389924	-23,5145862	3097	0,1292	0,1334	5489	4147	1342
L05562	1	-46,4459517	-23,5057536	2705	0,037	0,0333	4642	3367	1275
L05568	1	-46,4300003	-23,4998815	2971	0,0337	0,0333	5227	3654	1573
L05581	1	-46,4522081	-23,5171617	3935	0,0254	0,0333	6924	5015	1909
L05586	3	-46,4459252	-23,5256810	2399	0,1251	0,1	4163	3117	1046
L05591	2	-46,4544144	-23,5410443	3621	0,0552	0,0667	6839	4640	2199
L05593	3	-46,4528982	-23,5182408	3494	0,0859	0,1	6309	4695	1614
L05596	1	-46,4536228	-23,5552304	3671	0,0272	0,0333	6672	4852	1820
L05600	1	-46,4589975	-23,5302914	3067	0,0326	0,0333	5494	3916	1578
L05602	1	-46,4402958	-23,5148095	3394	0,0295	0,0333	6298	4377	1921
L05632	1	-46,6381967	-23,4939821	2961	0,0338	0,0333	5002	3517	1485
L05656	2	-46,7433720	-23,4969505	2765	0,0723	0,0667	4919	3437	1482
L05657	1	-46,6883851	-23,5246954	2280	0,0439	0,0333	3964	2619	1345
L05675	1	-46,7468883	-23,4900910	2971	0,0337	0,0333	5066	3751	1315
L05706	1	-46,6827388	-23,5501422	2508	0,0399	0,0333	4043	2732	1311
L05710	1	-46,6788148	-23,5592954	3381	0,0296	0,0333	5828	3742	2086
L05731	1	-46,5285678	-23,5250739	3128	0,032	0,0333	5872	3858	2014
L05733	1	-46,5480210	-23,5212900	2116	0,0473	0,0333	4002	2723	1279
L05735	2	-46,4932640	-23,5309670	2238	0,0894	0,0667	4145	2862	1283
L05736	2	-46,5179226	-23,5228086	3663	0,0546	0,0667	6711	4640	2071
L05755	2	-46,5179584	-23,5638358	3205	0,0624	0,0667	5295	4046	1249
L05758	1	-46,5162500	-23,5737164	2339	0,0428	0,0333	3728	2933	795
L05760	1	-46,4984532	-23,5847269	4733	0,0211	0,0333	8851	6109	2742
L05780	1	-46,5072844	-23,5706991	5535	0,0181	0,0333	10333	6962	3371
L05781	1	-46,5589094	-23,5412357	2005	0,0499	0,0333	3920	2483	1437
L05797	1	-46,5602785	-23,5363132	5811	0,0172	0,0333	9848	6857	2991
L05805	1	-46,6019251	-23,4930215	3006	0,0333	0,0333	5399	3750	1649
L05810	1	-46,5928674	-23,5005803	3037	0,0329	0,0333	5514	3674	1840
L05822	1	-46,5755961	-23,5193541	2191	0,0456	0,0333	3907	2794	1113
L05845	1	-46,6748489	-23,4996347	2821	0,0354	0,0333	4345	3361	984
L05847	1	-46,6551176	-23,4983123	3654	0,0274	0,0333	6457	4489	1968
L05848	1	-46,6506305	-23,5026837	3720	0,0269	0,0333	6771	4492	2279
L05852	2	-46,6754529	-23,4902989	2604	0,0768	0,0667	4917	3236	1681
L05855	2	-46,6512743	-23,4915758	3689	0,0542	0,0667	6598	4579	2019
L05860	1	-46,6806536	-23,4985927	2933	0,0341	0,0333	5335	3608	1727
L05862	1	-46,6805862	-23,5028507	5531	0,0181	0,0333	9763	6800	2963
L05870	1	-46,6722354	-23,4967228	2389	0,0419	0,0333	4246	3161	1085
L05879	1	-46,6100888	-23,4531726	1472	0,0679	0,0333	2453	1731	722
L05922	1	-46,5766081	-23,5796376	1138	0,0879	0,0333	1953	1397	556
L05927	2	-46,5596293	-23,5771217	1915	0,1044	0,0667	3103	2398	705
L05929	1	-46,5585843	-23,5972769	3198	0,0313	0,0333	6011	4129	1882
L05930	1	-46,5620004	-23,5788819	2521	0,0397	0,0333	4889	3094	1795
L05933	3	-46,5471739	-23,5927268	3403	0,0882	0,1	6295	4294	2001
L05937	4	-46,5435649	-23,6013500	2013	0,1987	0,1334	3580	2564	1016
L05940	2	-46,5797671	-23,5725988	1605	0,1246	0,0667	2616	1974	642
L05942	1	-46,5766081	-23,5796376	2512	0,0398	0,0333	4766	3082	1684
L05943	1	-46,5480300	-23,5998140	3286	0,0304	0,0333	5695	4099	1596
L05944	2	-46,5421787	-23,5921449	3003	0,0666	0,0667	5738	3791	1947
L05946	1	-46,5642049	-23,5759686	2719	0,0368	0,0333	4371	3343	1028
L05948	1	-46,5542887	-23,6019436	1256	0,0796	0,0333	2152	1652	500
L05950	1	-46,5543296	-23,5793590	3947	0,0253	0,0333	7538	4962	2576
L05952	1	-46,5523937	-23,5873869	2979	0,0336	0,0333	5466	3759	1707
L05955	1	-46,5775910	-23,5732024	1606	0,0623	0,0333	2687	2013	674
L05957	1	-46,5450386	-23,5985655	1975	0,0506	0,0333	3567	2479	1088
L05958	1	-46,5654838	-23,5972434	2924	0,0342	0,0333	5305	3683	1622
L05962	1	-46,5476777	-23,5952842	1070	0,0935	0,0333	1786	1360	426
L05963	1	-46,5786516	-23,5835336	1407	0,0711	0,0333	2348	1677	671
L05964	1	-46,6783620	-23,6167251	2994	0,0334	0,0333	5082	3353	1729
L05966	1	-46,6599239	-23,6127900	4523	0,0221	0,0333	8055	5113	2942
L05975	1	-46,6709636	-23,6171214	2324	0,043	0,0333	3817	2641	1176
L05980	2	-46,6536700	-23,6386552	2086	0,0959	0,0667	3437	2526	911
L05985	1	-46,6850791	-23,6183057	3742	0,0267	0,0333	6558	4258	2300
L05990	1	-46,6927807	-23,6165017	1477	0,0677	0,0333	2368	1722	646
L05994	1	-46,6880132	-23,6223740	4177	0,0239	0,0333	7394	4699	2695
L05995	1	-46,6692023	-23,5986819	4821	0,0207	0,0333	7627	5289	2338
L05996	1	-46,6390563	-23,5354119	3573	0,028	0,0333	6373	4095	2278
L05997	1	-46,6475368	-23,6025329	2704	0,037	0,0333	4279	2988	1291
L06000	1	-46,6362275	-23,5988254	5755	0,0174	0,0333	9671	6446	3225
L06002	3	-46,6235160	-23,6123380	3568	0,0841	0,1	6002	4132	1870
L06006	1	-46,6360133	-23,6258929	2395	0,0418	0,0333	4157	2791	1366
L06011	1	-46,6255542	-23,6092089	2648	0,0378	0,0333	4891	3146	1745
L06025	2	-46,6389693	-23,6190507	3888	0,0514	0,0667	6569	4406	2163
L06030	2	-46,6079927	-23,5824240	1637	0,1222	0,0667	2785	1978	807
L06038	1	-46,6043324	-23,5881805	4423	0,0226	0,0333	7818	5323	2495
L06041	1	-46,6051622	-23,5751923	2652	0,0377	0,0333	4753	3194	1559
L06047	1	-46,5866191	-23,6277500	3027	0,033	0,0333	5754	3872	1882
L06050	2	-46,5889064	-23,6343276	2672	0,0749	0,0667	4589	3469	1120
L06067	1	-46,6098374	-23,5932998	5055	0,0198	0,0333	8453	5954	2499
L06661	3	-46,7041000	-23,7108340	2709	0,1107	0,1	4548	3262	1286
L06662	1	-46,6977550	-23,7276870	2621	0,0382	0,0333	4332	3313	1019
L06663	6	-46,7157832	-23,6718387	1948	0,308	0,2001	3430	2333	1097
L06664	1	-46,7020763	-23,6853645	3332	0,03	0,0333	5602	4031	1571
L06666	9	-46,7147308	-23,6702428	2788	0,3228	0,3001	5109	3374	1735
L06667	1	-46,6985697	-23,7261191	2231	0,0448	0,0333	3856	2781	1075
L06669	6	-46,6865884	-23,7095906	3707	0,1619	0,2001	6138	4679	1459
L06671	3	-46,7092435	-23,7150718	2233	0,1343	0,1	3875	2681	1194
L06673	3	-46,6853733	-23,7259814	3759	0,0798	0,1	6283	4756	1527
L06674	1	-46,6793309	-23,7195684	3211	0,0311	0,0333	5467	4147	1320
L06675	1	-46,6881398	-23,7299942	3738	0,0268	0,0333	6186	4796	1390
L06677	2	-46,7023442	-23,7336887	3497	0,0572	0,0667	6166	4530	1636
L06678	3	-46,7003248	-23,7336023	2433	0,1233	0,1	3957	3049	908
L06679	3	-46,7081139	-23,6888596	3276	0,0916	0,1	5643	3922	1721
L06680	3	-46,7011093	-23,7188128	4508	0,0665	0,1	7833	5525	2308
L06682	1	-46,7022612	-23,7224803	3236	0,0309	0,0333	5448	4015	1433
L06683	3	-46,6987338	-23,7098273	2586	0,116	0,1	4747	3089	1658
L06684	7	-46,6863422	-23,7040675	2925	0,2393	0,2334	5005	3592	1413
L06686	1	-46,7106459	-23,6834675	3696	0,0271	0,0333	6365	4412	1953
L06687	1	-46,6995340	-23,7330324	2757	0,0363	0,0333	4736	3370	1366
L06688	2	-46,6904668	-23,7164776	3363	0,0595	0,0667	5649	4138	1511
L06690	9	-46,7105503	-23,6682255	1240	0,7258	0,3001	2248	1483	765
L06693	2	-46,7113227	-23,6667443	640	0,3125	0,0667	1046	781	265
L06695	1	-46,6958522	-23,6940299	960	0,1042	0,0333	1484	1199	285
L06697	1	-46,6911449	-23,7072227	1123	0,089	0,0333	1800	1393	407
L06698	1	-46,7036392	-23,6912906	1005	0,0995	0,0333	1575	1209	366
L07575	2	-46,6365200	-23,6320743	4017	0,0498	0,0667	7103	4799	2304
L07578	1	-46,6468602	-23,6449791	4043	0,0247	0,0333	7270	4851	2419
L07581	7	-46,6363601	-23,6810716	3028	0,2312	0,2334	5287	3909	1378
L07582	3	-46,6358025	-23,6609951	3615	0,083	0,1	6447	4637	1810
L07584	1	-46,6320328	-23,6429320	2322	0,0431	0,0333	3693	2812	881
L07585	2	-46,6489412	-23,6630793	4484	0,0446	0,0667	7661	5544	2117
L07586	6	-46,6662000	-23,6526625	4676	0,1283	0,2001	7861	5605	2256
L07587	6	-46,6389892	-23,6729739	4038	0,1486	0,2001	6961	5171	1790
L07590	4	-46,6424477	-23,6679792	3909	0,1023	0,1334	7206	5039	2167
L07591	8	-46,6361421	-23,6802843	2687	0,2977	0,2668	4849	3510	1339
L07592	1	-46,6354223	-23,6496780	2351	0,0425	0,0333	4295	2944	1351
L07595	4	-46,6355606	-23,6678098	4296	0,0931	0,1334	7638	5546	2092
L07596	1	-46,6408930	-23,6522075	3383	0,0296	0,0333	6330	4133	2197
L07597	1	-46,6535415	-23,6619014	2754	0,0363	0,0333	4727	3504	1223
L07598	1	-46,6392154	-23,6408466	3709	0,027	0,0333	6533	4338	2195
L07600	5	-46,6356262	-23,6788985	1377	0,3631	0,1667	2329	1795	534
L07603	1	-46,6370255	-23,6461670	1050	0,0952	0,0333	1674	1221	453
L07681	1	-46,7278522	-23,4974960	3589	0,0279	0,0333	6232	4432	1800
L07692	1	-46,4761134	-23,5015127	2666	0,0375	0,0333	4912	3325	1587
L07693	1	-46,4705358	-23,4926534	4113	0,0243	0,0333	7400	5306	2094
L07719	2	-46,7107558	-23,4817647	814	0,2457	0,0667	1337	1027	310
L07734	1	-46,7077799	-23,4872710	2185	0,0458	0,0333	3723	2810	913
L07750	3	-46,7708337	-23,6299871	13605	0,0221	0,1	25821	17652	8169
L07752	1	-46,7562863	-23,6156016	3810	0,0262	0,0333	6732	4937	1795
L07753	1	-46,7766842	-23,6395528	2690	0,0372	0,0333	4737	3519	1218
L07755	1	-46,7557573	-23,6290243	3980	0,0251	0,0333	6741	5172	1569
L07756	3	-46,7617923	-23,6408234	4236	0,0708	0,1	7697	5404	2293
L07758	2	-46,7701188	-23,6470003	3205	0,0624	0,0667	5536	3955	1581
L07760	3	-46,7556667	-23,6404221	3739	0,0802	0,1	6385	4685	1700
L07762	2	-46,7860069	-23,6438270	3683	0,0543	0,0667	6454	4825	1629
L07763	3	-46,7776614	-23,6511000	4197	0,0715	0,1	7100	5325	1775
L07768	1	-46,7739779	-23,6330684	2361	0,0424	0,0333	4577	2954	1623
L07769	1	-46,7686119	-23,6296456	3708	0,027	0,0333	6898	4781	2117
L07770	1	-46,7542153	-23,6198219	4129	0,0242	0,0333	7176	5149	2027
L07771	3	-46,7622591	-23,6469894	2666	0,1125	0,1	4394	3333	1061
L07772	1	-46,7607719	-23,6385695	2910	0,0344	0,0333	5170	3706	1464
L07773	2	-46,7538973	-23,6349349	4025	0,0497	0,0667	6657	5039	1618
L07774	1	-46,7498755	-23,6363346	2769	0,0361	0,0333	4952	3627	1325
L08190	1	-46,7131334	-23,6188108	3137	0,0319	0,0333	5166	3531	1635
L08196	1	-46,7208297	-23,6076803	2840	0,0352	0,0333	4752	3330	1422
L08198	1	-46,7269586	-23,5890197	3106	0,0322	0,0333	5469	3609	1860
L08199	6	-46,7202481	-23,5763764	1751	0,3427	0,2001	3121	1996	1125
L08201	1	-46,7313899	-23,5980074	3354	0,0298	0,0333	5937	3987	1950
L08212	1	-46,7546852	-23,5949824	2625	0,0381	0,0333	4694	3368	1326
L08213	3	-46,7052007	-23,6074205	2725	0,1101	0,1	4343	3206	1137
L08220	1	-46,7456903	-23,6030840	1945	0,0514	0,0333	3106	2290	816
L08225	1	-46,5100191	-23,5446064	4128	0,0242	0,0333	7026	5147	1879
L08231	1	-46,5079969	-23,5544033	2026	0,0494	0,0333	3550	2546	1004
L08233	1	-46,5151760	-23,5433139	1746	0,0573	0,0333	3085	2237	848
L08237	1	-46,5212577	-23,5434956	2878	0,0347	0,0333	5496	3656	1840
L08239	1	-46,5141185	-23,5517464	2105	0,0475	0,0333	3730	2686	1044
L08240	1	-46,4985710	-23,5542600	1414	0,0707	0,0333	2497	1881	616
L08259	2	-46,5081299	-23,5436866	2539	0,0788	0,0667	4640	3247	1393
L08271	1	-46,5489169	-23,5706004	2230	0,0448	0,0333	4306	2779	1527
L08298	1	-46,5964456	-23,4816480	2676	0,0374	0,0333	5140	3366	1774
L08312	1	-46,5846950	-23,4614040	3278	0,0305	0,0333	6142	4077	2065
L08325	5	-46,5316668	-23,6073717	2872	0,1741	0,1667	5114	3787	1327
L08326	3	-46,5355996	-23,6112794	1612	0,1861	0,1	2758	2088	670
L08327	1	-46,5339774	-23,5909237	3590	0,0279	0,0333	6889	4568	2321
L08329	3	-46,5324351	-23,6017298	2549	0,1177	0,1	4651	3215	1436
L08330	3	-46,5220144	-23,6090632	4420	0,0679	0,1	8006	5587	2419
L08331	1	-46,5224167	-23,5870214	2150	0,0465	0,0333	3937	2882	1055
L08332	1	-46,5276317	-23,6081073	3269	0,0306	0,0333	5625	4153	1472
L08334	1	-46,5237361	-23,5957342	4037	0,0248	0,0333	7533	5184	2349
L08335	1	-46,5288900	-23,6093393	3208	0,0312	0,0333	5889	4085	1804
L08336	6	-46,5384444	-23,6045283	3264	0,1838	0,2001	5992	4063	1929
L08338	2	-46,5148744	-23,5961389	3454	0,0579	0,0667	6476	4342	2134
L08341	4	-46,5326997	-23,6129223	1097	0,3646	0,1334	1917	1466	451
L08343	1	-46,5377963	-23,5816242	3112	0,0321	0,0333	5858	3912	1946
L08344	2	-46,5190849	-23,6068070	2708	0,0739	0,0667	4764	3597	1167
L08345	1	-46,5147192	-23,6040731	1897	0,0527	0,0333	3330	2446	884
L08353	2	-46,6568120	-23,6724366	2485	0,0805	0,0667	4291	3131	1160
L08354	1	-46,6718510	-23,6480180	3606	0,0277	0,0333	5953	4267	1686
L08355	1	-46,6440278	-23,6734732	359	0,2786	0,0333	615	448	167
L08356	2	-46,6748209	-23,6629694	2548	0,0785	0,0667	4677	3256	1421
L08357	3	-46,6566918	-23,6673339	2867	0,1046	0,1	5558	3511	2047
L08359	2	-46,6440225	-23,6904889	4358	0,0459	0,0667	8287	5678	2609
L08360	1	-46,6643846	-23,6634460	2151	0,0465	0,0333	3871	2637	1234
L08361	2	-46,6490180	-23,6808501	3642	0,0549	0,0667	6749	4652	2097
L08362	2	-46,6599252	-23,6645331	3182	0,0629	0,0667	5899	3877	2022
L08363	2	-46,6578420	-23,6700605	2290	0,0873	0,0667	3858	2871	987
L08364	4	-46,6666281	-23,6643337	2350	0,1702	0,1334	4231	2884	1347
L08365	1	-46,6383547	-23,6857440	3713	0,0269	0,0333	6684	4675	2009
L08366	1	-46,6568661	-23,6677858	2114	0,0473	0,0333	4127	2597	1530
L08367	3	-46,6760160	-23,6550423	3987	0,0752	0,1	6800	4757	2043
L08368	1	-46,6511485	-23,6760229	3448	0,029	0,0333	6243	4435	1808
L08369	18	-46,6692349	-23,6669498	3705	0,4858	0,6002	6566	4618	1948
L08370	7	-46,6619825	-23,6713695	2545	0,275	0,2334	4510	3118	1392
L08371	1	-46,6452777	-23,6816754	2288	0,0437	0,0333	4435	3097	1338
L08372	2	-46,6459844	-23,6750154	2880	0,0694	0,0667	5258	3622	1636
L08374	2	-46,6583497	-23,6731895	2392	0,0836	0,0667	4435	3139	1296
L08376	3	-46,6420429	-23,6817416	680	0,4412	0,1	1222	863	359
L08377	3	-46,6776829	-23,6644228	3581	0,0838	0,1	6118	4373	1745
L08394	3	-46,3870301	-23,4964237	3348	0,0896	0,1	5936	4200	1736
L08418	1	-46,3817906	-23,5034832	3675	0,0272	0,0333	6492	4833	1659
L08436	1	-46,4107031	-23,5355506	3955	0,0253	0,0333	7305	5186	2119
L08439	1	-46,4207673	-23,5460751	2866	0,0349	0,0333	5637	3838	1799
L08444	1	-46,3977921	-23,5358129	2757	0,0363	0,0333	5165	3761	1404
L08846	4	-46,6604530	-23,7438933	5276	0,0758	0,1334	8555	6524	2031
L08849	1	-46,6810095	-23,7397520	2444	0,0409	0,0333	4220	3097	1123
L08851	3	-46,7029441	-23,7482829	3251	0,0923	0,1	5688	4114	1574
L08854	2	-46,6901081	-23,7285932	1755	0,114	0,0667	3031	2265	766
L08855	2	-46,6862668	-23,7395049	2065	0,0969	0,0667	3450	2670	780
L08858	1	-46,6957840	-23,7538980	1671	0,0598	0,0333	2892	2171	721
L08860	1	-46,6895040	-23,7350676	2726	0,0367	0,0333	4411	3424	987
L08862	2	-46,6941916	-23,7361482	4568	0,0438	0,0667	8304	5797	2507
L08863	2	-46,6886063	-23,7505995	3166	0,0632	0,0667	5819	4112	1707
L08864	1	-46,6731203	-23,7622871	4632	0,0216	0,0333	7907	6053	1854
L08865	5	-46,6897118	-23,7494669	2152	0,2323	0,1667	3650	2758	892
L08866	1	-46,6833302	-23,7528996	2031	0,0492	0,0333	3523	2593	930
L08868	1	-46,6655617	-23,7587693	1918	0,0521	0,0333	3164	2426	738
L08869	2	-46,6976128	-23,7478250	3454	0,0579	0,0667	5909	4430	1479
L08870	1	-46,6818898	-23,7403681	3700	0,027	0,0333	6280	4769	1511
L08871	1	-46,6684971	-23,7532554	4993	0,02	0,0333	8570	6421	2149
L08872	2	-46,6890875	-23,7386502	2798	0,0715	0,0667	4627	3538	1089
L08874	2	-46,6701917	-23,7428868	5030	0,0398	0,0667	8684	6561	2123
L08875	4	-46,6915742	-23,7450075	3614	0,1107	0,1334	6510	4487	2023
L08876	2	-46,6681724	-23,7475017	2547	0,0785	0,0667	4140	3222	918
L08878	1	-46,6965550	-23,7515210	1325	0,0755	0,0333	2198	1720	478
L08879	1	-46,6771720	-23,7532160	2969	0,0337	0,0333	5144	3881	1263
L08880	1	-46,6703618	-23,7532358	3720	0,0269	0,0333	5940	4631	1309
L08883	1	-46,6962564	-23,7488134	1292	0,0774	0,0333	2132	1641	491
L08885	3	-46,7826347	-23,7426504	5319	0,0564	0,1	9184	6673	2511
L08887	1	-46,7821867	-23,7409511	5907	0,0169	0,0333	10173	7415	2758
L08888	52	-46,7449271	-23,6845334	3976	1,3078	1,7339	6506	4872	1634
L08889	17	-46,7529192	-23,6919752	3326	0,5111	0,5669	5647	4219	1428
L08890	1	-46,7816360	-23,7154750	1211	0,0826	0,0333	2073	1497	576
L08891	17	-46,7705221	-23,7208213	4451	0,3819	0,5669	7568	5541	2027
L08892	2	-46,7732050	-23,6978420	1070	0,1869	0,0667	1790	1342	448
L08894	2	-46,7822515	-23,7187870	4175	0,0479	0,0667	7569	5347	2222
L08895	6	-46,7563455	-23,6839424	2676	0,2242	0,2001	4670	3304	1366
L08896	5	-46,7722560	-23,6977360	3286	0,1522	0,1667	5962	4211	1751
L08897	3	-46,7579085	-23,6866996	1823	0,1646	0,1	3092	2340	752
L08898	191	-46,7422115	-23,6767859	1163	16,423	6,3688	1825	1417	408
L08899	50	-46,7296989	-23,6686244	4808	1,0399	1,6672	7532	5810	1722
L08900	184	-46,7459944	-23,6760859	3870	4,7545	6,1354	6211	4807	1404
L08901	5	-46,7645258	-23,6853526	2060	0,2427	0,1667	3371	2470	901
L08902	20	-46,7420691	-23,6929780	3706	0,5397	0,6669	6165	4741	1424
L08903	13	-46,7549903	-23,6797057	2449	0,5308	0,4335	4419	3166	1253
L08904	4	-46,7658122	-23,6917667	2592	0,1543	0,1334	4485	3296	1189
L08905	5	-46,7646740	-23,6894253	1784	0,2803	0,1667	2837	2183	654
L08906	15	-46,7756880	-23,7009931	3097	0,4843	0,5002	5172	3825	1347
L08908	4	-46,7789630	-23,7147600	3404	0,1175	0,1334	5872	4422	1450
L08909	47	-46,7343899	-23,6780392	4253	1,1051	1,5672	6926	5231	1695
L08910	2	-46,7644449	-23,7005122	3583	0,0558	0,0667	6421	4721	1700
L08911	2	-46,7895404	-23,7358720	4436	0,0451	0,0667	7779	5629	2150
L08912	4	-46,7544275	-23,6715623	3436	0,1164	0,1334	5880	4460	1420
L08913	41	-46,7553528	-23,6757960	3255	1,2596	1,3671	5943	4082	1861
L08914	3	-46,7644205	-23,6860017	2545	0,1179	0,1	4224	3108	1116
L08916	3	-46,7607341	-23,6898202	637	0,471	0,1	1036	792	244
L08917	74	-46,7474059	-23,6737216	2586	2,8616	2,4675	4466	3168	1298
L08918	8	-46,7646129	-23,6800985	3973	0,2014	0,2668	7083	4944	2139
L08919	28	-46,7518905	-23,6805097	3188	0,8783	0,9336	5387	4046	1341
L08920	1	-46,7717602	-23,6885585	3458	0,0289	0,0333	6360	4250	2110
L08921	70	-46,7477778	-23,6709060	3171	2,2075	2,3341	5519	3877	1642
L08922	14	-46,7486749	-23,6678597	2396	0,5843	0,4668	3958	3033	925
L08923	5	-46,7515278	-23,6806812	949	0,5269	0,1667	1668	1256	412
L08924	26	-46,7528366	-23,6745244	3179	0,8179	0,867	5308	3981	1327
L08925	10	-46,7637275	-23,6860902	3526	0,2836	0,3334	6017	4176	1841
L08926	1	-46,7768923	-23,6963317	2699	0,0371	0,0333	4639	3456	1183
L08927	3	-46,7602288	-23,6921984	3141	0,0955	0,1	5143	3919	1224
L08928	311	-46,7383011	-23,6797511	3519	8,8377	10,3701	5719	4390	1329
L08929	210	-46,7383672	-23,6748485	1967	10,6762	7,0023	3174	2419	755
L08930	3	-46,7603013	-23,6823176	2127	0,141	0,1	3532	2612	920
L08931	6	-46,7926628	-23,7318431	4353	0,1378	0,2001	7513	5588	1925
L08932	8	-46,7488560	-23,6665560	1906	0,4197	0,2668	3162	2420	742
L08933	22	-46,7407017	-23,6677721	3280	0,6707	0,7336	5502	4064	1438
L08934	7	-46,7701634	-23,7200619	4256	0,1645	0,2334	7146	5402	1744
L08936	9	-46,7568865	-23,7221715	4624	0,1946	0,3001	7539	5712	1827
L08937	472	-46,7398408	-23,6738654	4636	10,1812	15,7386	7955	5725	2230
L08938	2	-46,7563790	-23,6782580	1306	0,1531	0,0667	2186	1665	521
L08939	2	-46,7687891	-23,6747016	1964	0,1018	0,0667	3621	2542	1079
L08940	5	-46,7643695	-23,6705361	2617	0,1911	0,1667	4716	3439	1277
L08941	9	-46,7584936	-23,6672249	1847	0,4873	0,3001	3218	2371	847
L08943	2	-46,7619149	-23,6635947	1581	0,1265	0,0667	2777	2012	765
L08945	14	-46,7595495	-23,6741975	3422	0,4091	0,4668	5713	4273	1440
L08946	3	-46,7599809	-23,6583845	3828	0,0784	0,1	6414	4828	1586
L08947	8	-46,7588097	-23,6679219	3084	0,2594	0,2668	5635	3906	1729
L08949	3	-46,7514131	-23,6635812	2498	0,1201	0,1	4346	3049	1297
L08951	2	-46,7886418	-23,6575053	2044	0,0978	0,0667	3413	2611	802
L08952	5	-46,7676270	-23,6679840	4298	0,1163	0,1667	7695	5421	2274
L08953	1	-46,7897522	-23,6576515	2681	0,0373	0,0333	4927	3511	1416
L08954	4	-46,7664599	-23,6622186	3884	0,103	0,1334	7168	4912	2256
L08955	31	-46,7671835	-23,6773241	4100	0,7561	1,0337	7105	5165	1940
L08956	2	-46,7685672	-23,6718762	1603	0,1248	0,0667	2820	2048	772
L08957	1	-46,7797422	-23,6633017	2939	0,034	0,0333	5299	3860	1439
L08959	3	-46,7717000	-23,6780060	1598	0,1877	0,1	2710	2016	694
L08962	1	-46,7552312	-23,6597385	2495	0,0401	0,0333	4466	3243	1223
L08963	1	-46,7734927	-23,6740405	2049	0,0488	0,0333	3996	2559	1437
L08964	1	-46,7859043	-23,6612756	2404	0,0416	0,0333	4384	2994	1390
L08965	1	-46,7675970	-23,6617050	4014	0,0249	0,0333	7021	5104	1917
L08970	1	-46,7496719	-23,5825103	2692	0,0371	0,0333	4652	3312	1340
L08985	1	-46,7491328	-23,5658101	3021	0,0331	0,0333	5172	3648	1524
L08991	2	-46,7687542	-23,5959462	2154	0,0929	0,0667	3725	2823	902
L08996	1	-46,7543940	-23,5690070	2249	0,0445	0,0333	4437	2776	1661
L09019	1	-46,7313271	-23,5767877	1362	0,0734	0,0333	2150	1572	578
L09025	1	-46,7904907	-23,5952751	1505	0,0664	0,0333	2487	1890	597
L09044	1	-46,4785593	-23,5947194	2910	0,0344	0,0333	5416	3690	1726
L09054	1	-46,4796851	-23,6207251	2559	0,0391	0,0333	5002	3387	1615
L09060	1	-46,4915612	-23,5952026	2836	0,0353	0,0333	5085	3699	1386
L09064	1	-46,4444469	-23,6341908	3618	0,0276	0,0333	6385	4760	1625
L09079	1	-46,4516620	-23,6049100	1514	0,0661	0,0333	2644	1971	673
L09091	2	-46,4719748	-23,6101579	2941	0,068	0,0667	5080	3787	1293
L09092	1	-46,4703344	-23,6125189	2663	0,0376	0,0333	4922	3399	1523
L09098	1	-46,7030593	-23,4716926	3193	0,0313	0,0333	5790	3980	1810
L09138	1	-46,6809709	-23,4669256	2642	0,0379	0,0333	4579	3416	1163
L09324	4	-46,6807410	-23,7669661	7735	0,0517	0,1334	13259	9980	3279
L09329	2	-46,7322899	-23,8269933	2869	0,0697	0,0667	5349	3686	1663
L09330	1	-46,7376117	-23,8118259	2470	0,0405	0,0333	4187	3091	1096
L09332	1	-46,6902192	-23,7830774	3543	0,0282	0,0333	5840	4560	1280
L09334	1	-46,7177616	-23,7331948	2616	0,0382	0,0333	4208	3249	959
L09336	1	-46,7167371	-23,7695068	4256	0,0235	0,0333	7217	5340	1877
L09338	2	-46,7047219	-23,7660765	3374	0,0593	0,0667	5373	4248	1125
L09339	1	-46,7290105	-23,8229399	2160	0,0463	0,0333	3913	2829	1084
L09340	1	-46,7557667	-23,8674974	1613	0,062	0,0333	2893	2210	683
L09341	1	-46,6962116	-23,7633829	3630	0,0275	0,0333	5815	4452	1363
L09347	1	-46,7059302	-23,7403363	3101	0,0322	0,0333	5690	3864	1826
L09358	1	-46,7172350	-23,7608768	1918	0,0521	0,0333	3049	2354	695
L09360	2	-46,7119437	-23,7376852	1979	0,1011	0,0667	3356	2393	963
L09363	1	-46,6948722	-23,7705062	3781	0,0264	0,0333	6218	4781	1437
L09365	1	-46,7247768	-23,8302856	2009	0,0498	0,0333	3395	2519	876
L09376	1	-46,7288136	-23,8070119	698	0,1433	0,0333	1166	927	239
L09644	1	-46,7595246	-23,4046073	6764	0,0148	0,0333	12622	8645	3977
L09657	1	-46,7266588	-23,4265393	2406	0,0416	0,0333	4002	3119	883
L09665	3	-46,7886883	-23,4499804	1255	0,239	0,1	2182	1658	524
L09711	1	-46,5256831	-23,5120904	4021	0,0249	0,0333	7414	5163	2251
L09719	1	-46,5199592	-23,4989882	906	0,1104	0,0333	1573	1175	398
L09722	1	-46,5308186	-23,5118465	1247	0,0802	0,0333	2089	1595	494
L09760	2	-46,5123128	-23,5122863	1870	0,107	0,0667	3618	2345	1273
L09763	1	-46,4896747	-23,5160828	2228	0,0449	0,0333	3691	2807	884
L09765	1	-46,4693922	-23,5224683	3655	0,0274	0,0333	6254	4742	1512
L09781	2	-46,5043724	-23,5151956	911	0,2195	0,0667	1510	1166	344
L09783	1	-46,4752420	-23,5235190	4447	0,0225	0,0333	7421	5633	1788
L09935	1	-46,4135985	-23,4998743	4252	0,0235	0,0333	7458	5385	2073
L09938	1	-46,4304864	-23,4825986	3466	0,0289	0,0333	5946	4422	1524
L09955	1	-46,4581061	-23,4953823	1783	0,0561	0,0333	3145	2251	894
L09963	1	-46,4697092	-23,5174500	2760	0,0362	0,0333	4709	3527	1182
L09971	1	-46,4610139	-23,4967947	2718	0,0368	0,0333	4758	3458	1300
L10134	1	-46,7361616	-23,4500614	2869	0,0349	0,0333	5129	3556	1573
L10135	1	-46,7502212	-23,4398778	2289	0,0437	0,0333	3989	2990	999
L10140	1	-46,7462176	-23,4551621	1903	0,0525	0,0333	3307	2338	969
L10147	1	-46,7433597	-23,4559128	2088	0,0479	0,0333	3915	2589	1326
L10162	1	-46,4037340	-23,5668844	2580	0,0388	0,0333	4380	3282	1098
L10166	2	-46,4073307	-23,5666032	3346	0,0598	0,0667	5875	4258	1617
L10174	1	-46,4394834	-23,5946999	2672	0,0374	0,0333	4565	3397	1168
L10182	1	-46,4165108	-23,5924694	2887	0,0346	0,0333	4796	3618	1178
L10191	1	-46,4081455	-23,5938557	2942	0,034	0,0333	4794	3605	1189
L10193	1	-46,4414315	-23,5961736	2959	0,0338	0,0333	5227	3738	1489
L10201	1	-46,4342227	-23,5757888	1260	0,0794	0,0333	2285	1597	688
L10203	2	-46,4258537	-23,5660747	3386	0,0591	0,0667	6124	4511	1613
L10214	1	-46,4333967	-23,5385367	1399	0,0715	0,0333	2572	1879	693
L10216	1	-46,4285496	-23,5394983	3748	0,0267	0,0333	6636	4916	1720
L10220	2	-46,4161442	-23,5651315	3039	0,0658	0,0667	5389	3972	1417
L10311	3	-46,7438418	-23,6469973	3989	0,0752	0,1	6890	4938	1952
L10312	1	-46,7277244	-23,6232924	2826	0,0354	0,0333	5507	3651	1856
L10313	1	-46,7409855	-23,6288859	4572	0,0219	0,0333	7434	5319	2115
L10314	8	-46,7374229	-23,6602461	3948	0,2026	0,2668	6700	4839	1861
L10315	4	-46,7329180	-23,6456264	3655	0,1094	0,1334	6542	4487	2055
L10316	1	-46,7406208	-23,6440978	2363	0,0423	0,0333	4428	2886	1542
L10317	1	-46,7326913	-23,6400041	1979	0,0505	0,0333	3493	2460	1033
L10321	6	-46,7373128	-23,6532119	4481	0,1339	0,2001	7802	5537	2265
L10322	1	-46,7415537	-23,6615674	1588	0,063	0,0333	2564	2023	541
L10323	2	-46,7448452	-23,6511623	3217	0,0622	0,0667	5549	3996	1553
L10324	3	-46,7404239	-23,6491380	3708	0,0809	0,1	6560	4602	1958
L10326	2	-46,7816360	-23,7154750	1072	0,1866	0,0667	1844	1339	505
L10327	2	-46,7463527	-23,6415609	1596	0,1253	0,0667	2789	2043	746
L10328	4	-46,7421998	-23,6581125	3665	0,1091	0,1334	6040	4563	1477
L10329	2	-46,7515285	-23,6467951	3583	0,0558	0,0667	6346	4335	2011
L10330	1	-46,7277244	-23,6232924	3496	0,0286	0,0333	6463	4523	1940
L10331	1	-46,7579377	-23,6506764	1781	0,0561	0,0333	3012	2171	841
L10333	1	-46,7411845	-23,6324928	2557	0,0391	0,0333	4483	2941	1542
L10334	1	-46,7309023	-23,6590081	3965	0,0252	0,0333	6583	4851	1732
L10335	1	-46,7470038	-23,6574330	4546	0,022	0,0333	7984	5664	2320
L10336	3	-46,7442610	-23,6566420	3010	0,0997	0,1	5133	3848	1285
L10338	4	-46,7534411	-23,6571085	1904	0,2101	0,1334	3281	2446	835
L10339	3	-46,7419737	-23,6662638	455	0,6593	0,1	730	554	176
L10340	1	-46,7551211	-23,6549905	1723	0,058	0,0333	3127	2375	752
L10342	1	-46,7280051	-23,6215451	3199	0,0313	0,0333	5761	3985	1776
L10492	2	-46,6086090	-23,6438400	4118	0,0486	0,0667	7089	5189	1900
L10493	6	-46,6004969	-23,6242367	3658	0,164	0,2001	6286	4333	1953
L10494	5	-46,6056518	-23,6282751	4556	0,1097	0,1667	7496	5612	1884
L10498	1	-46,5966151	-23,6408907	3200	0,0312	0,0333	5549	3932	1617
L10499	2	-46,5946428	-23,6480920	1049	0,1907	0,0667	1738	1365	373
L10503	3	-46,6068182	-23,6262334	2963	0,1012	0,1	5466	3635	1831
L10506	1	-46,5972438	-23,6398797	2835	0,0353	0,0333	4669	3551	1118
L10507	2	-46,6088981	-23,6130570	3204	0,0624	0,0667	5234	3891	1343
L10517	1	-46,6050459	-23,6252795	2397	0,0417	0,0333	4071	2968	1103
L10610	1	-46,4812016	-23,5483731	3878	0,0258	0,0333	6716	5098	1618
L10611	1	-46,4696904	-23,5681129	5770	0,0173	0,0333	11060	7441	3619
L10613	1	-46,4813947	-23,5513733	2971	0,0337	0,0333	4901	3803	1098
L10615	1	-46,4563702	-23,5747489	3354	0,0298	0,0333	5745	4207	1538
L10620	3	-46,4864496	-23,5496384	3089	0,0971	0,1	5680	3970	1710
L10621	2	-46,4798018	-23,5438419	3988	0,0502	0,0667	7410	5062	2348
L10636	1	-46,6847532	-23,6873203	930	0,1075	0,0333	1484	1150	334
L10639	9	-46,6668566	-23,6825593	3864	0,2329	0,3001	6372	4667	1705
L10640	1	-46,6617264	-23,6818653	1107	0,0903	0,0333	2052	1463	589
L10641	1	-46,6436362	-23,7008286	3775	0,0265	0,0333	6742	4811	1931
L10643	1	-46,6714350	-23,6978615	2344	0,0427	0,0333	4232	2899	1333
L10644	3	-46,6556236	-23,6824021	2836	0,1058	0,1	4936	3557	1379
L10645	1	-46,6362933	-23,7001858	2822	0,0354	0,0333	5118	3730	1388
L10646	3	-46,6646874	-23,6848562	3387	0,0886	0,1	6111	4324	1787
L10647	3	-46,6809971	-23,6837327	3113	0,0964	0,1	5197	3757	1440
L10648	2	-46,6336174	-23,7033308	3476	0,0575	0,0667	6288	4717	1571
L10650	2	-46,6524439	-23,6886719	3624	0,0552	0,0667	6394	4556	1838
L10651	1	-46,6505536	-23,7001667	3622	0,0276	0,0333	6325	4590	1735
L10652	4	-46,6774173	-23,6820430	4275	0,0936	0,1334	7370	5418	1952
L10653	1	-46,6580576	-23,7104493	3879	0,0258	0,0333	6559	4846	1713
L10654	1	-46,6484762	-23,6909018	2269	0,0441	0,0333	3946	2781	1165
L10655	1	-46,6834503	-23,6829378	2922	0,0342	0,0333	5153	3581	1572
L10656	2	-46,6614438	-23,6833579	2638	0,0758	0,0667	4634	3302	1332
L10657	2	-46,6712450	-23,6947528	3201	0,0625	0,0667	5811	4046	1765
L10660	5	-46,6730061	-23,6875554	2843	0,1759	0,1667	5133	3531	1602
L10661	2	-46,6761983	-23,6715815	3187	0,0628	0,0667	5530	3861	1669
L10662	1	-46,6553293	-23,6948602	2865	0,0349	0,0333	5307	3647	1660
L10663	2	-46,6656946	-23,6912971	3280	0,061	0,0667	5926	4159	1767
L10664	1	-46,6822506	-23,6859937	2727	0,0367	0,0333	4800	3284	1516
L10666	4	-46,6654170	-23,6770470	2516	0,159	0,1334	4411	3162	1249
L10667	1	-46,6484937	-23,6939898	3026	0,033	0,0333	5380	3783	1597
L10669	1	-46,6638547	-23,6762157	2108	0,0474	0,0333	3608	2741	867
L10670	1	-46,6532948	-23,6930429	4054	0,0247	0,0333	7018	5197	1821
L10672	1	-46,6554638	-23,6936711	1054	0,0949	0,0333	1736	1348	388
L10722	1	-46,5624088	-23,4783293	2298	0,0435	0,0333	4490	2893	1597
L10724	1	-46,5897661	-23,4836253	3533	0,0283	0,0333	6457	4363	2094
L10731	1	-46,5732850	-23,4796325	3704	0,027	0,0333	7087	4869	2218
L10737	1	-46,5819128	-23,4810310	2931	0,0341	0,0333	5742	3793	1949
L10741	7	-46,5010529	-23,6213622	3848	0,1819	0,2334	6829	5091	1738
L10744	2	-46,5101702	-23,6058819	5877	0,034	0,0667	10885	7744	3141
L10745	2	-46,5040533	-23,6054351	4046	0,0494	0,0667	7138	5324	1814
L10747	1	-46,5153124	-23,6258598	2667	0,0375	0,0333	4720	3501	1219
L10750	1	-46,4877685	-23,6127096	3376	0,0296	0,0333	5906	4461	1445
L10751	4	-46,5061790	-23,6170608	3511	0,1139	0,1334	6321	4673	1648
L10752	2	-46,4907070	-23,6054790	4502	0,0444	0,0667	7815	5884	1931
L10753	2	-46,4946434	-23,6191737	1413	0,1415	0,0667	2488	1908	580
L10754	1	-46,5130142	-23,6093532	2664	0,0375	0,0333	4782	3440	1342
L10757	2	-46,5082245	-23,6128851	3263	0,0613	0,0667	5872	4151	1721
L10758	1	-46,5007848	-23,6042677	3731	0,0268	0,0333	6630	4687	1943
L10759	1	-46,5020070	-23,6161748	3261	0,0307	0,0333	6105	4125	1980
L10760	2	-46,4938454	-23,6105292	2751	0,0727	0,0667	4899	3482	1417
L10762	1	-46,5016183	-23,6011869	3850	0,026	0,0333	6508	4865	1643
L10763	1	-46,5106476	-23,6155321	908	0,1101	0,0333	1577	1210	367
L10765	5	-46,4965013	-23,6166543	3324	0,1504	0,1667	6076	4282	1794
L10781	1	-46,6492631	-23,4694520	4305	0,0232	0,0333	7868	5458	2410
L10783	1	-46,6504436	-23,4737052	1529	0,0654	0,0333	2559	1936	623
L10794	1	-46,6467400	-23,4764270	3174	0,0315	0,0333	5910	4120	1790
