cod_local	QT_VOTOS	longitude	latitude	LOC_VALID	%_LOC_V	%_CAND	QT_APTOS	QT_COMPARECIMENTO	QT_ABSTENCOES
L00012	1	-46,6461964	-23,5700830	3252	0,0308	0,2674	6283	3656	2627
L00022	3	-46,6521240	-23,5458002	10350	0,029	0,8021	18525	11583	6942
L00030	1	-46,6716846	-23,5278546	4168	0,024	0,2674	8123	4653	3470
L00036	1	-46,6671104	-23,5303076	1611	0,0621	0,2674	3037	1845	1192
L00043	1	-46,6853794	-23,5386780	2698	0,0371	0,2674	4613	3033	1580
L00046	1	-46,6555734	-23,5283610	2335	0,0428	0,2674	4656	2795	1861
L00050	1	-46,6531096	-23,5391595	3449	0,029	0,2674	6577	4007	2570
L00060	1	-46,6711550	-23,5381000	10857	0,0092	0,2674	17946	11853	6093
L00069	1	-46,6240453	-23,5332439	1765	0,0567	0,2674	3469	2192	1277
L00083	1	-46,5997287	-23,5410220	3324	0,0301	0,2674	6501	4011	2490
L00089	1	-46,5902871	-23,5470008	2261	0,0442	0,2674	4286	2820	1466
L00099	1	-46,5683158	-23,5701115	2161	0,0463	0,2674	3989	2770	1219
L00106	1	-46,5939719	-23,5375195	4328	0,0231	0,2674	6924	5149	1775
L00111	1	-46,6590182	-23,5634584	7550	0,0132	0,2674	13488	8273	5215
L00114	1	-46,6627773	-23,5790597	1545	0,0647	0,2674	2374	1668	706
L00124	1	-46,6605835	-23,5566944	5697	0,0176	0,2674	10701	6297	4404
L00129	2	-46,6486232	-23,5813704	3537	0,0565	0,5348	5654	3970	1684
L00131	2	-46,6442337	-23,5847251	4116	0,0486	0,5348	7035	4617	2418
L00132	1	-46,6416210	-23,5785510	4598	0,0217	0,2674	7651	5166	2485
L00133	4	-46,6320497	-23,5811282	2750	0,1455	1,0695	4986	3131	1855
L00134	2	-46,6358455	-23,5895447	4856	0,0412	0,5348	8425	5454	2971
L00135	1	-46,6431906	-23,5719338	4487	0,0223	0,2674	7477	5015	2462
L00136	2	-46,6234512	-23,5608329	4167	0,048	0,5348	7421	4897	2524
L00141	2	-46,6308086	-23,5650323	5144	0,0389	0,5348	9743	6059	3684
L00142	1	-46,6119113	-23,5742236	2504	0,0399	0,2674	4454	2944	1510
L00145	4	-46,6350220	-23,5881065	3012	0,1328	1,0695	5263	3410	1853
L00146	3	-46,6223857	-23,5681693	2480	0,121	0,8021	4585	2913	1672
L00147	7	-46,6251868	-23,5770987	3004	0,233	1,8717	5565	3493	2072
L00148	9	-46,6273889	-23,5872670	4439	0,2027	2,4064	7836	5122	2714
L00149	2	-46,6300092	-23,5766639	1599	0,1251	0,5348	2985	1875	1110
L00150	1	-46,6299014	-23,5758099	4050	0,0247	0,2674	6863	4657	2206
L00151	4	-46,6209441	-23,5882398	2949	0,1356	1,0695	4478	3358	1120
L00153	1	-46,6399206	-23,5899717	4323	0,0231	0,2674	6624	4826	1798
L00154	4	-46,6235069	-23,5745404	4329	0,0924	1,0695	7193	5134	2059
L00156	2	-46,6397771	-23,5727404	4608	0,0434	0,5348	8784	5242	3542
L00157	1	-46,6389836	-23,5697573	5176	0,0193	0,2674	8809	5934	2875
L00528	1	-46,7937390	-23,6862114	4929	0,0203	0,2674	8528	6298	2230
L00541	1	-46,7778780	-23,6885051	4697	0,0213	0,2674	8374	5781	2593
L05530	1	-46,7007739	-23,6497088	5044	0,0198	0,2674	8236	5638	2598
L05531	1	-46,7133162	-23,6344474	2027	0,0493	0,2674	3063	2266	797
L05535	1	-46,6912424	-23,6607866	3055	0,0327	0,2674	4525	3449	1076
L05536	3	-46,6821350	-23,6631782	5321	0,0564	0,8021	8921	6173	2748
L05538	1	-46,6809074	-23,6663068	3075	0,0325	0,2674	5073	3651	1422
L05582	1	-46,4362612	-23,5281919	1912	0,0523	0,2674	3481	2438	1043
L05613	1	-46,6310064	-23,5025938	1028	0,0973	0,2674	2041	1205	836
L05623	3	-46,6405537	-23,5023028	2520	0,119	0,8021	4590	2978	1612
L05624	1	-46,6161131	-23,5004170	2563	0,039	0,2674	4896	3055	1841
L05628	1	-46,6157633	-23,4933572	2589	0,0386	0,2674	4750	3013	1737
L05650	1	-46,7098479	-23,5204991	2248	0,0445	0,2674	3855	2539	1316
L05651	1	-46,7004969	-23,5385244	1604	0,0623	0,2674	2858	1850	1008
L05656	1	-46,7433720	-23,4969505	2765	0,0362	0,2674	4919	3437	1482
L05693	1	-46,6769917	-23,5570934	4108	0,0243	0,2674	6768	4547	2221
L05698	1	-46,7044200	-23,5423500	1912	0,0523	0,2674	2816	2116	700
L05700	1	-46,7170159	-23,5510140	4888	0,0205	0,2674	7257	5167	2090
L05730	1	-46,5498247	-23,5164939	1446	0,0692	0,2674	2917	1826	1091
L05749	1	-46,5657556	-23,5447205	2552	0,0392	0,2674	4152	3034	1118
L05750	1	-46,5686249	-23,5424482	4557	0,0219	0,2674	7587	5295	2292
L05752	4	-46,5494401	-23,5441268	4128	0,0969	1,0695	7403	5019	2384
L05757	1	-46,5403970	-23,5459183	2015	0,0496	0,2674	3549	2496	1053
L05761	2	-46,5547639	-23,5507972	2499	0,08	0,5348	4611	3030	1581
L05762	1	-46,5116367	-23,5763889	1262	0,0792	0,2674	2597	1618	979
L05769	1	-46,5467092	-23,5412374	2157	0,0464	0,2674	3707	2712	995
L05772	1	-46,5679267	-23,5325642	2271	0,044	0,2674	4284	2700	1584
L05773	1	-46,5660691	-23,5558508	2623	0,0381	0,2674	4486	3058	1428
L05777	2	-46,5636721	-23,5353692	1934	0,1034	0,5348	3252	2352	900
L05805	2	-46,6019251	-23,4930215	3006	0,0665	0,5348	5399	3750	1649
L05812	1	-46,5733059	-23,5126116	2290	0,0437	0,2674	4034	2934	1100
L05818	1	-46,5907052	-23,5016081	2983	0,0335	0,2674	5429	3613	1816
L05820	1	-46,5663467	-23,5211065	3363	0,0297	0,2674	6296	4358	1938
L05844	2	-46,6552440	-23,4837840	4064	0,0492	0,5348	6975	5136	1839
L05856	1	-46,6576980	-23,5105636	3626	0,0276	0,2674	6816	4472	2344
L05890	1	-46,6048373	-23,4642332	3719	0,0269	0,2674	6880	4577	2303
L05925	1	-46,5735437	-23,5894829	2983	0,0335	0,2674	4660	3569	1091
L05926	1	-46,5852470	-23,5802350	4531	0,0221	0,2674	8206	5391	2815
L05934	1	-46,5733889	-23,5841252	2885	0,0347	0,2674	5165	3545	1620
L05937	1	-46,5435649	-23,6013500	2013	0,0497	0,2674	3580	2564	1016
L05940	2	-46,5797671	-23,5725988	1605	0,1246	0,5348	2616	1974	642
L05946	1	-46,5642049	-23,5759686	2719	0,0368	0,2674	4371	3343	1028
L05957	1	-46,5450386	-23,5985655	1975	0,0506	0,2674	3567	2479	1088
L05964	2	-46,6783620	-23,6167251	2994	0,0668	0,5348	5082	3353	1729
L05970	1	-46,6673187	-23,6261976	2521	0,0397	0,2674	4330	2895	1435
L05972	1	-46,6606590	-23,6082950	3573	0,028	0,2674	6139	4037	2102
L05974	1	-46,6641427	-23,6002288	6184	0,0162	0,2674	10325	6924	3401
L05981	1	-46,6812703	-23,6263887	3816	0,0262	0,2674	6833	4360	2473
L05996	1	-46,6390563	-23,5354119	3573	0,028	0,2674	6373	4095	2278
L05997	1	-46,6475368	-23,6025329	2704	0,037	0,2674	4279	2988	1291
L06000	6	-46,6362275	-23,5988254	5755	0,1043	1,6043	9671	6446	3225
L06001	4	-46,6367820	-23,6023840	4353	0,0919	1,0695	7231	4917	2314
L06003	1	-46,6214935	-23,6221583	2425	0,0412	0,2674	3862	2803	1059
L06007	2	-46,6165982	-23,6041985	3954	0,0506	0,5348	7269	4693	2576
L06008	1	-46,6239491	-23,6061875	2084	0,048	0,2674	3561	2425	1136
L06010	4	-46,6214969	-23,5987034	3306	0,121	1,0695	5715	3957	1758
L06012	1	-46,6319660	-23,6059990	2471	0,0405	0,2674	4092	2850	1242
L06014	1	-46,6273692	-23,6096467	1882	0,0531	0,2674	3682	2300	1382
L06015	5	-46,6448925	-23,6100010	2447	0,2043	1,3369	4269	2836	1433
L06016	1	-46,6492475	-23,5982808	2316	0,0432	0,2674	4108	2664	1444
L06017	1	-46,6348198	-23,6125399	2346	0,0426	0,2674	4142	2720	1422
L06019	3	-46,6449004	-23,6103211	2557	0,1173	0,8021	4643	2988	1655
L06021	1	-46,6335779	-23,6059257	1306	0,0766	0,2674	1946	1490	456
L06022	2	-46,6399802	-23,6207015	7560	0,0265	0,5348	11823	8719	3104
L06026	3	-46,6383254	-23,5955707	3315	0,0905	0,8021	5603	3692	1911
L06027	5	-46,6300558	-23,5928665	2573	0,1943	1,3369	4339	2922	1417
L06028	1	-46,6346346	-23,5975076	3131	0,0319	0,2674	4577	3510	1067
L06029	3	-46,6492868	-23,6040214	2036	0,1473	0,8021	3024	2307	717
L06030	2	-46,6079927	-23,5824240	1637	0,1222	0,5348	2785	1978	807
L06032	4	-46,6120690	-23,5882350	2927	0,1367	1,0695	5450	3505	1945
L06033	1	-46,6024192	-23,6158702	2415	0,0414	0,2674	4140	2950	1190
L06035	2	-46,6093832	-23,5888257	2646	0,0756	0,5348	4381	3053	1328
L06038	4	-46,6043324	-23,5881805	4423	0,0904	1,0695	7818	5323	2495
L06041	1	-46,6051622	-23,5751923	2652	0,0377	0,2674	4753	3194	1559
L06044	1	-46,6163598	-23,5850714	1098	0,0911	0,2674	2123	1307	816
L06045	4	-46,5907336	-23,5984174	3727	0,1073	1,0695	6818	4710	2108
L06048	1	-46,5945812	-23,6240333	3452	0,029	0,2674	6548	4452	2096
L06051	1	-46,6031399	-23,6063806	3228	0,031	0,2674	5899	4148	1751
L06054	1	-46,6080780	-23,6028560	3098	0,0323	0,2674	5810	3763	2047
L06055	2	-46,6096977	-23,5916041	2870	0,0697	0,5348	5430	3473	1957
L06056	11	-46,6019600	-23,5909040	5133	0,2143	2,9412	9867	6305	3562
L06057	1	-46,6013725	-23,6127005	1501	0,0666	0,2674	2879	1866	1013
L06058	2	-46,5930326	-23,5972734	2828	0,0707	0,5348	5015	3572	1443
L06064	1	-46,5956377	-23,5958120	1677	0,0596	0,2674	3055	2103	952
L06065	1	-46,6119497	-23,5892321	3011	0,0332	0,2674	5516	3638	1878
L06067	3	-46,6098374	-23,5932998	5055	0,0593	0,8021	8453	5954	2499
L06672	1	-46,7004276	-23,7112720	3395	0,0295	0,2674	6059	4083	1976
L06673	2	-46,6853733	-23,7259814	3759	0,0532	0,5348	6283	4756	1527
L06676	1	-46,6947263	-23,7122284	3026	0,033	0,2674	5161	3620	1541
L06682	2	-46,7022612	-23,7224803	3236	0,0618	0,5348	5448	4015	1433
L06688	1	-46,6904668	-23,7164776	3363	0,0297	0,2674	5649	4138	1511
L06697	1	-46,6911449	-23,7072227	1123	0,089	0,2674	1800	1393	407
L07577	2	-46,6419142	-23,6629092	3221	0,0621	0,5348	5894	4037	1857
L07585	1	-46,6489412	-23,6630793	4484	0,0223	0,2674	7661	5544	2117
L07586	1	-46,6662000	-23,6526625	4676	0,0214	0,2674	7861	5605	2256
L07591	1	-46,6361421	-23,6802843	2687	0,0372	0,2674	4849	3510	1339
L07596	1	-46,6408930	-23,6522075	3383	0,0296	0,2674	6330	4133	2197
L07607	1	-46,6434755	-23,6307074	513	0,1949	0,2674	844	592	252
L07676	1	-46,7132969	-23,4942851	2690	0,0372	0,2674	5011	3334	1677
L07681	1	-46,7278522	-23,4974960	3589	0,0279	0,2674	6232	4432	1800
L07689	1	-46,4919582	-23,5063549	2108	0,0474	0,2674	3605	2714	891
L07690	1	-46,4825992	-23,5059494	1295	0,0772	0,2674	2134	1637	497
L07700	1	-46,4851971	-23,4905377	3489	0,0287	0,2674	6056	4395	1661
L07703	1	-46,4731818	-23,5027056	2186	0,0457	0,2674	3519	2750	769
L07723	1	-46,7155090	-23,4737413	2363	0,0423	0,2674	4249	3098	1151
L07739	1	-46,7128806	-23,4857983	3106	0,0322	0,2674	5261	3930	1331
L07754	2	-46,7510131	-23,6228353	4006	0,0499	0,5348	7103	5278	1825
L08186	1	-46,7043257	-23,6097843	2189	0,0457	0,2674	3576	2546	1030
L08192	1	-46,7464051	-23,5966465	1686	0,0593	0,2674	2775	2051	724
L08200	2	-46,7298173	-23,5966128	2551	0,0784	0,5348	4499	3046	1453
L08223	1	-46,5031002	-23,5704138	1840	0,0543	0,2674	3025	2358	667
L08274	1	-46,5439614	-23,5676780	2439	0,041	0,2674	5027	3105	1922
L08276	1	-46,5458952	-23,5550134	2003	0,0499	0,2674	3017	2414	603
L08278	4	-46,5421410	-23,5610590	3394	0,1179	1,0695	6342	4245	2097
L08281	3	-46,5410608	-23,5606823	3255	0,0922	0,8021	5649	4123	1526
L08284	1	-46,5527913	-23,5614550	3182	0,0314	0,2674	5966	3914	2052
L08285	1	-46,5421019	-23,5584414	1912	0,0523	0,2674	3129	2348	781
L08296	1	-46,5867358	-23,4804731	3045	0,0328	0,2674	5362	3770	1592
L08320	1	-46,5866345	-23,4663679	2991	0,0334	0,2674	5086	3758	1328
L08337	1	-46,5124860	-23,5891800	2899	0,0345	0,2674	5040	3740	1300
L08340	1	-46,5365552	-23,5957785	3050	0,0328	0,2674	5865	3909	1956
L08343	1	-46,5377963	-23,5816242	3112	0,0321	0,2674	5858	3912	1946
L08351	1	-46,5255369	-23,5976545	4099	0,0244	0,2674	7280	5240	2040
L08354	1	-46,6718510	-23,6480180	3606	0,0277	0,2674	5953	4267	1686
L08357	1	-46,6566918	-23,6673339	2867	0,0349	0,2674	5558	3511	2047
L08358	1	-46,6595184	-23,6732345	3334	0,03	0,2674	6265	4353	1912
L08359	1	-46,6440225	-23,6904889	4358	0,0229	0,2674	8287	5678	2609
L08360	2	-46,6643846	-23,6634460	2151	0,093	0,5348	3871	2637	1234
L08363	1	-46,6578420	-23,6700605	2290	0,0437	0,2674	3858	2871	987
L08370	1	-46,6619825	-23,6713695	2545	0,0393	0,2674	4510	3118	1392
L08380	1	-46,3955110	-23,5079850	4070	0,0246	0,2674	7143	5356	1787
L08391	1	-46,3965404	-23,5176660	3624	0,0276	0,2674	6265	4666	1599
L08394	1	-46,3870301	-23,4964237	3348	0,0299	0,2674	5936	4200	1736
L08402	1	-46,3759431	-23,5147403	1122	0,0891	0,2674	1980	1519	461
L08408	1	-46,3900305	-23,4923096	2762	0,0362	0,2674	5089	3777	1312
L08438	1	-46,4254538	-23,5250259	3705	0,027	0,2674	6437	4786	1651
L08453	1	-46,4234233	-23,5381049	2084	0,048	0,2674	3936	2769	1167
L08862	1	-46,6941916	-23,7361482	4568	0,0219	0,2674	8304	5797	2507
L08864	1	-46,6731203	-23,7622871	4632	0,0216	0,2674	7907	6053	1854
L08869	1	-46,6976128	-23,7478250	3454	0,029	0,2674	5909	4430	1479
L08918	2	-46,7646129	-23,6800985	3973	0,0503	0,5348	7083	4944	2139
L08949	1	-46,7514131	-23,6635812	2498	0,04	0,2674	4346	3049	1297
L08987	1	-46,7591098	-23,5417165	2410	0,0415	0,2674	4045	2988	1057
L08989	1	-46,7421886	-23,5732813	4364	0,0229	0,2674	7754	5121	2633
L08990	1	-46,7660251	-23,5891918	3308	0,0302	0,2674	5815	4319	1496
L09007	2	-46,7358487	-23,5809482	3036	0,0659	0,5348	5300	3546	1754
L09055	1	-46,4697272	-23,6168476	2373	0,0421	0,2674	4452	3100	1352
L09057	1	-46,4881751	-23,5991604	3417	0,0293	0,2674	5868	4270	1598
L09061	1	-46,4681630	-23,6266932	2245	0,0445	0,2674	4236	3031	1205
L09065	2	-46,4573138	-23,6173317	3507	0,057	0,5348	6005	4481	1524
L09084	1	-46,4866751	-23,5892640	2723	0,0367	0,2674	4672	3532	1140
L09338	1	-46,7047219	-23,7660765	3374	0,0296	0,2674	5373	4248	1125
L09367	2	-46,7096936	-23,7717519	1892	0,1057	0,5348	3177	2421	756
L09683	1	-46,7943213	-23,4324396	3095	0,0323	0,2674	4938	3901	1037
L09701	2	-46,5067684	-23,5021411	4523	0,0442	0,5348	8238	6120	2118
L09720	1	-46,5061927	-23,4971573	1578	0,0634	0,2674	2480	1979	501
L09929	1	-46,4136703	-23,4837091	3959	0,0253	0,2674	6588	5137	1451
L09945	1	-46,4180582	-23,4867289	3677	0,0272	0,2674	6336	4651	1685
L10313	1	-46,7409855	-23,6288859	4572	0,0219	0,2674	7434	5319	2115
L10329	1	-46,7515285	-23,6467951	3583	0,0279	0,2674	6346	4335	2011
L10330	1	-46,7277244	-23,6232924	3496	0,0286	0,2674	6463	4523	1940
L10342	1	-46,7280051	-23,6215451	3199	0,0313	0,2674	5761	3985	1776
L10492	2	-46,6086090	-23,6438400	4118	0,0486	0,5348	7089	5189	1900
L10493	1	-46,6004969	-23,6242367	3658	0,0273	0,2674	6286	4333	1953
L10497	1	-46,6090050	-23,6525822	4417	0,0226	0,2674	7225	5438	1787
L10500	6	-46,6198639	-23,6259356	4553	0,1318	1,6043	8580	5593	2987
L10501	1	-46,6131234	-23,6336255	3411	0,0293	0,2674	6193	4182	2011
L10502	5	-46,6166660	-23,6283520	2618	0,191	1,3369	4677	3342	1335
L10503	2	-46,6068182	-23,6262334	2963	0,0675	0,5348	5466	3635	1831
L10508	4	-46,6226811	-23,6322515	4079	0,0981	1,0695	7342	5130	2212
L10511	2	-46,5988854	-23,6473033	3074	0,0651	0,5348	4952	3868	1084
L10632	1	-46,4857928	-23,5493032	1457	0,0686	0,2674	2432	1835	597
L10635	2	-46,6440127	-23,7047708	4681	0,0427	0,5348	8880	6015	2865
L10644	2	-46,6556236	-23,6824021	2836	0,0705	0,5348	4936	3557	1379
L10645	1	-46,6362933	-23,7001858	2822	0,0354	0,2674	5118	3730	1388
L10646	1	-46,6646874	-23,6848562	3387	0,0295	0,2674	6111	4324	1787
L10647	5	-46,6809971	-23,6837327	3113	0,1606	1,3369	5197	3757	1440
L10649	1	-46,6574272	-23,6831739	3484	0,0287	0,2674	6377	4622	1755
L10652	1	-46,6774173	-23,6820430	4275	0,0234	0,2674	7370	5418	1952
L10655	1	-46,6834503	-23,6829378	2922	0,0342	0,2674	5153	3581	1572
L10657	2	-46,6712450	-23,6947528	3201	0,0625	0,5348	5811	4046	1765
L10659	1	-46,6595246	-23,6891350	2763	0,0362	0,2674	4753	3468	1285
L10662	1	-46,6553293	-23,6948602	2865	0,0349	0,2674	5307	3647	1660
L10664	4	-46,6822506	-23,6859937	2727	0,1467	1,0695	4800	3284	1516
L10672	1	-46,6554638	-23,6936711	1054	0,0949	0,2674	1736	1348	388
L10722	1	-46,5624088	-23,4783293	2298	0,0435	0,2674	4490	2893	1597
L10723	1	-46,5874208	-23,4972108	3391	0,0295	0,2674	6308	4248	2060
L10724	1	-46,5897661	-23,4836253	3533	0,0283	0,2674	6457	4363	2094
L10726	1	-46,5861292	-23,4922494	2903	0,0344	0,2674	5395	3706	1689
L10732	1	-46,5717637	-23,4775916	2749	0,0364	0,2674	4752	3504	1248
L10750	1	-46,4877685	-23,6127096	3376	0,0296	0,2674	5906	4461	1445
L10778	1	-46,6714017	-23,4574567	4417	0,0226	0,2674	7852	5784	2068
L10794	2	-46,6467400	-23,4764270	3174	0,063	0,5348	5910	4120	1790
L10799	1	-46,6467390	-23,4772016	1155	0,0866	0,2674	1950	1447	503
