cod_local	QT_VOTOS	longitude	latitude	LOC_VALID	%_LOC_V	%_CAND	QT_APTOS	QT_COMPARECIMENTO	QT_ABSTENCOES
L00005	2	-46,6603762	-23,5406137	4082	0,049	1,1976	8248	4503	3745
L00006	2	-46,6471893	-23,5496488	4359	0,0459	1,1976	8358	5061	3297
L00011	1	-46,6535747	-23,5498948	3808	0,0263	0,5988	7072	4407	2665
L00020	1	-46,6376429	-23,5607300	2293	0,0436	0,5988	5052	2698	2354
L00022	3	-46,6521240	-23,5458002	10350	0,029	1,7964	18525	11583	6942
L00023	2	-46,6498912	-23,5493645	2834	0,0706	1,1976	4909	3201	1708
L00025	1	-46,6380154	-23,5642161	2151	0,0465	0,5988	3803	2547	1256
L00030	1	-46,6716846	-23,5278546	4168	0,024	0,5988	8123	4653	3470
L00036	1	-46,6671104	-23,5303076	1611	0,0621	0,5988	3037	1845	1192
L00039	1	-46,6663954	-23,5361229	5419	0,0185	0,5988	8062	5901	2161
L00044	1	-46,6566305	-23,5207777	1534	0,0652	0,5988	2722	1815	907
L00045	1	-46,6523017	-23,5318175	2128	0,047	0,5988	3940	2485	1455
L00050	2	-46,6531096	-23,5391595	3449	0,058	1,1976	6577	4007	2570
L00053	2	-46,6630845	-23,5450242	5945	0,0336	1,1976	9970	6457	3513
L00058	1	-46,6432297	-23,5320752	3161	0,0316	0,5988	6470	3731	2739
L00060	1	-46,6711550	-23,5381000	10857	0,0092	0,5988	17946	11853	6093
L00061	2	-46,6666956	-23,5298372	3408	0,0587	1,1976	6305	3946	2359
L00097	1	-46,5595868	-23,5719075	2559	0,0391	0,5988	4560	3187	1373
L00100	1	-46,5637915	-23,5715671	2872	0,0348	0,5988	5130	3619	1511
L00106	1	-46,5939719	-23,5375195	4328	0,0231	0,5988	6924	5149	1775
L00111	2	-46,6590182	-23,5634584	7550	0,0265	1,1976	13488	8273	5215
L00114	1	-46,6627773	-23,5790597	1545	0,0647	0,5988	2374	1668	706
L00116	1	-46,6726051	-23,5816669	2385	0,0419	0,5988	4109	2634	1475
L00121	1	-46,6790390	-23,5798975	3855	0,0259	0,5988	7199	4264	2935
L00122	1	-46,6734804	-23,5826449	2473	0,0404	0,5988	4205	2672	1533
L00124	1	-46,6605835	-23,5566944	5697	0,0176	0,5988	10701	6297	4404
L00127	1	-46,6605835	-23,5566944	6318	0,0158	0,5988	11459	6999	4460
L00150	1	-46,6299014	-23,5758099	4050	0,0247	0,5988	6863	4657	2206
L00156	2	-46,6397771	-23,5727404	4608	0,0434	1,1976	8784	5242	3542
L00542	1	-46,7901616	-23,6750896	3768	0,0265	0,5988	6810	4643	2167
L05618	4	-46,6270210	-23,5057810	1824	0,2193	2,3952	3578	2176	1402
L05620	1	-46,6405710	-23,4868210	1451	0,0689	0,5988	2771	1812	959
L05621	2	-46,6332236	-23,4899666	5271	0,0379	1,1976	8744	6129	2615
L05626	1	-46,6278934	-23,4963679	2077	0,0481	0,5988	3746	2434	1312
L05628	1	-46,6157633	-23,4933572	2589	0,0386	0,5988	4750	3013	1737
L05630	1	-46,6433628	-23,5013965	1299	0,077	0,5988	2306	1568	738
L05631	1	-46,6446670	-23,4910726	1627	0,0615	0,5988	3161	2027	1134
L05632	1	-46,6381967	-23,4939821	2961	0,0338	0,5988	5002	3517	1485
L05635	1	-46,6142540	-23,4901233	2048	0,0488	0,5988	3470	2399	1071
L05643	2	-46,7520177	-23,5161535	657	0,3044	1,1976	1121	836	285
L05650	1	-46,7098479	-23,5204991	2248	0,0445	0,5988	3855	2539	1316
L05693	1	-46,6769917	-23,5570934	4108	0,0243	0,5988	6768	4547	2221
L05701	1	-46,6827189	-23,5583923	2882	0,0347	0,5988	4777	3189	1588
L05705	1	-46,6896585	-23,5656255	3181	0,0314	0,5988	5968	3546	2422
L05708	1	-46,6938161	-23,5563030	2004	0,0499	0,5988	3625	2231	1394
L05722	1	-46,5000225	-23,5253888	2828	0,0354	0,5988	4665	3627	1038
L05737	3	-46,4989941	-23,5275262	2079	0,1443	1,7964	3862	2632	1230
L05739	5	-46,4991515	-23,5296706	3000	0,1667	2,994	5527	3909	1618
L05752	1	-46,5494401	-23,5441268	4128	0,0242	0,5988	7403	5019	2384
L05757	1	-46,5403970	-23,5459183	2015	0,0496	0,5988	3549	2496	1053
L05760	1	-46,4984532	-23,5847269	4733	0,0211	0,5988	8851	6109	2742
L05761	3	-46,5547639	-23,5507972	2499	0,12	1,7964	4611	3030	1581
L05768	1	-46,5794166	-23,5383741	2522	0,0397	0,5988	4651	2995	1656
L05783	2	-46,5747550	-23,5436990	1751	0,1142	1,1976	2933	2099	834
L05794	1	-46,5433831	-23,5503063	4135	0,0242	0,5988	6973	5037	1936
L05810	1	-46,5928674	-23,5005803	3037	0,0329	0,5988	5514	3674	1840
L05816	1	-46,5824545	-23,5151915	4574	0,0219	0,5988	8444	5563	2881
L05892	1	-46,6200080	-23,4826288	3225	0,031	0,5988	5990	3879	2111
L05898	1	-46,6085609	-23,4656759	1854	0,0539	0,5988	3105	2277	828
L05903	1	-46,5972378	-23,4563706	2628	0,0381	0,5988	4890	3280	1610
L05915	1	-46,6095277	-23,4493251	985	0,1015	0,5988	1561	1165	396
L05966	2	-46,6599239	-23,6127900	4523	0,0442	1,1976	8055	5113	2942
L05974	5	-46,6641427	-23,6002288	6184	0,0809	2,994	10325	6924	3401
L05978	2	-46,6439417	-23,6284438	2379	0,0841	1,1976	4586	2796	1790
L05982	1	-46,6821455	-23,6155051	5201	0,0192	0,5988	8875	5878	2997
L05987	1	-46,6726843	-23,6097127	3510	0,0285	0,5988	5718	3982	1736
L05989	1	-46,6718044	-23,6208493	3539	0,0283	0,5988	6412	4051	2361
L06001	1	-46,6367820	-23,6023840	4353	0,023	0,5988	7231	4917	2314
L06003	1	-46,6214935	-23,6221583	2425	0,0412	0,5988	3862	2803	1059
L06012	1	-46,6319660	-23,6059990	2471	0,0405	0,5988	4092	2850	1242
L06013	1	-46,6344010	-23,5954544	2340	0,0427	0,5988	4149	2692	1457
L06015	2	-46,6448925	-23,6100010	2447	0,0817	1,1976	4269	2836	1433
L06016	2	-46,6492475	-23,5982808	2316	0,0864	1,1976	4108	2664	1444
L06022	1	-46,6399802	-23,6207015	7560	0,0132	0,5988	11823	8719	3104
L06030	1	-46,6079927	-23,5824240	1637	0,0611	0,5988	2785	1978	807
L06033	1	-46,6024192	-23,6158702	2415	0,0414	0,5988	4140	2950	1190
L06037	1	-46,6027120	-23,6151290	1762	0,0568	0,5988	3240	2071	1169
L06041	2	-46,6051622	-23,5751923	2652	0,0754	1,1976	4753	3194	1559
L06048	1	-46,5945812	-23,6240333	3452	0,029	0,5988	6548	4452	2096
L06049	1	-46,5971870	-23,6124820	2991	0,0334	0,5988	5347	3706	1641
L06057	2	-46,6013725	-23,6127005	1501	0,1332	1,1976	2879	1866	1013
L06671	1	-46,7092435	-23,7150718	2233	0,0448	0,5988	3875	2681	1194
L06684	1	-46,6863422	-23,7040675	2925	0,0342	0,5988	5005	3592	1413
L06688	1	-46,6904668	-23,7164776	3363	0,0297	0,5988	5649	4138	1511
L07584	1	-46,6320328	-23,6429320	2322	0,0431	0,5988	3693	2812	881
L07679	1	-46,7399355	-23,4854976	1669	0,0599	0,5988	2714	2024	690
L07765	1	-46,7497115	-23,6403144	4495	0,0222	0,5988	7813	5662	2151
L08192	1	-46,7464051	-23,5966465	1686	0,0593	0,5988	2775	2051	724
L08227	1	-46,5050519	-23,5458928	1879	0,0532	0,5988	3494	2368	1126
L08235	1	-46,4958682	-23,5663286	2328	0,043	0,5988	4095	3031	1064
L08256	1	-46,5191281	-23,5450183	2851	0,0351	0,5988	5189	3512	1677
L08293	2	-46,6083813	-23,4903083	2174	0,092	1,1976	3215	2572	643
L08310	2	-46,5695747	-23,4643168	1609	0,1243	1,1976	2951	2225	726
L08324	2	-46,5186723	-23,5960943	684	0,2924	1,1976	1181	881	300
L08328	1	-46,5218639	-23,6015171	3067	0,0326	0,5988	5474	3871	1603
L08426	1	-46,4008912	-23,5381934	3356	0,0298	0,5988	6116	4546	1570
L08940	1	-46,7643695	-23,6705361	2617	0,0382	0,5988	4716	3439	1277
L08947	1	-46,7588097	-23,6679219	3084	0,0324	0,5988	5635	3906	1729
L08999	1	-46,7748594	-23,5743052	2796	0,0358	0,5988	5077	3810	1267
L09000	1	-46,7292351	-23,5745661	3100	0,0323	0,5988	5436	3579	1857
L09008	1	-46,7530566	-23,5528242	2689	0,0372	0,5988	4923	3222	1701
L09034	1	-46,7138143	-23,5687160	6650	0,015	0,5988	11871	7672	4199
L09073	2	-46,4623540	-23,6265038	2947	0,0679	1,1976	5192	3866	1326
L09671	1	-46,7508213	-23,4136565	4987	0,0201	0,5988	8189	6303	1886
L09685	1	-46,7141265	-23,4344010	2433	0,0411	0,5988	4113	3094	1019
L09780	2	-46,4939673	-23,5195032	2596	0,077	1,1976	4433	3417	1016
L09934	1	-46,4079760	-23,4926871	4280	0,0234	0,5988	7364	5388	1976
L09943	1	-46,4100104	-23,4972377	3575	0,028	0,5988	6284	4540	1744
L09958	1	-46,4555571	-23,4916901	2939	0,034	0,5988	5404	4032	1372
L10134	2	-46,7361616	-23,4500614	2869	0,0697	1,1976	5129	3556	1573
L10313	2	-46,7409855	-23,6288859	4572	0,0437	1,1976	7434	5319	2115
L10315	1	-46,7329180	-23,6456264	3655	0,0274	0,5988	6542	4487	2055
L10516	1	-46,6134748	-23,6571470	3833	0,0261	0,5988	5910	4608	1302
L10651	1	-46,6505536	-23,7001667	3622	0,0276	0,5988	6325	4590	1735
L10664	3	-46,6822506	-23,6859937	2727	0,11	1,7964	4800	3284	1516
L10760	1	-46,4938454	-23,6105292	2751	0,0364	0,5988	4899	3482	1417
L10771	1	-46,6343175	-23,4756514	2471	0,0405	0,5988	3986	2974	1012
L10773	1	-46,6378689	-23,4793297	3726	0,0268	0,5988	5957	4473	1484
L10779	5	-46,6398944	-23,4854805	2414	0,2071	2,994	4899	3028	1871
L10799	1	-46,6467390	-23,4772016	1155	0,0866	0,5988	1950	1447	503
