cod_local	QT_VOTOS	longitude	latitude	LOC_VALID	%_LOC_V	%_CAND	QT_APTOS	QT_COMPARECIMENTO	QT_ABSTENCOES
L07912	1	-46,3103340	-23,3905890	2180	0,0459	4,1667	3048	2432	616
L07915	3	-46,3212127	-23,3938680	3551	0,0845	12,5	5713	3962	1751
L07916	1	-46,3213445	-23,3976513	2978	0,0336	4,1667	4781	3364	1417
L07918	1	-46,2945207	-23,3882091	1484	0,0674	4,1667	2019	1639	380
L07920	11	-46,3330664	-23,3873841	4652	0,2365	45,8333	6887	5153	1734
L07922	2	-46,3324025	-23,3860995	2040	0,098	8,3333	3055	2333	722
L07923	2	-46,3144820	-23,3919680	1370	0,146	8,3333	2009	1553	456
L07930	1	-46,3236050	-23,3780730	2583	0,0387	4,1667	3750	2917	833
L07934	2	-46,3328503	-23,3951925	832	0,2404	8,3333	1285	949	336
