cod_local	QT_VOTOS	longitude	latitude	LOC_VALID	%_LOC_V	%_CAND	QT_APTOS	QT_COMPARECIMENTO	QT_ABSTENCOES
L06810	2	-47,0156080	-23,5949133	2579	0,0775	14,2857	3310	2780	530
L06812	1	-47,0281356	-23,6080050	1686	0,0593	7,1429	2461	1822	639
L06813	3	-46,9924679	-23,6387782	1907	0,1573	21,4286	2851	2141	710
L06816	1	-47,0068260	-23,6136179	2648	0,0378	7,1429	3686	2875	811
L06826	1	-47,0067831	-23,6058237	965	0,1036	7,1429	1268	1048	220
L06832	1	-47,0286769	-23,5980218	1727	0,0579	7,1429	2211	1859	352
L06836	1	-47,0160766	-23,6083390	1650	0,0606	7,1429	2104	1788	316
L06840	2	-47,0220476	-23,6220434	1146	0,1745	14,2857	1564	1273	291
L06841	2	-47,0027448	-23,6200461	1899	0,1053	14,2857	2801	2192	609
