cod_local	QT_VOTOS	longitude	latitude	LOC_VALID	%_LOC_V	%_CAND	QT_APTOS	QT_COMPARECIMENTO	QT_ABSTENCOES
L02724	103	-45,8440050	-23,5302910	2493	4,1316	25,6858	3383	2645	738
L02725	2	-45,8570677	-23,5260855	156	1,2821	0,4988	205	167	38
L02726	8	-45,9690603	-23,5492931	1471	0,5438	1,995	2138	1587	551
L02728	1	-45,9614447	-23,5407709	801	0,1248	0,2494	1103	871	232
L02729	76	-45,8537165	-23,5303030	1470	5,1701	18,9526	2252	1562	690
L02731	84	-45,8507963	-23,5350504	1708	4,918	20,9476	2383	1859	524
L02733	57	-45,8570858	-23,5271052	1162	4,9053	14,2145	1687	1269	418
L02736	7	-45,8497327	-23,5297529	131	5,3435	1,7456	179	136	43
L02737	63	-45,8208235	-23,5272778	1380	4,5652	15,7107	1909	1497	412
