cod_local	QT_VOTOS	longitude	latitude	LOC_VALID	%_LOC_V	%_CAND	QT_APTOS	QT_COMPARECIMENTO	QT_ABSTENCOES
L04021	5	-46,5351389	-23,4432944	3985	0,1255	0,2426	6467	4740	1727
L04022	7	-46,5189890	-23,4582225	3507	0,1996	0,3396	5353	4100	1253
L04023	7	-46,5258670	-23,4677912	1789	0,3913	0,3396	2652	2022	630
L04024	3	-46,4960476	-23,4627418	3286	0,0913	0,1456	4988	3762	1226
L04025	4	-46,5313666	-23,4665558	1293	0,3094	0,1941	1907	1463	444
L04026	10	-46,5205382	-23,4200168	3569	0,2802	0,4852	5258	4148	1110
L04027	4	-46,5348867	-23,4617458	3878	0,1031	0,1941	6011	4558	1453
L04029	8	-46,5257431	-23,4447767	3469	0,2306	0,3882	5202	4058	1144
L04030	2	-46,5250906	-23,4552952	3134	0,0638	0,097	4565	3579	986
L04031	12	-46,5178969	-23,4509497	3853	0,3114	0,5822	5561	4379	1182
L04032	3	-46,5233803	-23,4390725	1675	0,1791	0,1456	2351	1938	413
L04033	9	-46,5221381	-23,4625300	3783	0,2379	0,4367	5585	4358	1227
L04034	10	-46,5200816	-23,4395097	2036	0,4912	0,4852	2776	2341	435
L04035	5	-46,5225666	-23,4292113	1027	0,4869	0,2426	1410	1186	224
L04036	2	-46,5172187	-23,4664313	1839	0,1088	0,097	2791	2165	626
L04037	5	-46,5347298	-23,4577536	3127	0,1599	0,2426	4628	3609	1019
L04038	6	-46,5218442	-23,4280169	5014	0,1197	0,2911	6975	5763	1212
L04039	10	-46,5333820	-23,4320324	4977	0,2009	0,4852	7292	5754	1538
L04040	1	-46,5310324	-23,4403067	3573	0,028	0,0485	4916	4069	847
L04041	13	-46,5198792	-23,4405254	2510	0,5179	0,6308	3908	2965	943
L04042	2	-46,5148130	-23,4615577	3411	0,0586	0,097	5052	3997	1055
L04043	1	-46,4988962	-23,4535454	3004	0,0333	0,0485	4361	3460	901
L04045	6	-46,5182845	-23,4505855	1810	0,3315	0,2911	2690	2149	541
L04047	6	-46,5212409	-23,4239096	3765	0,1594	0,2911	5711	4457	1254
L04048	1	-46,5242122	-23,4573150	826	0,1211	0,0485	1103	941	162
L04049	4	-46,5279042	-23,4569302	1927	0,2076	0,1941	2790	2244	546
L04050	1	-46,5284889	-23,4721650	1152	0,0868	0,0485	1695	1303	392
L04054	2	-46,5247111	-23,4230992	2455	0,0815	0,097	3441	2836	605
L04055	6	-46,5326860	-23,4703600	3025	0,1983	0,2911	4827	3500	1327
L04228	1	-46,4043279	-23,4619232	3414	0,0293	0,0485	4990	4013	977
L04229	1	-46,4252641	-23,4654680	2476	0,0404	0,0485	3655	2957	698
L04231	1	-46,4014312	-23,4267677	3300	0,0303	0,0485	4744	3843	901
L04233	2	-46,3922099	-23,4750902	2611	0,0766	0,097	3680	3063	617
L04237	1	-46,4010537	-23,4628858	3866	0,0259	0,0485	5772	4602	1170
L04238	4	-46,3962862	-23,4650561	3129	0,1278	0,1941	4474	3655	819
L04239	1	-46,4117159	-23,4448235	3541	0,0282	0,0485	4961	4092	869
L04240	3	-46,3970402	-23,4775957	3125	0,096	0,1456	4896	3844	1052
L04241	1	-46,4274434	-23,4577532	3932	0,0254	0,0485	5900	4677	1223
L04242	1	-46,4110028	-23,4412045	4441	0,0225	0,0485	6679	5288	1391
L04243	3	-46,4190397	-23,4390357	4665	0,0643	0,1456	6705	5509	1196
L04246	1	-46,4183363	-23,4566057	2701	0,037	0,0485	3767	3124	643
L04248	2	-46,4098396	-23,4606598	2080	0,0962	0,097	3149	2441	708
L04249	4	-46,4399123	-23,4617526	1621	0,2468	0,1941	2373	1931	442
L04250	2	-46,4006412	-23,4605835	2128	0,094	0,097	3336	2530	806
L04254	1	-46,4142034	-23,4355403	1861	0,0537	0,0485	2816	2250	566
L04255	1	-46,4083672	-23,4621695	2456	0,0407	0,0485	3409	2856	553
L04256	1	-46,4196635	-23,4426294	1504	0,0665	0,0485	2063	1754	309
L04257	4	-46,4168989	-23,4502035	2158	0,1854	0,1941	3157	2540	617
L04258	1	-46,4181034	-23,4396543	1694	0,059	0,0485	2298	1986	312
L04259	1	-46,4044135	-23,4399264	2280	0,0439	0,0485	3572	2733	839
L05429	12	-46,5131387	-23,4051476	3219	0,3728	0,5822	4495	3582	913
L06590	1	-46,5422782	-23,4665988	3106	0,0322	0,0485	4688	3650	1038
L06592	6	-46,5439730	-23,4607010	2585	0,2321	0,2911	3854	3034	820
L06593	3	-46,5414079	-23,4675541	2706	0,1109	0,1456	4182	3224	958
L06594	7	-46,5388627	-23,4567760	1179	0,5937	0,3396	1732	1405	327
L06598	1	-46,5543334	-23,5001704	2493	0,0401	0,0485	3746	2920	826
L06599	2	-46,5552762	-23,4757201	4016	0,0498	0,097	5873	4680	1193
L06600	2	-46,5491135	-23,5030590	4632	0,0432	0,097	7282	5678	1604
L06602	4	-46,5492677	-23,4848483	3245	0,1233	0,1941	4911	3881	1030
L06603	1	-46,5529975	-23,4682223	3294	0,0304	0,0485	4736	3793	943
L06604	4	-46,5464811	-23,4794649	2834	0,1411	0,1941	4188	3330	858
L06605	8	-46,5423233	-23,4725448	3187	0,251	0,3882	4654	3758	896
L06606	4	-46,5368498	-23,4803586	2392	0,1672	0,1941	3486	2783	703
L06607	3	-46,5426685	-23,4588950	2362	0,127	0,1456	3496	2775	721
L06608	1	-46,5619770	-23,4625208	2255	0,0443	0,0485	3248	2626	622
L06609	1	-46,5538251	-23,4593526	1641	0,0609	0,0485	2328	1861	467
L06610	3	-46,5567765	-23,4697758	2304	0,1302	0,1456	3125	2584	541
L06611	1	-46,5502169	-23,4903597	1250	0,08	0,0485	1851	1472	379
L06612	3	-46,5384397	-23,4639462	1397	0,2147	0,1456	2056	1664	392
L06616	1	-46,5524295	-23,4793193	1363	0,0734	0,0485	2033	1639	394
L06619	3	-46,5368498	-23,4803586	597	0,5025	0,1456	945	695	250
L06620	1	-46,5509395	-23,4687509	963	0,1038	0,0485	1425	1159	266
L06621	1	-46,5505948	-23,4602271	1213	0,0824	0,0485	1733	1421	312
L06622	1	-46,5537840	-23,4681480	595	0,1681	0,0485	865	694	171
L06623	3	-46,5600699	-23,4660719	1388	0,2161	0,1456	1950	1641	309
L06624	12	-46,5045704	-23,4243582	1929	0,6221	0,5822	2744	2220	524
L06625	12	-46,5011844	-23,4290384	1688	0,7109	0,5822	2378	1894	484
L06626	4	-46,5107127	-23,4539298	2561	0,1562	0,1941	3759	3035	724
L06627	1	-46,5068802	-23,4538921	1021	0,0979	0,0485	1469	1179	290
L06628	5	-46,5095998	-23,4618149	2520	0,1984	0,2426	3580	2958	622
L06629	5	-46,5152025	-23,4480885	1944	0,2572	0,2426	2635	2163	472
L06630	92	-46,5008477	-23,4246555	3037	3,0293	4,4639	3968	3367	601
L06631	7	-46,5076553	-23,4362492	2967	0,2359	0,3396	4227	3452	775
L06632	23	-46,4933909	-23,4194569	4222	0,5448	1,116	5911	4760	1151
L06633	5	-46,5143356	-23,4331372	1089	0,4591	0,2426	1495	1261	234
L06634	11	-46,4972144	-23,4091590	3843	0,2862	0,5337	5269	4286	983
L06635	19	-46,4960369	-23,4157394	3530	0,5382	0,9219	4636	3918	718
L06636	16	-46,5010794	-23,4082922	2304	0,6944	0,7763	3067	2564	503
L06637	5	-46,4862817	-23,4057433	3315	0,1508	0,2426	4493	3728	765
L06638	10	-46,5108984	-23,4160796	3329	0,3004	0,4852	4389	3703	686
L06639	29	-46,5101307	-23,4343788	3858	0,7517	1,4071	5535	4504	1031
L06640	7	-46,5106590	-23,4439176	1975	0,3544	0,3396	2700	2282	418
L06641	33	-46,5044429	-23,4216203	4367	0,7557	1,6012	5813	4898	915
L06642	11	-46,5029171	-23,4317468	2477	0,4441	0,5337	3336	2757	579
L06643	6	-46,5046999	-23,4484229	4431	0,1354	0,2911	5949	4887	1062
L06644	8	-46,5063124	-23,4580645	2735	0,2925	0,3882	3706	3095	611
L06645	15	-46,5069535	-23,4312359	4449	0,3372	0,7278	6184	5081	1103
L06646	7	-46,5109205	-23,4407732	3152	0,2221	0,3396	4427	3643	784
L06647	12	-46,5150722	-23,4316739	2155	0,5568	0,5822	3031	2499	532
L06648	4	-46,4933909	-23,4194569	1189	0,3364	0,1941	1753	1363	390
L06649	1	-46,5101326	-23,4531041	2613	0,0383	0,0485	3756	3033	723
L06650	2	-46,4956680	-23,4116380	1041	0,1921	0,097	1442	1178	264
L06651	3	-46,5088090	-23,4152797	576	0,5208	0,1456	823	649	174
L06653	5	-46,5018088	-23,4308419	1024	0,4883	0,2426	1422	1178	244
L06654	1	-46,5099700	-23,4595725	639	0,1565	0,0485	945	752	193
L06656	1	-46,5152366	-23,4472186	487	0,2053	0,0485	744	552	192
L06657	6	-46,4932521	-23,4075649	2325	0,2581	0,2911	3254	2621	633
L06658	11	-46,5101123	-23,4286618	2248	0,4893	0,5337	3124	2562	562
L06659	3	-46,5039161	-23,4489787	1371	0,2188	0,1456	1880	1545	335
L07068	3	-46,4183034	-23,4225518	3081	0,0974	0,1456	4413	3669	744
L08497	3	-46,5560400	-23,4515991	3178	0,0944	0,1456	5027	3802	1225
L09785	4	-46,5368630	-23,4401670	1861	0,2149	0,1941	2951	2203	748
L09786	464	-46,5393572	-23,4082193	1062	43,6911	22,5133	1446	1187	259
L09787	11	-46,5659510	-23,4593190	1776	0,6194	0,5337	2810	2171	639
L09788	1	-46,5460249	-23,4541953	1554	0,0644	0,0485	2307	1827	480
L09790	2	-46,5546942	-23,4528509	2045	0,0978	0,097	3332	2503	829
L09791	19	-46,5196842	-23,3998219	1835	1,0354	0,9219	2578	2100	478
L09792	42	-46,5222530	-23,3978071	2829	1,4846	2,0378	4352	3370	982
L09793	6	-46,5414126	-23,4449188	3241	0,1851	0,2911	4997	3883	1114
L09794	2	-46,5460300	-23,4567593	1200	0,1667	0,097	1749	1407	342
L09795	5	-46,5427459	-23,4505121	3324	0,1504	0,2426	5044	3906	1138
L09796	39	-46,5546684	-23,4228617	2959	1,318	1,8923	4282	3474	808
L09797	7	-46,5645254	-23,4578160	2265	0,3091	0,3396	3525	2776	749
L09798	6	-46,5603066	-23,4492343	3120	0,1923	0,2911	5013	3800	1213
L09799	7	-46,5550646	-23,4340925	3062	0,2286	0,3396	4384	3628	756
L09800	3	-46,5484944	-23,4461673	3063	0,0979	0,1456	4917	3640	1277
L09801	499	-46,5362158	-23,4040658	2732	18,265	24,2115	3870	3112	758
L09802	5	-46,5475487	-23,4366943	1665	0,3003	0,2426	2234	1890	344
L09803	9	-46,5561613	-23,4338322	3793	0,2373	0,4367	5928	4573	1355
L09804	2	-46,5483783	-23,4363400	3017	0,0663	0,097	4500	3528	972
L09805	4	-46,5559629	-23,4447718	2534	0,1579	0,1941	3838	3014	824
L09806	11	-46,5633619	-23,4319629	3371	0,3263	0,5337	4729	3853	876
L09808	5	-46,5531760	-23,4384305	1963	0,2547	0,2426	3071	2353	718
L09809	8	-46,5629586	-23,4343390	2004	0,3992	0,3882	2912	2323	589
L09810	7	-46,5511363	-23,4262958	1566	0,447	0,3396	2287	1826	461
L09811	1	-46,5405794	-23,4474493	1305	0,0766	0,0485	1989	1517	472
L09812	5	-46,5448990	-23,4279439	2677	0,1868	0,2426	3946	3184	762
L09813	3	-46,5689968	-23,4538313	639	0,4695	0,1456	961	766	195
L09815	2	-46,5469652	-23,4527738	501	0,3992	0,097	717	592	125
L09816	26	-46,5168696	-23,4061812	1849	1,4062	1,2615	2488	2148	340
L09817	4	-46,5575625	-23,4485828	5138	0,0779	0,1941	7850	5990	1860
L09818	1	-46,4376679	-23,3997821	4108	0,0243	0,0485	5884	4783	1101
L09819	1	-46,4161970	-23,4051055	3839	0,026	0,0485	5798	4451	1347
L09821	5	-46,4713471	-23,4164380	4729	0,1057	0,2426	6668	5493	1175
L09822	8	-46,4599054	-23,4173154	3123	0,2562	0,3882	4717	3792	925
L09823	1	-46,4514827	-23,4142506	718	0,1393	0,0485	1034	843	191
L09824	3	-46,4460270	-23,4107410	3681	0,0815	0,1456	5303	4310	993
L09827	2	-46,4073298	-23,4187234	1833	0,1091	0,097	2739	2236	503
L09828	6	-46,4373582	-23,3998282	3439	0,1745	0,2911	5350	4024	1326
L09829	3	-46,4437028	-23,3783486	3911	0,0767	0,1456	5380	4483	897
L09830	1	-46,4024310	-23,3865450	1980	0,0505	0,0485	2870	2358	512
L09831	8	-46,4660087	-23,4006544	3645	0,2195	0,3882	5341	4237	1104
L09834	1	-46,3974480	-23,4069388	2470	0,0405	0,0485	3555	2944	611
L09836	3	-46,3915434	-23,4071587	3522	0,0852	0,1456	5143	4192	951
L09837	4	-46,4580997	-23,4097075	3391	0,118	0,1941	4944	3961	983
L09838	1	-46,4171536	-23,4044185	4679	0,0214	0,0485	6569	5371	1198
L09839	15	-46,4666479	-23,4031200	4480	0,3348	0,7278	6276	5151	1125
L09841	6	-46,4332401	-23,4018027	4766	0,1259	0,2911	6620	5535	1085
L09842	2	-46,4337453	-23,4021408	773	0,2587	0,097	1143	907	236
L09843	4	-46,4584206	-23,4091730	3839	0,1042	0,1941	5358	4400	958
L09845	1	-46,3955820	-23,3987536	3675	0,0272	0,0485	5424	4458	966
L09847	1	-46,4019218	-23,4113425	316	0,3165	0,0485	492	396	96
L09848	11	-46,4697267	-23,4083693	3238	0,3397	0,5337	4579	3782	797
L09849	1	-46,4588105	-23,4093334	1165	0,0858	0,0485	1679	1350	329
L09850	2	-46,4488353	-23,3750146	3137	0,0638	0,097	4421	3657	764
L09852	2	-46,3935128	-23,3969846	1953	0,1024	0,097	2816	2316	500
L09854	3	-46,4426341	-23,4006395	3069	0,0978	0,1456	4213	3533	680
L09857	4	-46,4623279	-23,4372050	1523	0,2626	0,1941	2389	1854	535
L09858	4	-46,4627520	-23,4438668	1677	0,2385	0,1941	2339	2000	339
L09859	3	-46,4663092	-23,4465384	3796	0,079	0,1456	5627	4426	1201
L09860	2	-46,4742651	-23,4493456	3049	0,0656	0,097	4799	3576	1223
L09861	3	-46,4284199	-23,4439420	4306	0,0697	0,1456	6361	5197	1164
L09862	3	-46,4178706	-23,4230444	2208	0,1359	0,1456	3359	2691	668
L09863	9	-46,4279296	-23,4310787	2270	0,3965	0,4367	3738	2809	929
L09864	1	-46,4654827	-23,4594060	3703	0,027	0,0485	5205	4151	1054
L09865	1	-46,4668005	-23,4627026	2060	0,0485	0,0485	2947	2330	617
L09867	1	-46,4363562	-23,4335696	4242	0,0236	0,0485	6556	5035	1521
L09869	3	-46,4651071	-23,4594986	4171	0,0719	0,1456	5819	4729	1090
L09870	2	-46,4386061	-23,4454914	3923	0,051	0,097	5764	4733	1031
L09871	1	-46,4406541	-23,4507951	4323	0,0231	0,0485	6232	5179	1053
L09874	2	-46,4275906	-23,4246425	2619	0,0764	0,097	3842	3152	690
L09875	1	-46,4340671	-23,4266463	6326	0,0158	0,0485	9025	7471	1554
L09876	6	-46,4660357	-23,4471833	3396	0,1767	0,2911	5107	3973	1134
L09877	6	-46,4275886	-23,4316448	1879	0,3193	0,2911	2742	2220	522
L09878	1	-46,4758617	-23,4524532	919	0,1088	0,0485	1504	1107	397
L09880	6	-46,4237055	-23,4448627	2391	0,2509	0,2911	3560	2909	651
L09881	1	-46,4623323	-23,4433165	1831	0,0546	0,0485	2794	2154	640
L09882	26	-46,4593607	-23,4375830	1457	1,7845	1,2615	2080	1662	418
L09885	3	-46,4422840	-23,4184680	2598	0,1155	0,1456	3836	3140	696
