cod_local	QT_VOTOS	longitude	latitude	LOC_VALID	%_LOC_V	%_CAND	QT_APTOS	QT_COMPARECIMENTO	QT_ABSTENCOES
L04021	5	-46,5351389	-23,4432944	3985	0,1255	1,5773	6467	4740	1727
L04022	2	-46,5189890	-23,4582225	3507	0,057	0,6309	5353	4100	1253
L04024	1	-46,4960476	-23,4627418	3286	0,0304	0,3155	4988	3762	1226
L04025	1	-46,5313666	-23,4665558	1293	0,0773	0,3155	1907	1463	444
L04027	1	-46,5348867	-23,4617458	3878	0,0258	0,3155	6011	4558	1453
L04028	2	-46,5260028	-23,4506424	2185	0,0915	0,6309	3153	2490	663
L04029	1	-46,5257431	-23,4447767	3469	0,0288	0,3155	5202	4058	1144
L04030	4	-46,5250906	-23,4552952	3134	0,1276	1,2618	4565	3579	986
L04031	2	-46,5178969	-23,4509497	3853	0,0519	0,6309	5561	4379	1182
L04033	2	-46,5221381	-23,4625300	3783	0,0529	0,6309	5585	4358	1227
L04034	1	-46,5200816	-23,4395097	2036	0,0491	0,3155	2776	2341	435
L04038	2	-46,5218442	-23,4280169	5014	0,0399	0,6309	6975	5763	1212
L04039	1	-46,5333820	-23,4320324	4977	0,0201	0,3155	7292	5754	1538
L04041	4	-46,5198792	-23,4405254	2510	0,1594	1,2618	3908	2965	943
L04043	1	-46,4988962	-23,4535454	3004	0,0333	0,3155	4361	3460	901
L04045	1	-46,5182845	-23,4505855	1810	0,0552	0,3155	2690	2149	541
L04047	2	-46,5212409	-23,4239096	3765	0,0531	0,6309	5711	4457	1254
L04054	3	-46,5247111	-23,4230992	2455	0,1222	0,9464	3441	2836	605
L04055	1	-46,5326860	-23,4703600	3025	0,0331	0,3155	4827	3500	1327
L04227	1	-46,4014214	-23,4418594	3279	0,0305	0,3155	4547	3765	782
L04228	4	-46,4043279	-23,4619232	3414	0,1172	1,2618	4990	4013	977
L04231	1	-46,4014312	-23,4267677	3300	0,0303	0,3155	4744	3843	901
L04233	40	-46,3922099	-23,4750902	2611	1,532	12,6183	3680	3063	617
L04236	1	-46,4240116	-23,4575466	3776	0,0265	0,3155	5435	4492	943
L04237	2	-46,4010537	-23,4628858	3866	0,0517	0,6309	5772	4602	1170
L04240	33	-46,3970402	-23,4775957	3125	1,056	10,4101	4896	3844	1052
L04243	1	-46,4190397	-23,4390357	4665	0,0214	0,3155	6705	5509	1196
L04244	2	-46,4384280	-23,4711710	2467	0,0811	0,6309	3489	2777	712
L04245	1	-46,4263197	-23,4646584	2243	0,0446	0,3155	3234	2676	558
L04247	2	-46,4006094	-23,4493557	4047	0,0494	0,6309	5767	4780	987
L04248	3	-46,4098396	-23,4606598	2080	0,1442	0,9464	3149	2441	708
L04250	5	-46,4006412	-23,4605835	2128	0,235	1,5773	3336	2530	806
L04251	1	-46,4122972	-23,4487083	2818	0,0355	0,3155	4095	3343	752
L04252	27	-46,3922900	-23,4769740	2249	1,2005	8,5174	3198	2702	496
L04253	1	-46,4078760	-23,4565700	2061	0,0485	0,3155	3057	2422	635
L04255	1	-46,4083672	-23,4621695	2456	0,0407	0,3155	3409	2856	553
L04257	1	-46,4168989	-23,4502035	2158	0,0463	0,3155	3157	2540	617
L06590	2	-46,5422782	-23,4665988	3106	0,0644	0,6309	4688	3650	1038
L06592	4	-46,5439730	-23,4607010	2585	0,1547	1,2618	3854	3034	820
L06595	1	-46,5435717	-23,4840799	267	0,3745	0,3155	448	335	113
L06596	3	-46,5433698	-23,4792971	2346	0,1279	0,9464	3481	2759	722
L06597	2	-46,5597602	-23,4667730	2339	0,0855	0,6309	3181	2645	536
L06598	1	-46,5543334	-23,5001704	2493	0,0401	0,3155	3746	2920	826
L06599	8	-46,5552762	-23,4757201	4016	0,1992	2,5237	5873	4680	1193
L06600	1	-46,5491135	-23,5030590	4632	0,0216	0,3155	7282	5678	1604
L06602	2	-46,5492677	-23,4848483	3245	0,0616	0,6309	4911	3881	1030
L06603	10	-46,5529975	-23,4682223	3294	0,3036	3,1546	4736	3793	943
L06604	1	-46,5464811	-23,4794649	2834	0,0353	0,3155	4188	3330	858
L06605	1	-46,5423233	-23,4725448	3187	0,0314	0,3155	4654	3758	896
L06608	6	-46,5619770	-23,4625208	2255	0,2661	1,8927	3248	2626	622
L06610	8	-46,5567765	-23,4697758	2304	0,3472	2,5237	3125	2584	541
L06611	4	-46,5502169	-23,4903597	1250	0,32	1,2618	1851	1472	379
L06616	2	-46,5524295	-23,4793193	1363	0,1467	0,6309	2033	1639	394
L06620	1	-46,5509395	-23,4687509	963	0,1038	0,3155	1425	1159	266
L06622	1	-46,5537840	-23,4681480	595	0,1681	0,3155	865	694	171
L06623	4	-46,5600699	-23,4660719	1388	0,2882	1,2618	1950	1641	309
L06624	2	-46,5045704	-23,4243582	1929	0,1037	0,6309	2744	2220	524
L06627	1	-46,5068802	-23,4538921	1021	0,0979	0,3155	1469	1179	290
L06631	6	-46,5076553	-23,4362492	2967	0,2022	1,8927	4227	3452	775
L06632	2	-46,4933909	-23,4194569	4222	0,0474	0,6309	5911	4760	1151
L06635	2	-46,4960369	-23,4157394	3530	0,0567	0,6309	4636	3918	718
L06641	5	-46,5044429	-23,4216203	4367	0,1145	1,5773	5813	4898	915
L06645	2	-46,5069535	-23,4312359	4449	0,045	0,6309	6184	5081	1103
L06646	1	-46,5109205	-23,4407732	3152	0,0317	0,3155	4427	3643	784
L06648	1	-46,4933909	-23,4194569	1189	0,0841	0,3155	1753	1363	390
L06651	1	-46,5088090	-23,4152797	576	0,1736	0,3155	823	649	174
L06654	1	-46,5099700	-23,4595725	639	0,1565	0,3155	945	752	193
L06655	1	-46,5033620	-23,4092590	790	0,1266	0,3155	1078	878	200
L06657	2	-46,4932521	-23,4075649	2325	0,086	0,6309	3254	2621	633
L06658	1	-46,5101123	-23,4286618	2248	0,0445	0,3155	3124	2562	562
L07068	3	-46,4183034	-23,4225518	3081	0,0974	0,9464	4413	3669	744
L08497	1	-46,5560400	-23,4515991	3178	0,0315	0,3155	5027	3802	1225
L09785	1	-46,5368630	-23,4401670	1861	0,0537	0,3155	2951	2203	748
L09791	1	-46,5196842	-23,3998219	1835	0,0545	0,3155	2578	2100	478
L09792	1	-46,5222530	-23,3978071	2829	0,0353	0,3155	4352	3370	982
L09793	2	-46,5414126	-23,4449188	3241	0,0617	0,6309	4997	3883	1114
L09794	1	-46,5460300	-23,4567593	1200	0,0833	0,3155	1749	1407	342
L09798	1	-46,5603066	-23,4492343	3120	0,0321	0,3155	5013	3800	1213
L09799	1	-46,5550646	-23,4340925	3062	0,0327	0,3155	4384	3628	756
L09803	2	-46,5561613	-23,4338322	3793	0,0527	0,6309	5928	4573	1355
L09805	1	-46,5559629	-23,4447718	2534	0,0395	0,3155	3838	3014	824
L09817	3	-46,5575625	-23,4485828	5138	0,0584	0,9464	7850	5990	1860
L09819	4	-46,4161970	-23,4051055	3839	0,1042	1,2618	5798	4451	1347
L09820	2	-46,4061990	-23,4172553	2440	0,082	0,6309	3538	2909	629
L09827	3	-46,4073298	-23,4187234	1833	0,1637	0,9464	2739	2236	503
L09828	1	-46,4373582	-23,3998282	3439	0,0291	0,3155	5350	4024	1326
L09832	1	-46,4514827	-23,4142506	2143	0,0467	0,3155	3201	2566	635
L09833	1	-46,4201768	-23,4087523	1155	0,0866	0,3155	1705	1297	408
L09838	5	-46,4171536	-23,4044185	4679	0,1069	1,5773	6569	5371	1198
L09840	7	-46,4166354	-23,4057458	4733	0,1479	2,2082	6925	5514	1411
L09850	5	-46,4488353	-23,3750146	3137	0,1594	1,5773	4421	3657	764
L09860	2	-46,4742651	-23,4493456	3049	0,0656	0,6309	4799	3576	1223
L09863	2	-46,4279296	-23,4310787	2270	0,0881	0,6309	3738	2809	929
L09866	2	-46,4278732	-23,4383691	2095	0,0955	0,6309	2932	2450	482
L09867	1	-46,4363562	-23,4335696	4242	0,0236	0,3155	6556	5035	1521
L09868	1	-46,4576614	-23,4558165	4036	0,0248	0,3155	5529	4586	943
L09869	1	-46,4651071	-23,4594986	4171	0,024	0,3155	5819	4729	1090
L09870	2	-46,4386061	-23,4454914	3923	0,051	0,6309	5764	4733	1031
L09875	2	-46,4340671	-23,4266463	6326	0,0316	0,6309	9025	7471	1554
L09880	2	-46,4237055	-23,4448627	2391	0,0836	0,6309	3560	2909	651
L09882	1	-46,4593607	-23,4375830	1457	0,0686	0,3155	2080	1662	418
