cod_local	QT_VOTOS	longitude	latitude	LOC_VALID	%_LOC_V	%_CAND	QT_APTOS	QT_COMPARECIMENTO	QT_ABSTENCOES
L07521	10	-46,0243061	-23,4174784	2322	0,4307	18,5185	3407	2563	844
L07524	4	-46,0980143	-23,3648339	1459	0,2742	7,4074	2000	1572	428
L07526	15	-46,0388373	-23,4132129	4130	0,3632	27,7778	6048	4465	1583
L07542	2	-46,1074250	-23,3149710	1888	0,1059	3,7037	2627	2082	545
L07545	7	-46,0425567	-23,4127713	1039	0,6737	12,963	1522	1123	399
L07546	2	-46,0748878	-23,3481822	557	0,3591	3,7037	771	603	168
L07549	9	-46,0365378	-23,4141388	2488	0,3617	16,6667	3557	2686	871
L07552	1	-46,0233831	-23,4205309	267	0,3745	1,8519	366	307	59
L07561	4	-46,0238938	-23,4133033	1240	0,3226	7,4074	1735	1339	396
