cod_local	QT_VOTOS	longitude	latitude	LOC_VALID	%_LOC_V	%_CAND	QT_APTOS	QT_COMPARECIMENTO	QT_ABSTENCOES
L04968	3	-46,4574851	-23,6742405	1172	0,256	0,2604	1785	1375	410
L04969	9	-46,4600566	-23,6873031	2907	0,3096	0,7812	4421	3312	1109
L04970	26	-46,4477655	-23,6812088	3135	0,8293	2,2569	4611	3603	1008
L04971	9	-46,4583197	-23,6949894	1598	0,5632	0,7812	2226	1841	385
L04972	3	-46,4532906	-23,6893084	1981	0,1514	0,2604	2924	2252	672
L04973	10	-46,4522160	-23,6784560	3125	0,32	0,8681	4879	3540	1339
L04974	13	-46,4513595	-23,7002391	3208	0,4052	1,1285	4809	3672	1137
L04975	15	-46,4502833	-23,6883457	2765	0,5425	1,3021	4313	3150	1163
L04976	13	-46,4414222	-23,6847287	2767	0,4698	1,1285	4019	3106	913
L04977	5	-46,4629009	-23,6745649	1733	0,2885	0,434	2761	1968	793
L04978	4	-46,4730680	-23,6686799	2439	0,164	0,3472	3846	2911	935
L04979	8	-46,4766607	-23,6697433	3522	0,2271	0,6944	5763	4202	1561
L04980	32	-46,4439840	-23,6895789	4351	0,7355	2,7778	6359	4876	1483
L04981	3	-46,4553031	-23,6818891	3044	0,0986	0,2604	4587	3431	1156
L04982	1	-46,4658220	-23,6696613	2663	0,0376	0,0868	4236	3153	1083
L04983	2	-46,4834643	-23,6986859	1064	0,188	0,1736	1575	1203	372
L04984	19	-46,4570504	-23,7010895	2788	0,6815	1,6493	4166	3228	938
L04985	8	-46,4458379	-23,6939070	1354	0,5908	0,6944	1963	1597	366
L04986	6	-46,4564260	-23,6687580	1674	0,3584	0,5208	2847	1925	922
L04987	9	-46,4622729	-23,6841270	4017	0,224	0,7812	5959	4557	1402
L04988	2	-46,4644432	-23,6881220	830	0,241	0,1736	1303	985	318
L04990	2	-46,4729787	-23,6695050	1466	0,1364	0,1736	2353	1833	520
L04991	6	-46,4614294	-23,6802922	1186	0,5059	0,5208	1771	1374	397
L04992	5	-46,4408824	-23,6848710	1198	0,4174	0,434	1708	1356	352
L04994	28	-46,4601248	-23,6636053	1493	1,8754	2,4306	2314	1731	583
L07944	13	-46,4326657	-23,6791565	2145	0,6061	1,1285	3110	2442	668
L07945	7	-46,4533845	-23,6697133	1354	0,517	0,6076	1994	1560	434
L07946	2	-46,4543130	-23,6692839	1833	0,1091	0,1736	2689	2076	613
L07947	46	-46,4599652	-23,6619152	2943	1,563	3,9931	4596	3368	1228
L07948	21	-46,4579869	-23,6614480	2978	0,7052	1,8229	4526	3387	1139
L07949	26	-46,4337880	-23,6734459	3263	0,7968	2,2569	4641	3702	939
L07950	3	-46,4914550	-23,6542635	545	0,5505	0,2604	978	686	292
L07951	11	-46,4252907	-23,6774988	3259	0,3375	0,9549	4933	3740	1193
L07952	24	-46,4352982	-23,6685238	2622	0,9153	2,0833	4004	2973	1031
L07953	59	-46,4634102	-23,6563537	2593	2,2754	5,1215	3891	2943	948
L07954	47	-46,4414359	-23,6672899	3408	1,3791	4,0799	5192	3991	1201
L07955	6	-46,4432080	-23,6780360	2953	0,2032	0,5208	4261	3331	930
L07956	54	-46,4649894	-23,6565613	2809	1,9224	4,6875	4299	3160	1139
L07957	17	-46,4532737	-23,6581964	2676	0,6353	1,4757	3925	3006	919
L07958	21	-46,4383159	-23,6849970	2137	0,9827	1,8229	3188	2472	716
L07959	6	-46,4538761	-23,6469908	3554	0,1688	0,5208	5167	4033	1134
L07961	16	-46,4351660	-23,6823810	1958	0,8172	1,3889	2866	2269	597
L07962	2	-46,4778274	-23,6326659	2115	0,0946	0,1736	3822	2774	1048
L07963	21	-46,4385544	-23,6768498	4296	0,4888	1,8229	6823	4971	1852
L07964	67	-46,4697191	-23,6605170	3382	1,9811	5,816	5277	3891	1386
L07965	10	-46,4572269	-23,6621240	2275	0,4396	0,8681	3516	2638	878
L07966	21	-46,4496405	-23,6701576	3478	0,6038	1,8229	5442	3957	1485
L07967	17	-46,4422652	-23,6677092	941	1,8066	1,4757	1323	1079	244
L07968	6	-46,4535810	-23,6509657	2551	0,2352	0,5208	3765	2936	829
L08739	19	-46,4487777	-23,6615716	2433	0,7809	1,6493	3636	2747	889
L08741	33	-46,4243413	-23,6577928	3331	0,9907	2,8646	4825	3739	1086
L08742	35	-46,4293810	-23,6585478	3704	0,9449	3,0382	5609	4226	1383
L08743	44	-46,4243428	-23,6578794	3480	1,2644	3,8194	5089	3904	1185
L08744	4	-46,4127000	-23,6820830	1503	0,2661	0,3472	2157	1743	414
L08745	21	-46,4464627	-23,6570993	3192	0,6579	1,8229	4906	3628	1278
L08746	5	-46,4419931	-23,6513988	1965	0,2545	0,434	2953	2203	750
L08747	16	-46,4383301	-23,6513658	3290	0,4863	1,3889	4917	3803	1114
L08748	21	-46,4427864	-23,6495818	3874	0,5421	1,8229	5442	4319	1123
L08749	14	-46,4315241	-23,6634682	3749	0,3734	1,2153	5699	4313	1386
L08750	4	-46,4150183	-23,6757834	3449	0,116	0,3472	5046	3924	1122
L08751	6	-46,4238909	-23,6647312	3455	0,1737	0,5208	4976	3982	994
L08752	12	-46,4216183	-23,6705553	2219	0,5408	1,0417	3120	2454	666
L08753	29	-46,4388584	-23,6504592	3581	0,8098	2,5174	5309	4063	1246
L08754	22	-46,4400344	-23,6584764	3355	0,6557	1,9097	4910	3798	1112
L08755	4	-46,4342040	-23,6567620	1933	0,2069	0,3472	2767	2208	559
L08756	5	-46,4494430	-23,6494280	2631	0,19	0,434	3775	3041	734
L08757	11	-46,4236609	-23,6705830	4371	0,2517	0,9549	6485	4862	1623
L08758	8	-46,4226828	-23,6720132	3121	0,2563	0,6944	4480	3538	942
L08759	11	-46,4326520	-23,6478318	4280	0,257	0,9549	6145	4825	1320
L08760	12	-46,4280158	-23,6753764	3464	0,3464	1,0417	5097	4022	1075
L08761	1	-46,4118947	-23,6823737	1093	0,0915	0,0868	1563	1272	291
L08762	4	-46,4341396	-23,6468528	2901	0,1379	0,3472	4043	3291	752
L08764	1	-46,4383782	-23,6530148	1136	0,088	0,0868	1574	1266	308
L08765	14	-46,4253633	-23,6581240	1317	1,063	1,2153	1871	1501	370
L08766	5	-46,4412049	-23,6515609	1435	0,3484	0,434	2148	1653	495
L08767	9	-46,4190132	-23,6496273	1335	0,6742	0,7812	1853	1517	336
L08768	7	-46,4149832	-23,6657142	1215	0,5761	0,6076	1675	1392	283
L08769	5	-46,4448738	-23,6503312	1551	0,3224	0,434	2172	1738	434
L08770	6	-46,4323840	-23,6590010	1010	0,5941	0,5208	1519	1186	333
