cod_local	QT_VOTOS	longitude	latitude	LOC_VALID	%_LOC_V	%_CAND	QT_APTOS	QT_COMPARECIMENTO	QT_ABSTENCOES
L07968	1	-46,4535810	-23,6509657	2551	0,0392	5,8824	3765	2936	829
L08740	1	-46,4105952	-23,6690312	2542	0,0393	5,8824	3615	2925	690
L08746	1	-46,4419931	-23,6513988	1965	0,0509	5,8824	2953	2203	750
L08747	2	-46,4383301	-23,6513658	3290	0,0608	11,7647	4917	3803	1114
L08748	4	-46,4427864	-23,6495818	3874	0,1033	23,5294	5442	4319	1123
L08755	1	-46,4342040	-23,6567620	1933	0,0517	5,8824	2767	2208	559
L08759	3	-46,4326520	-23,6478318	4280	0,0701	17,6471	6145	4825	1320
L08762	2	-46,4341396	-23,6468528	2901	0,0689	11,7647	4043	3291	752
L08769	2	-46,4448738	-23,6503312	1551	0,1289	11,7647	2172	1738	434
