cod_local	QT_VOTOS	longitude	latitude	LOC_VALID	%_LOC_V	%_CAND	QT_APTOS	QT_COMPARECIMENTO	QT_ABSTENCOES
L05004	1	-46,3398858	-23,5239224	1919	0,0521	6,6667	3284	2177	1107
L05005	1	-46,3374620	-23,5315400	2770	0,0361	6,6667	3887	3073	814
L05006	2	-46,3429659	-23,5171323	4423	0,0452	13,3333	7166	4960	2206
L05008	1	-46,3480012	-23,5194955	1452	0,0689	6,6667	2162	1648	514
L05014	6	-46,3413652	-23,5201693	4103	0,1462	40,0	6165	4558	1607
L05024	1	-46,3421440	-23,5199230	722	0,1385	6,6667	1083	794	289
L05026	1	-46,3518949	-23,5262154	2014	0,0497	6,6667	2939	2281	658
L05027	1	-46,3337364	-23,5187973	1615	0,0619	6,6667	2332	1806	526
L05033	1	-46,3621137	-23,5149420	3295	0,0303	6,6667	4835	3684	1151
