cod_local	QT_VOTOS	longitude	latitude	LOC_VALID	%_LOC_V	%_CAND	QT_APTOS	QT_COMPARECIMENTO	QT_ABSTENCOES
L00002	3	-46,6458082	-23,5644282	2271	0,1321	0,1539	3779	2548	1231
L00003	1	-46,6455650	-23,5547500	3290	0,0304	0,0513	5696	3792	1904
L00004	7	-46,6511260	-23,5652103	5298	0,1321	0,3592	9838	5921	3917
L00005	37	-46,6603762	-23,5406137	4082	0,9064	1,8984	8248	4503	3745
L00007	4	-46,6432717	-23,5529543	1958	0,2043	0,2052	3791	2317	1474
L00008	2	-46,6464095	-23,5560819	3643	0,0549	0,1026	6983	4278	2705
L00010	2	-46,6355899	-23,5623979	2996	0,0668	0,1026	5666	3638	2028
L00011	3	-46,6535747	-23,5498948	3808	0,0788	0,1539	7072	4407	2665
L00012	3	-46,6461964	-23,5700830	3252	0,0923	0,1539	6283	3656	2627
L00013	1	-46,6421456	-23,5572933	2899	0,0345	0,0513	5416	3426	1990
L00014	1	-46,6289218	-23,5548030	2700	0,037	0,0513	5182	3459	1723
L00015	2	-46,6368132	-23,5574886	3591	0,0557	0,1026	7151	4273	2878
L00018	2	-46,6419109	-23,5592168	3389	0,059	0,1026	7001	3906	3095
L00021	2	-46,6419109	-23,5592168	3437	0,0582	0,1026	6548	4013	2535
L00022	32	-46,6521240	-23,5458002	10350	0,3092	1,6419	18525	11583	6942
L00023	2	-46,6498912	-23,5493645	2834	0,0706	0,1026	4909	3201	1708
L00024	2	-46,6497533	-23,5485991	1896	0,1055	0,1026	3234	2130	1104
L00027	4	-46,6368084	-23,5498480	2635	0,1518	0,2052	5430	3072	2358
L00029	2	-46,6858903	-23,5271427	1846	0,1083	0,1026	2661	2067	594
L00030	9	-46,6716846	-23,5278546	4168	0,2159	0,4618	8123	4653	3470
L00031	3	-46,6872489	-23,5323018	3785	0,0793	0,1539	5622	4272	1350
L00032	32	-46,6564979	-23,5376940	1668	1,9185	1,6419	2471	1844	627
L00033	12	-46,6545420	-23,5418060	2940	0,4082	0,6157	4562	3313	1249
L00034	59	-46,6605264	-23,5415277	5254	1,123	3,0272	7993	5767	2226
L00035	4	-46,6800459	-23,5481021	3932	0,1017	0,2052	6405	4313	2092
L00036	3	-46,6671104	-23,5303076	1611	0,1862	0,1539	3037	1845	1192
L00037	28	-46,6566164	-23,5307137	3471	0,8067	1,4366	6463	3952	2511
L00039	19	-46,6663954	-23,5361229	5419	0,3506	0,9749	8062	5901	2161
L00040	11	-46,6597606	-23,5452831	1062	1,0358	0,5644	1577	1160	417
L00042	8	-46,6513283	-23,5415864	1556	0,5141	0,4105	2631	1843	788
L00044	3	-46,6566305	-23,5207777	1534	0,1956	0,1539	2722	1815	907
L00045	4	-46,6523017	-23,5318175	2128	0,188	0,2052	3940	2485	1455
L00046	10	-46,6555734	-23,5283610	2335	0,4283	0,5131	4656	2795	1861
L00048	4	-46,6841353	-23,5370181	2501	0,1599	0,2052	3771	2812	959
L00049	9	-46,6806583	-23,5307166	4578	0,1966	0,4618	8065	5186	2879
L00050	21	-46,6531096	-23,5391595	3449	0,6089	1,0775	6577	4007	2570
L00051	1	-46,6946005	-23,5421890	3052	0,0328	0,0513	5602	3572	2030
L00052	6	-46,6832663	-23,5289919	4888	0,1227	0,3079	8677	5629	3048
L00053	74	-46,6630845	-23,5450242	5945	1,2447	3,7968	9970	6457	3513
L00054	4	-46,6650200	-23,5361422	1083	0,3693	0,2052	1605	1172	433
L00055	28	-46,6566164	-23,5307137	5271	0,5312	1,4366	9323	6035	3288
L00056	21	-46,6508278	-23,5375343	2409	0,8717	1,0775	4853	2751	2102
L00057	10	-46,6510689	-23,5302066	2410	0,4149	0,5131	4093	2814	1279
L00058	3	-46,6432297	-23,5320752	3161	0,0949	0,1539	6470	3731	2739
L00060	23	-46,6711550	-23,5381000	10857	0,2118	1,1801	17946	11853	6093
L00061	2	-46,6666956	-23,5298372	3408	0,0587	0,1026	6305	3946	2359
L00062	16	-46,6375237	-23,5287430	2256	0,7092	0,8209	4421	2765	1656
L00063	2	-46,6343483	-23,5436627	2624	0,0762	0,1026	5154	3085	2069
L00064	3	-46,6278434	-23,5475185	2980	0,1007	0,1539	5641	3584	2057
L00065	2	-46,6385252	-23,5376549	2229	0,0897	0,1026	4267	2744	1523
L00066	2	-46,6126881	-23,5372312	2446	0,0818	0,1026	4500	2909	1591
L00067	1	-46,6107088	-23,5252045	1435	0,0697	0,0513	2765	1755	1010
L00068	9	-46,6432775	-23,5262231	2815	0,3197	0,4618	5403	3409	1994
L00070	1	-46,6134834	-23,5400667	2964	0,0337	0,0513	5594	3588	2006
L00071	6	-46,6341197	-23,5306628	2982	0,2012	0,3079	5785	3615	2170
L00074	22	-46,6370866	-23,5384772	2847	0,7727	1,1288	6133	3437	2696
L00075	8	-46,6325856	-23,5295792	4103	0,195	0,4105	8045	4955	3090
L00077	2	-46,6228821	-23,5238878	3089	0,0647	0,1026	5985	3756	2229
L00081	3	-46,5848689	-23,5392025	3560	0,0843	0,1539	5984	4200	1784
L00082	1	-46,5746890	-23,5568730	2818	0,0355	0,0513	4581	3379	1202
L00083	1	-46,5997287	-23,5410220	3324	0,0301	0,0513	6501	4011	2490
L00084	1	-46,5895134	-23,5593568	5301	0,0189	0,0513	8807	6387	2420
L00095	1	-46,5726610	-23,5574173	1814	0,0551	0,0513	3331	2227	1104
L00097	2	-46,5595868	-23,5719075	2559	0,0782	0,1026	4560	3187	1373
L00099	2	-46,5683158	-23,5701115	2161	0,0925	0,1026	3989	2770	1219
L00100	2	-46,5637915	-23,5715671	2872	0,0696	0,1026	5130	3619	1511
L00102	2	-46,5979424	-23,5532296	4622	0,0433	0,1026	8563	5548	3015
L00103	4	-46,5812316	-23,5700009	4342	0,0921	0,2052	7905	5265	2640
L00108	1	-46,5976041	-23,5519593	6779	0,0148	0,0513	11883	7994	3889
L00109	10	-46,6685837	-23,5678112	2042	0,4897	0,5131	3574	2207	1367
L00110	18	-46,6602508	-23,5695486	2517	0,7151	0,9236	4741	2759	1982
L00111	21	-46,6590182	-23,5634584	7550	0,2781	1,0775	13488	8273	5215
L00113	40	-46,6642690	-23,5638420	4708	0,8496	2,0523	8733	5175	3558
L00115	5	-46,6759394	-23,5867575	1860	0,2688	0,2565	3357	2042	1315
L00116	10	-46,6726051	-23,5816669	2385	0,4193	0,5131	4109	2634	1475
L00117	4	-46,6709040	-23,5923207	3151	0,1269	0,2052	5443	3456	1987
L00119	4	-46,6851323	-23,5877136	2254	0,1775	0,2052	3851	2471	1380
L00121	11	-46,6790390	-23,5798975	3855	0,2853	0,5644	7199	4264	2935
L00122	5	-46,6734804	-23,5826449	2473	0,2022	0,2565	4205	2672	1533
L00123	9	-46,6731135	-23,5792999	2804	0,321	0,4618	4967	3078	1889
L00124	13	-46,6605835	-23,5566944	5697	0,2282	0,667	10701	6297	4404
L00125	14	-46,6822891	-23,5834680	4924	0,2843	0,7183	9066	5408	3658
L00126	8	-46,6724723	-23,5954720	3916	0,2043	0,4105	6669	4338	2331
L00127	17	-46,6605835	-23,5566944	6318	0,2691	0,8722	11459	6999	4460
L00128	7	-46,6769068	-23,6001070	3888	0,18	0,3592	6994	4384	2610
L00129	1	-46,6486232	-23,5813704	3537	0,0283	0,0513	5654	3970	1684
L00130	2	-46,6437100	-23,5775691	2213	0,0904	0,1026	3690	2443	1247
L00131	3	-46,6442337	-23,5847251	4116	0,0729	0,1539	7035	4617	2418
L00132	1	-46,6416210	-23,5785510	4598	0,0217	0,0513	7651	5166	2485
L00133	1	-46,6320497	-23,5811282	2750	0,0364	0,0513	4986	3131	1855
L00134	3	-46,6358455	-23,5895447	4856	0,0618	0,1539	8425	5454	2971
L00135	7	-46,6431906	-23,5719338	4487	0,156	0,3592	7477	5015	2462
L00136	5	-46,6234512	-23,5608329	4167	0,12	0,2565	7421	4897	2524
L00137	1	-46,6125927	-23,5728431	3033	0,033	0,0513	4908	3570	1338
L00138	1	-46,6259630	-23,5630260	2096	0,0477	0,0513	3469	2565	904
L00139	4	-46,6500347	-23,5703394	1246	0,321	0,2052	1910	1375	535
L00142	4	-46,6119113	-23,5742236	2504	0,1597	0,2052	4454	2944	1510
L00143	1	-46,6414511	-23,5858080	2718	0,0368	0,0513	4786	3093	1693
L00144	1	-46,6356180	-23,5786976	2260	0,0442	0,0513	3961	2589	1372
L00145	3	-46,6350220	-23,5881065	3012	0,0996	0,1539	5263	3410	1853
L00146	3	-46,6223857	-23,5681693	2480	0,121	0,1539	4585	2913	1672
L00147	2	-46,6251868	-23,5770987	3004	0,0666	0,1026	5565	3493	2072
L00148	1	-46,6273889	-23,5872670	4439	0,0225	0,0513	7836	5122	2714
L00150	1	-46,6299014	-23,5758099	4050	0,0247	0,0513	6863	4657	2206
L00151	2	-46,6209441	-23,5882398	2949	0,0678	0,1026	4478	3358	1120
L00152	2	-46,6459660	-23,5746810	3017	0,0663	0,1026	4888	3361	1527
L00153	2	-46,6399206	-23,5899717	4323	0,0463	0,1026	6624	4826	1798
L00154	3	-46,6235069	-23,5745404	4329	0,0693	0,1539	7193	5134	2059
L00156	2	-46,6397771	-23,5727404	4608	0,0434	0,1026	8784	5242	3542
L00157	1	-46,6389836	-23,5697573	5176	0,0193	0,0513	8809	5934	2875
L00527	1	-46,7748328	-23,6788482	330	0,303	0,0513	567	411	156
L00532	1	-46,7878988	-23,6864426	238	0,4202	0,0513	424	297	127
L00534	1	-46,7872371	-23,6773522	3311	0,0302	0,0513	5703	4173	1530
L00539	3	-46,7886237	-23,6861459	4146	0,0724	0,1539	7243	5328	1915
L00542	1	-46,7901616	-23,6750896	3768	0,0265	0,0513	6810	4643	2167
L00544	2	-46,7734160	-23,6802425	3538	0,0565	0,1026	6419	4341	2078
L00551	2	-46,7827546	-23,6998617	2755	0,0726	0,1026	4627	3392	1235
L00554	2	-46,7932547	-23,6670602	2548	0,0785	0,1026	4491	3254	1237
L00555	1	-46,7999759	-23,6870539	3475	0,0288	0,0513	6174	4460	1714
L00556	3	-46,7765383	-23,6680796	2361	0,1271	0,1539	3983	2908	1075
L00559	1	-46,7951730	-23,6802102	2040	0,049	0,0513	3413	2489	924
L05530	4	-46,7007739	-23,6497088	5044	0,0793	0,2052	8236	5638	2598
L05534	2	-46,6930410	-23,6638790	5787	0,0346	0,1026	9716	6724	2992
L05535	1	-46,6912424	-23,6607866	3055	0,0327	0,0513	4525	3449	1076
L05536	2	-46,6821350	-23,6631782	5321	0,0376	0,1026	8921	6173	2748
L05538	1	-46,6809074	-23,6663068	3075	0,0325	0,0513	5073	3651	1422
L05540	1	-46,7098940	-23,6536635	1724	0,058	0,0513	3235	2032	1203
L05544	1	-46,7020955	-23,6297201	1019	0,0981	0,0513	1646	1149	497
L05546	2	-46,6816306	-23,6713892	1359	0,1472	0,1026	2062	1643	419
L05548	2	-46,6996076	-23,6331312	1978	0,1011	0,1026	3388	2288	1100
L05549	4	-46,7057350	-23,6332760	4550	0,0879	0,2052	7718	5073	2645
L05550	1	-46,6945706	-23,6304883	5120	0,0195	0,0513	8978	5840	3138
L05553	1	-46,4351534	-23,5022679	3506	0,0285	0,0513	6236	4381	1855
L05554	2	-46,4441795	-23,4982353	3546	0,0564	0,1026	6065	4260	1805
L05555	1	-46,4398111	-23,5068607	1270	0,0787	0,0513	2259	1566	693
L05558	3	-46,4234630	-23,5085168	3758	0,0798	0,1539	6529	4735	1794
L05561	1	-46,4389924	-23,5145862	3097	0,0323	0,0513	5489	4147	1342
L05567	2	-46,4215117	-23,5013996	3622	0,0552	0,1026	6083	4594	1489
L05568	2	-46,4300003	-23,4998815	2971	0,0673	0,1026	5227	3654	1573
L05569	1	-46,4407439	-23,4944067	1547	0,0646	0,0513	2737	1890	847
L05570	1	-46,4345329	-23,5094734	3688	0,0271	0,0513	6309	4565	1744
L05574	2	-46,4424219	-23,4946443	1702	0,1175	0,1026	3011	2169	842
L05576	1	-46,4220218	-23,5011268	1232	0,0812	0,0513	1990	1570	420
L05578	1	-46,4526050	-23,5387875	2564	0,039	0,0513	4882	3187	1695
L05580	4	-46,4367093	-23,5286893	3428	0,1167	0,2052	6257	4314	1943
L05587	1	-46,4443497	-23,5387667	3161	0,0316	0,0513	5471	4127	1344
L05588	2	-46,4326641	-23,5174330	2595	0,0771	0,1026	4297	3303	994
L05593	1	-46,4528982	-23,5182408	3494	0,0286	0,0513	6309	4695	1614
L05596	1	-46,4536228	-23,5552304	3671	0,0272	0,0513	6672	4852	1820
L05601	1	-46,4359061	-23,5226454	2327	0,043	0,0513	4159	3108	1051
L05602	1	-46,4402958	-23,5148095	3394	0,0295	0,0513	6298	4377	1921
L05603	1	-46,4430227	-23,5314831	2610	0,0383	0,0513	4621	3404	1217
L05611	1	-46,6300964	-23,5033502	2831	0,0353	0,0513	4847	3284	1563
L05613	1	-46,6310064	-23,5025938	1028	0,0973	0,0513	2041	1205	836
L05617	2	-46,6180480	-23,4923992	3331	0,06	0,1026	5427	3880	1547
L05620	2	-46,6405710	-23,4868210	1451	0,1378	0,1026	2771	1812	959
L05621	1	-46,6332236	-23,4899666	5271	0,019	0,0513	8744	6129	2615
L05622	2	-46,6256600	-23,4972860	1960	0,102	0,1026	3358	2341	1017
L05623	4	-46,6405537	-23,5023028	2520	0,1587	0,2052	4590	2978	1612
L05624	2	-46,6161131	-23,5004170	2563	0,078	0,1026	4896	3055	1841
L05625	2	-46,6261164	-23,4898514	2978	0,0672	0,1026	5488	3556	1932
L05626	2	-46,6278934	-23,4963679	2077	0,0963	0,1026	3746	2434	1312
L05628	2	-46,6157633	-23,4933572	2589	0,0772	0,1026	4750	3013	1737
L05629	1	-46,6242804	-23,4770119	2556	0,0391	0,0513	4643	3161	1482
L05633	1	-46,6227676	-23,4899879	1740	0,0575	0,0513	3090	2057	1033
L05635	2	-46,6142540	-23,4901233	2048	0,0977	0,1026	3470	2399	1071
L05638	1	-46,6330906	-23,4915684	3666	0,0273	0,0513	6121	4251	1870
L05645	2	-46,7037676	-23,5217140	2362	0,0847	0,1026	4257	2725	1532
L05646	3	-46,7000457	-23,5224777	2592	0,1157	0,1539	4343	2970	1373
L05647	1	-46,7273840	-23,5310160	1602	0,0624	0,0513	2410	1810	600
L05648	2	-46,7032968	-23,5283085	4170	0,048	0,1026	7531	4847	2684
L05649	2	-46,7178181	-23,5361638	1874	0,1067	0,1026	2784	2102	682
L05653	1	-46,7091294	-23,5350839	1807	0,0553	0,0513	3207	2079	1128
L05654	1	-46,7056393	-23,5213772	2148	0,0466	0,0513	4003	2538	1465
L05657	1	-46,6883851	-23,5246954	2280	0,0439	0,0513	3964	2619	1345
L05658	2	-46,7052733	-23,5150700	2442	0,0819	0,1026	4469	2893	1576
L05660	1	-46,7231084	-23,5262770	2294	0,0436	0,0513	3992	2673	1319
L05663	3	-46,7053463	-23,5246614	2188	0,1371	0,1539	4237	2584	1653
L05666	2	-46,7036723	-23,5400795	2096	0,0954	0,1026	3593	2404	1189
L05669	3	-46,7164216	-23,5283737	1777	0,1688	0,1539	3016	2011	1005
L05670	1	-46,7041160	-23,5315757	2953	0,0339	0,0513	5089	3434	1655
L05675	1	-46,7468883	-23,4900910	2971	0,0337	0,0513	5066	3751	1315
L05678	1	-46,7498669	-23,4969079	2593	0,0386	0,0513	4758	3251	1507
L05680	1	-46,7126480	-23,5305875	978	0,1022	0,0513	1592	1112	480
L05681	4	-46,6949470	-23,5283220	1938	0,2064	0,2052	3100	2183	917
L05685	1	-46,7053660	-23,5158470	812	0,1232	0,0513	1357	974	383
L05686	1	-46,7064510	-23,5301730	1194	0,0838	0,0513	1873	1372	501
L05692	1	-46,7342495	-23,5279924	4939	0,0202	0,0513	7451	5535	1916
L05693	9	-46,6769917	-23,5570934	4108	0,2191	0,4618	6768	4547	2221
L05695	5	-46,6826600	-23,5737124	2079	0,2405	0,2565	3613	2221	1392
L05696	6	-46,6826600	-23,5737124	2813	0,2133	0,3079	4397	3021	1376
L05697	16	-46,6950038	-23,5603746	3405	0,4699	0,8209	5468	3675	1793
L05698	4	-46,7044200	-23,5423500	1912	0,2092	0,2052	2816	2116	700
L05699	4	-46,7009593	-23,5471309	1742	0,2296	0,2052	2791	1881	910
L05700	5	-46,7170159	-23,5510140	4888	0,1023	0,2565	7257	5167	2090
L05701	2	-46,6827189	-23,5583923	2882	0,0694	0,1026	4777	3189	1588
L05702	1	-46,7020044	-23,5462734	1456	0,0687	0,0513	1995	1533	462
L05705	5	-46,6896585	-23,5656255	3181	0,1572	0,2565	5968	3546	2422
L05706	1	-46,6827388	-23,5501422	2508	0,0399	0,0513	4043	2732	1311
L05707	4	-46,7072431	-23,5459153	2353	0,17	0,2052	3966	2589	1377
L05708	4	-46,6938161	-23,5563030	2004	0,1996	0,2052	3625	2231	1394
L05709	1	-46,6896173	-23,5508030	2889	0,0346	0,0513	4742	3138	1604
L05710	1	-46,6788148	-23,5592954	3381	0,0296	0,0513	5828	3742	2086
L05711	8	-46,6940900	-23,5501725	1686	0,4745	0,4105	2686	1891	795
L05713	15	-46,6816743	-23,5708583	3367	0,4455	0,7696	5931	3590	2341
L05714	1	-46,6896585	-23,5656255	1173	0,0853	0,0513	1972	1294	678
L05715	3	-46,6918510	-23,5514540	1237	0,2425	0,1539	1953	1335	618
L05716	2	-46,6975056	-23,5623803	2545	0,0786	0,1026	4027	2825	1202
L05717	1	-46,6818722	-23,5560723	2822	0,0354	0,0513	4697	3062	1635
L05718	4	-46,6823120	-23,5625230	2934	0,1363	0,2052	4770	3236	1534
L05719	1	-46,6976578	-23,5648688	2714	0,0368	0,0513	4719	3052	1667
L05723	1	-46,5331739	-23,5220975	2306	0,0434	0,0513	3823	2837	986
L05725	2	-46,5417930	-23,5164577	1220	0,1639	0,1026	2066	1547	519
L05727	2	-46,5492590	-23,5262720	2649	0,0755	0,1026	4685	3161	1524
L05730	1	-46,5498247	-23,5164939	1446	0,0692	0,0513	2917	1826	1091
L05731	1	-46,5285678	-23,5250739	3128	0,032	0,0513	5872	3858	2014
L05734	3	-46,5478984	-23,5284411	2172	0,1381	0,1539	4014	2746	1268
L05736	2	-46,5179226	-23,5228086	3663	0,0546	0,1026	6711	4640	2071
L05739	1	-46,4991515	-23,5296706	3000	0,0333	0,0513	5527	3909	1618
L05750	2	-46,5686249	-23,5424482	4557	0,0439	0,1026	7587	5295	2292
L05751	1	-46,5757522	-23,5380963	4097	0,0244	0,0513	6495	4845	1650
L05752	2	-46,5494401	-23,5441268	4128	0,0484	0,1026	7403	5019	2384
L05755	1	-46,5179584	-23,5638358	3205	0,0312	0,0513	5295	4046	1249
L05766	1	-46,5138214	-23,5842903	1916	0,0522	0,0513	3190	2507	683
L05768	1	-46,5794166	-23,5383741	2522	0,0397	0,0513	4651	2995	1656
L05771	1	-46,5727024	-23,5507422	2617	0,0382	0,0513	4908	3111	1797
L05777	1	-46,5636721	-23,5353692	1934	0,0517	0,0513	3252	2352	900
L05778	1	-46,5363195	-23,5540735	2588	0,0386	0,0513	4862	3218	1644
L05780	1	-46,5072844	-23,5706991	5535	0,0181	0,0513	10333	6962	3371
L05781	2	-46,5589094	-23,5412357	2005	0,0998	0,1026	3920	2483	1437
L05785	1	-46,4982329	-23,5898352	2069	0,0483	0,0513	3681	2817	864
L05788	3	-46,5170255	-23,5575103	1578	0,1901	0,1539	3137	1967	1170
L05790	2	-46,5666544	-23,5322415	751	0,2663	0,1026	1423	890	533
L05791	1	-46,5315630	-23,5480380	1380	0,0725	0,0513	2259	1735	524
L05794	1	-46,5433831	-23,5503063	4135	0,0242	0,0513	6973	5037	1936
L05797	3	-46,5602785	-23,5363132	5811	0,0516	0,1539	9848	6857	2991
L05798	1	-46,5834851	-23,5000601	913	0,1095	0,0513	1615	1122	493
L05802	1	-46,6013419	-23,5076564	3312	0,0302	0,0513	6027	4063	1964
L05803	1	-46,6028988	-23,4934538	1298	0,077	0,0513	2472	1632	840
L05807	2	-46,5779360	-23,5053673	3549	0,0564	0,1026	6465	4410	2055
L05810	1	-46,5928674	-23,5005803	3037	0,0329	0,0513	5514	3674	1840
L05816	3	-46,5824545	-23,5151915	4574	0,0656	0,1539	8444	5563	2881
L05825	2	-46,6088452	-23,5120897	1543	0,1296	0,1026	2874	1903	971
L05831	1	-46,5910102	-23,5018506	664	0,1506	0,0513	1020	795	225
L05839	1	-46,6096818	-23,5128587	1440	0,0694	0,0513	2550	1813	737
L05843	1	-46,6732228	-23,5017435	1901	0,0526	0,0513	3104	2323	781
L05848	1	-46,6506305	-23,5026837	3720	0,0269	0,0513	6771	4492	2279
L05849	1	-46,6657859	-23,4885740	3928	0,0255	0,0513	7229	4920	2309
L05851	3	-46,6632938	-23,5087770	4242	0,0707	0,1539	7237	4966	2271
L05852	1	-46,6754529	-23,4902989	2604	0,0384	0,0513	4917	3236	1681
L05855	2	-46,6512743	-23,4915758	3689	0,0542	0,1026	6598	4579	2019
L05856	2	-46,6576980	-23,5105636	3626	0,0552	0,1026	6816	4472	2344
L05857	1	-46,6610100	-23,4937600	3204	0,0312	0,0513	6028	4077	1951
L05860	1	-46,6806536	-23,4985927	2933	0,0341	0,0513	5335	3608	1727
L05864	3	-46,6729030	-23,5109220	2299	0,1305	0,1539	4247	2858	1389
L05869	2	-46,6506816	-23,5123597	1285	0,1556	0,1026	2257	1556	701
L05872	1	-46,6618430	-23,4656280	2879	0,0347	0,0513	4826	3497	1329
L05874	2	-46,6665068	-23,4702189	3203	0,0624	0,1026	5602	3899	1703
L05876	1	-46,6599580	-23,5051240	2430	0,0412	0,0513	4034	2954	1080
L05883	1	-46,6071629	-23,4804948	2403	0,0416	0,0513	4353	2845	1508
L05887	3	-46,6220405	-23,4613396	2348	0,1278	0,1539	4444	2795	1649
L05891	1	-46,5884421	-23,4440711	2609	0,0383	0,0513	4730	3437	1293
L05892	2	-46,6200080	-23,4826288	3225	0,062	0,1026	5990	3879	2111
L05893	1	-46,5880090	-23,4446471	973	0,1028	0,0513	1866	1339	527
L05898	1	-46,6085609	-23,4656759	1854	0,0539	0,0513	3105	2277	828
L05900	3	-46,5803132	-23,4357702	2733	0,1098	0,1539	5108	3666	1442
L05901	1	-46,6114391	-23,4769661	1848	0,0541	0,0513	3409	2201	1208
L05902	2	-46,5890824	-23,4546164	3266	0,0612	0,1026	5800	4185	1615
L05904	1	-46,6195870	-23,4540240	1890	0,0529	0,0513	3278	2265	1013
L05905	1	-46,5872324	-23,4196031	2830	0,0353	0,0513	5422	3879	1543
L05907	1	-46,5829070	-23,4282440	1990	0,0503	0,0513	3589	2685	904
L05911	1	-46,5953507	-23,4480324	2669	0,0375	0,0513	4700	3478	1222
L05912	1	-46,6031271	-23,4684303	2532	0,0395	0,0513	4589	3126	1463
L05913	2	-46,6248203	-23,4576182	3097	0,0646	0,1026	5869	3776	2093
L05915	1	-46,6095277	-23,4493251	985	0,1015	0,0513	1561	1165	396
L05919	1	-46,6120305	-23,4757531	1300	0,0769	0,0513	2166	1565	601
L05923	2	-46,5785504	-23,5815302	2493	0,0802	0,1026	3882	2983	899
L05926	2	-46,5852470	-23,5802350	4531	0,0441	0,1026	8206	5391	2815
L05928	1	-46,5582100	-23,5739759	2347	0,0426	0,0513	4461	2967	1494
L05932	1	-46,5660422	-23,6040127	2344	0,0427	0,0513	4184	2990	1194
L05936	1	-46,5703839	-23,5879450	1764	0,0567	0,0513	2906	2096	810
L05941	1	-46,5887796	-23,5755336	1948	0,0513	0,0513	3574	2324	1250
L05946	1	-46,5642049	-23,5759686	2719	0,0368	0,0513	4371	3343	1028
L05949	2	-46,5838544	-23,5814914	2972	0,0673	0,1026	5338	3529	1809
L05954	2	-46,5808524	-23,5927084	2296	0,0871	0,1026	3895	2825	1070
L05956	2	-46,5394300	-23,5959940	2022	0,0989	0,1026	3634	2528	1106
L05957	1	-46,5450386	-23,5985655	1975	0,0506	0,0513	3567	2479	1088
L05958	1	-46,5654838	-23,5972434	2924	0,0342	0,0513	5305	3683	1622
L05964	1	-46,6783620	-23,6167251	2994	0,0334	0,0513	5082	3353	1729
L05965	4	-46,6619780	-23,6090200	3849	0,1039	0,2052	6946	4334	2612
L05966	3	-46,6599239	-23,6127900	4523	0,0663	0,1539	8055	5113	2942
L05967	2	-46,6885280	-23,6126750	4170	0,048	0,1026	6900	4718	2182
L05969	3	-46,6882980	-23,6116910	2974	0,1009	0,1539	5627	3387	2240
L05970	1	-46,6673187	-23,6261976	2521	0,0397	0,0513	4330	2895	1435
L05971	1	-46,6565440	-23,6161400	2071	0,0483	0,0513	3277	2385	892
L05972	8	-46,6606590	-23,6082950	3573	0,2239	0,4105	6139	4037	2102
L05974	6	-46,6641427	-23,6002288	6184	0,097	0,3079	10325	6924	3401
L05976	4	-46,6786792	-23,6169250	3059	0,1308	0,2052	4637	3422	1215
L05977	7	-46,6702545	-23,6470231	3091	0,2265	0,3592	4695	3516	1179
L05978	1	-46,6439417	-23,6284438	2379	0,042	0,0513	4586	2796	1790
L05979	1	-46,6580933	-23,6013714	3443	0,029	0,0513	5874	3827	2047
L05981	3	-46,6812703	-23,6263887	3816	0,0786	0,1539	6833	4360	2473
L05982	9	-46,6821455	-23,6155051	5201	0,173	0,4618	8875	5878	2997
L05983	2	-46,6510975	-23,6123036	3947	0,0507	0,1026	7274	4497	2777
L05985	3	-46,6850791	-23,6183057	3742	0,0802	0,1539	6558	4258	2300
L05987	3	-46,6726843	-23,6097127	3510	0,0855	0,1539	5718	3982	1736
L05991	3	-46,6608489	-23,6330376	3246	0,0924	0,1539	5977	3853	2124
L05992	2	-46,6629476	-23,6161029	1424	0,1404	0,1026	2755	1641	1114
L05993	1	-46,6505677	-23,6188035	2451	0,0408	0,0513	3798	2806	992
L05994	1	-46,6880132	-23,6223740	4177	0,0239	0,0513	7394	4699	2695
L05995	3	-46,6692023	-23,5986819	4821	0,0622	0,1539	7627	5289	2338
L05996	1	-46,6390563	-23,5354119	3573	0,028	0,0513	6373	4095	2278
L05997	4	-46,6475368	-23,6025329	2704	0,1479	0,2052	4279	2988	1291
L05998	3	-46,6284912	-23,6138398	2408	0,1246	0,1539	3730	2799	931
L06000	3	-46,6362275	-23,5988254	5755	0,0521	0,1539	9671	6446	3225
L06002	1	-46,6235160	-23,6123380	3568	0,028	0,0513	6002	4132	1870
L06008	1	-46,6239491	-23,6061875	2084	0,048	0,0513	3561	2425	1136
L06009	2	-46,6344182	-23,5944514	2798	0,0715	0,1026	4833	3210	1623
L06013	1	-46,6344010	-23,5954544	2340	0,0427	0,0513	4149	2692	1457
L06017	1	-46,6348198	-23,6125399	2346	0,0426	0,0513	4142	2720	1422
L06018	1	-46,6298110	-23,6205725	1948	0,0513	0,0513	3275	2387	888
L06019	2	-46,6449004	-23,6103211	2557	0,0782	0,1026	4643	2988	1655
L06020	4	-46,6201994	-23,6074833	1448	0,2762	0,2052	2183	1677	506
L06022	3	-46,6399802	-23,6207015	7560	0,0397	0,1539	11823	8719	3104
L06026	5	-46,6383254	-23,5955707	3315	0,1508	0,2565	5603	3692	1911
L06031	1	-46,5834188	-23,6215419	2911	0,0344	0,0513	5114	3726	1388
L06032	2	-46,6120690	-23,5882350	2927	0,0683	0,1026	5450	3505	1945
L06035	2	-46,6093832	-23,5888257	2646	0,0756	0,1026	4381	3053	1328
L06039	2	-46,6072382	-23,5903260	2134	0,0937	0,1026	3877	2517	1360
L06043	2	-46,5939912	-23,6283792	2004	0,0998	0,1026	3754	2526	1228
L06046	1	-46,5830025	-23,6226329	2716	0,0368	0,0513	4830	3455	1375
L06047	1	-46,5866191	-23,6277500	3027	0,033	0,0513	5754	3872	1882
L06048	1	-46,5945812	-23,6240333	3452	0,029	0,0513	6548	4452	2096
L06051	1	-46,6031399	-23,6063806	3228	0,031	0,0513	5899	4148	1751
L06055	1	-46,6096977	-23,5916041	2870	0,0348	0,0513	5430	3473	1957
L06056	3	-46,6019600	-23,5909040	5133	0,0584	0,1539	9867	6305	3562
L06059	1	-46,5975968	-23,6097769	2880	0,0347	0,0513	4845	3529	1316
L06065	1	-46,6119497	-23,5892321	3011	0,0332	0,0513	5516	3638	1878
L06067	1	-46,6098374	-23,5932998	5055	0,0198	0,0513	8453	5954	2499
L06661	1	-46,7041000	-23,7108340	2709	0,0369	0,0513	4548	3262	1286
L06663	1	-46,7157832	-23,6718387	1948	0,0513	0,0513	3430	2333	1097
L06664	3	-46,7020763	-23,6853645	3332	0,09	0,1539	5602	4031	1571
L06665	1	-46,6964372	-23,6925377	2324	0,043	0,0513	3819	2859	960
L06666	1	-46,7147308	-23,6702428	2788	0,0359	0,0513	5109	3374	1735
L06667	2	-46,6985697	-23,7261191	2231	0,0896	0,1026	3856	2781	1075
L06677	4	-46,7023442	-23,7336887	3497	0,1144	0,2052	6166	4530	1636
L06678	1	-46,7003248	-23,7336023	2433	0,0411	0,0513	3957	3049	908
L06679	1	-46,7081139	-23,6888596	3276	0,0305	0,0513	5643	3922	1721
L06687	1	-46,6995340	-23,7330324	2757	0,0363	0,0513	4736	3370	1366
L06691	1	-46,6914688	-23,7136432	2546	0,0393	0,0513	4232	3121	1111
L06695	1	-46,6958522	-23,6940299	960	0,1042	0,0513	1484	1199	285
L07577	1	-46,6419142	-23,6629092	3221	0,031	0,0513	5894	4037	1857
L07579	2	-46,6444998	-23,6334867	4067	0,0492	0,1026	7242	4778	2464
L07587	1	-46,6389892	-23,6729739	4038	0,0248	0,0513	6961	5171	1790
L07594	3	-46,6408225	-23,6457886	2578	0,1164	0,1539	4645	3018	1627
L07595	1	-46,6355606	-23,6678098	4296	0,0233	0,0513	7638	5546	2092
L07596	1	-46,6408930	-23,6522075	3383	0,0296	0,0513	6330	4133	2197
L07597	1	-46,6535415	-23,6619014	2754	0,0363	0,0513	4727	3504	1223
L07598	1	-46,6392154	-23,6408466	3709	0,027	0,0513	6533	4338	2195
L07600	1	-46,6356262	-23,6788985	1377	0,0726	0,0513	2329	1795	534
L07666	4	-46,7187075	-23,4795423	4684	0,0854	0,2052	9004	6008	2996
L07675	1	-46,7341179	-23,4868877	2381	0,042	0,0513	4269	2907	1362
L07676	1	-46,7132969	-23,4942851	2690	0,0372	0,0513	5011	3334	1677
L07678	1	-46,7265335	-23,4891389	1972	0,0507	0,0513	3537	2347	1190
L07679	1	-46,7399355	-23,4854976	1669	0,0599	0,0513	2714	2024	690
L07681	1	-46,7278522	-23,4974960	3589	0,0279	0,0513	6232	4432	1800
L07683	1	-46,4716478	-23,4993793	1880	0,0532	0,0513	3092	2381	711
L07691	3	-46,4782924	-23,4882415	2673	0,1122	0,1539	4549	3394	1155
L07714	1	-46,4773819	-23,4879119	1046	0,0956	0,0513	1700	1307	393
L07716	1	-46,6940451	-23,4986203	1924	0,052	0,0513	3114	2268	846
L07722	2	-46,7100048	-23,4798680	2502	0,0799	0,1026	4590	3267	1323
L07723	1	-46,7155090	-23,4737413	2363	0,0423	0,0513	4249	3098	1151
L07725	1	-46,7203590	-23,4728158	1930	0,0518	0,0513	3380	2566	814
L07727	1	-46,6972109	-23,4923489	2499	0,04	0,0513	4705	3018	1687
L07732	3	-46,6916354	-23,4865099	2408	0,1246	0,1539	4588	2950	1638
L07746	2	-46,6942692	-23,4998988	1098	0,1821	0,1026	1786	1314	472
L07747	1	-46,6864477	-23,4984882	854	0,1171	0,0513	1465	1082	383
L07749	2	-46,6918357	-23,4979540	547	0,3656	0,1026	863	658	205
L07750	1	-46,7708337	-23,6299871	13605	0,0074	0,0513	25821	17652	8169
L07752	1	-46,7562863	-23,6156016	3810	0,0262	0,0513	6732	4937	1795
L07756	2	-46,7617923	-23,6408234	4236	0,0472	0,1026	7697	5404	2293
L07761	2	-46,7758320	-23,6436922	4304	0,0465	0,1026	7784	5385	2399
L07764	2	-46,7625103	-23,6349197	3815	0,0524	0,1026	6862	4883	1979
L07765	2	-46,7497115	-23,6403144	4495	0,0445	0,1026	7813	5662	2151
L07766	1	-46,7870213	-23,6430817	3412	0,0293	0,0513	6214	4373	1841
L07767	1	-46,7490615	-23,6345587	3174	0,0315	0,0513	5702	4133	1569
L07770	1	-46,7542153	-23,6198219	4129	0,0242	0,0513	7176	5149	2027
L07772	1	-46,7607719	-23,6385695	2910	0,0344	0,0513	5170	3706	1464
L07773	1	-46,7538973	-23,6349349	4025	0,0248	0,0513	6657	5039	1618
L08185	1	-46,7191286	-23,6260213	1988	0,0503	0,0513	3164	2315	849
L08186	2	-46,7043257	-23,6097843	2189	0,0914	0,1026	3576	2546	1030
L08188	2	-46,7165770	-23,5900570	2517	0,0795	0,1026	3979	2849	1130
L08189	1	-46,7439953	-23,5966397	2735	0,0366	0,0513	4371	3211	1160
L08190	1	-46,7131334	-23,6188108	3137	0,0319	0,0513	5166	3531	1635
L08191	1	-46,7412727	-23,6104585	2419	0,0413	0,0513	3595	2771	824
L08193	3	-46,7073893	-23,5739269	1438	0,2086	0,1539	2590	1633	957
L08194	9	-46,7194106	-23,5935367	4012	0,2243	0,4618	6747	4420	2327
L08195	4	-46,7277361	-23,6045363	3437	0,1164	0,2052	5923	4007	1916
L08197	5	-46,7361238	-23,5854310	1908	0,2621	0,2565	3173	2287	886
L08198	1	-46,7269586	-23,5890197	3106	0,0322	0,0513	5469	3609	1860
L08200	2	-46,7298173	-23,5966128	2551	0,0784	0,1026	4499	3046	1453
L08201	3	-46,7313899	-23,5980074	3354	0,0894	0,1539	5937	3987	1950
L08205	2	-46,7205486	-23,5875210	2564	0,078	0,1026	4386	2949	1437
L08206	1	-46,7371220	-23,5927960	2484	0,0403	0,0513	4358	3007	1351
L08207	2	-46,7206164	-23,5767376	2202	0,0908	0,1026	4045	2564	1481
L08209	1	-46,7308370	-23,5944510	2715	0,0368	0,0513	4573	3264	1309
L08211	1	-46,7570506	-23,5977877	2938	0,034	0,0513	5449	3746	1703
L08212	1	-46,7546852	-23,5949824	2625	0,0381	0,0513	4694	3368	1326
L08213	6	-46,7052007	-23,6074205	2725	0,2202	0,3079	4343	3206	1137
L08214	2	-46,7156551	-23,5796180	554	0,361	0,1026	796	618	178
L08215	1	-46,7348652	-23,5978430	906	0,1104	0,0513	1570	1117	453
L08219	2	-46,6985844	-23,5862008	2637	0,0758	0,1026	4368	2905	1463
L08220	2	-46,7456903	-23,6030840	1945	0,1028	0,1026	3106	2290	816
L08221	1	-46,7053802	-23,5795572	2467	0,0405	0,0513	4338	2752	1586
L08228	2	-46,5242269	-23,5438048	897	0,223	0,1026	1494	1147	347
L08234	1	-46,5317956	-23,5421192	3038	0,0329	0,0513	5442	3818	1624
L08236	1	-46,4990570	-23,5735096	2833	0,0353	0,0513	4657	3582	1075
L08238	1	-46,5056207	-23,5405406	972	0,1029	0,0513	1635	1239	396
L08253	1	-46,5180016	-23,5532674	1140	0,0877	0,0513	1856	1423	433
L08254	1	-46,5030630	-23,5515660	2892	0,0346	0,0513	5108	3701	1407
L08265	2	-46,5251630	-23,5338233	5108	0,0392	0,1026	9329	6208	3121
L08267	1	-46,5464060	-23,5700350	1922	0,052	0,0513	3132	2354	778
L08268	3	-46,5382964	-23,5663555	2910	0,1031	0,1539	5207	3628	1579
L08269	2	-46,5456990	-23,5729610	1641	0,1219	0,1026	2921	2045	876
L08271	1	-46,5489169	-23,5706004	2230	0,0448	0,0513	4306	2779	1527
L08274	1	-46,5439614	-23,5676780	2439	0,041	0,0513	5027	3105	1922
L08276	1	-46,5458952	-23,5550134	2003	0,0499	0,0513	3017	2414	603
L08278	1	-46,5421410	-23,5610590	3394	0,0295	0,0513	6342	4245	2097
L08280	1	-46,5272729	-23,5842759	3215	0,0311	0,0513	5879	4206	1673
L08285	1	-46,5421019	-23,5584414	1912	0,0523	0,0513	3129	2348	781
L08286	1	-46,5228208	-23,5778668	2051	0,0488	0,0513	3585	2631	954
L08287	1	-46,5495140	-23,5691620	649	0,1541	0,0513	1068	790	278
L08294	1	-46,5977750	-23,4858511	966	0,1035	0,0513	1572	1230	342
L08306	1	-46,5810523	-23,4735563	1953	0,0512	0,0513	3282	2468	814
L08309	1	-46,5870109	-23,4731635	2255	0,0443	0,0513	4250	2778	1472
L08314	2	-46,6000523	-23,4896398	3153	0,0634	0,1026	5703	3872	1831
L08315	2	-46,5745111	-23,4595761	955	0,2094	0,1026	1762	1337	425
L08320	2	-46,5866345	-23,4663679	2991	0,0669	0,1026	5086	3758	1328
L08329	1	-46,5324351	-23,6017298	2549	0,0392	0,0513	4651	3215	1436
L08334	2	-46,5237361	-23,5957342	4037	0,0495	0,1026	7533	5184	2349
L08337	1	-46,5124860	-23,5891800	2899	0,0345	0,0513	5040	3740	1300
L08339	1	-46,5170364	-23,6013813	1959	0,051	0,0513	3455	2476	979
L08340	1	-46,5365552	-23,5957785	3050	0,0328	0,0513	5865	3909	1956
L08343	1	-46,5377963	-23,5816242	3112	0,0321	0,0513	5858	3912	1946
L08344	1	-46,5190849	-23,6068070	2708	0,0369	0,0513	4764	3597	1167
L08346	1	-46,5159118	-23,5981902	1878	0,0532	0,0513	3155	2401	754
L08354	2	-46,6718510	-23,6480180	3606	0,0555	0,1026	5953	4267	1686
L08357	2	-46,6566918	-23,6673339	2867	0,0698	0,1026	5558	3511	2047
L08362	5	-46,6599252	-23,6645331	3182	0,1571	0,2565	5899	3877	2022
L08365	1	-46,6383547	-23,6857440	3713	0,0269	0,0513	6684	4675	2009
L08366	1	-46,6568661	-23,6677858	2114	0,0473	0,0513	4127	2597	1530
L08369	1	-46,6692349	-23,6669498	3705	0,027	0,0513	6566	4618	1948
L08371	1	-46,6452777	-23,6816754	2288	0,0437	0,0513	4435	3097	1338
L08372	2	-46,6459844	-23,6750154	2880	0,0694	0,1026	5258	3622	1636
L08377	2	-46,6776829	-23,6644228	3581	0,0559	0,1026	6118	4373	1745
L08380	1	-46,3955110	-23,5079850	4070	0,0246	0,0513	7143	5356	1787
L08386	3	-46,3879010	-23,5188440	3845	0,078	0,1539	6696	5024	1672
L08390	1	-46,3766695	-23,5066526	4172	0,024	0,0513	7610	5548	2062
L08393	1	-46,3905136	-23,4921738	2500	0,04	0,0513	4429	3299	1130
L08394	1	-46,3870301	-23,4964237	3348	0,0299	0,0513	5936	4200	1736
L08398	1	-46,4040381	-23,5003398	2632	0,038	0,0513	4564	3375	1189
L08408	1	-46,3900305	-23,4923096	2762	0,0362	0,0513	5089	3777	1312
L08411	2	-46,3698794	-23,5080357	3148	0,0635	0,1026	5639	4225	1414
L08413	1	-46,3937105	-23,5156176	1095	0,0913	0,0513	2083	1525	558
L08417	1	-46,3806444	-23,5150740	2751	0,0364	0,0513	4718	3665	1053
L08422	1	-46,4003582	-23,5441270	1520	0,0658	0,0513	2178	1462	716
L08427	2	-46,4213722	-23,5297891	4764	0,042	0,1026	7765	5959	1806
L08431	3	-46,4023983	-23,5435780	3363	0,0892	0,1539	5917	4490	1427
L08438	1	-46,4254538	-23,5250259	3705	0,027	0,0513	6437	4786	1651
L08440	2	-46,4091642	-23,5275663	2973	0,0673	0,1026	5298	3892	1406
L08442	1	-46,3994934	-23,5325352	3824	0,0262	0,0513	7163	5062	2101
L08443	1	-46,4155334	-23,5455554	1247	0,0802	0,0513	2181	1603	578
L08450	2	-46,4075993	-23,5541832	3404	0,0588	0,1026	5663	4220	1443
L08454	1	-46,4066295	-23,5366390	2713	0,0369	0,0513	4822	3590	1232
L08455	1	-46,4007548	-23,5495498	2353	0,0425	0,0513	4306	3004	1302
L08459	1	-46,4060980	-23,5364980	1267	0,0789	0,0513	1475	1092	383
L08460	2	-46,4151119	-23,5465924	925	0,2162	0,1026	1672	1159	513
L08847	1	-46,7045504	-23,7542184	5925	0,0169	0,0513	10150	7592	2558
L08849	2	-46,6810095	-23,7397520	2444	0,0818	0,1026	4220	3097	1123
L08852	1	-46,7044580	-23,7593862	2527	0,0396	0,0513	4290	3181	1109
L08853	1	-46,6805020	-23,7527693	3612	0,0277	0,0513	6315	4616	1699
L08856	1	-46,6732124	-23,7614879	1860	0,0538	0,0513	3183	2357	826
L08863	1	-46,6886063	-23,7505995	3166	0,0316	0,0513	5819	4112	1707
L08869	1	-46,6976128	-23,7478250	3454	0,029	0,0513	5909	4430	1479
L08870	1	-46,6818898	-23,7403681	3700	0,027	0,0513	6280	4769	1511
L08871	1	-46,6684971	-23,7532554	4993	0,02	0,0513	8570	6421	2149
L08872	1	-46,6890875	-23,7386502	2798	0,0357	0,0513	4627	3538	1089
L08873	1	-46,6837456	-23,7546935	3538	0,0283	0,0513	6358	4435	1923
L08874	1	-46,6701917	-23,7428868	5030	0,0199	0,0513	8684	6561	2123
L08880	2	-46,6703618	-23,7532358	3720	0,0538	0,1026	5940	4631	1309
L08881	1	-46,7044858	-23,7451062	1853	0,054	0,0513	2879	2295	584
L08883	3	-46,6962564	-23,7488134	1292	0,2322	0,1539	2132	1641	491
L08887	2	-46,7821867	-23,7409511	5907	0,0339	0,1026	10173	7415	2758
L08889	2	-46,7529192	-23,6919752	3326	0,0601	0,1026	5647	4219	1428
L08899	2	-46,7296989	-23,6686244	4808	0,0416	0,1026	7532	5810	1722
L08900	1	-46,7459944	-23,6760859	3870	0,0258	0,0513	6211	4807	1404
L08902	1	-46,7420691	-23,6929780	3706	0,027	0,0513	6165	4741	1424
L08904	1	-46,7658122	-23,6917667	2592	0,0386	0,0513	4485	3296	1189
L08905	1	-46,7646740	-23,6894253	1784	0,0561	0,0513	2837	2183	654
L08913	1	-46,7553528	-23,6757960	3255	0,0307	0,0513	5943	4082	1861
L08919	2	-46,7518905	-23,6805097	3188	0,0627	0,1026	5387	4046	1341
L08921	1	-46,7477778	-23,6709060	3171	0,0315	0,0513	5519	3877	1642
L08924	3	-46,7528366	-23,6745244	3179	0,0944	0,1539	5308	3981	1327
L08927	1	-46,7602288	-23,6921984	3141	0,0318	0,0513	5143	3919	1224
L08928	1	-46,7383011	-23,6797511	3519	0,0284	0,0513	5719	4390	1329
L08930	1	-46,7603013	-23,6823176	2127	0,047	0,0513	3532	2612	920
L08931	1	-46,7926628	-23,7318431	4353	0,023	0,0513	7513	5588	1925
L08934	1	-46,7701634	-23,7200619	4256	0,0235	0,0513	7146	5402	1744
L08940	1	-46,7643695	-23,6705361	2617	0,0382	0,0513	4716	3439	1277
L08942	1	-46,7709966	-23,6560362	1558	0,0642	0,0513	2772	2007	765
L08943	1	-46,7619149	-23,6635947	1581	0,0633	0,0513	2777	2012	765
L08944	1	-46,7869811	-23,6550768	3281	0,0305	0,0513	5927	4213	1714
L08946	2	-46,7599809	-23,6583845	3828	0,0522	0,1026	6414	4828	1586
L08948	1	-46,7709966	-23,6560362	4506	0,0222	0,0513	7853	5738	2115
L08951	1	-46,7886418	-23,6575053	2044	0,0489	0,0513	3413	2611	802
L08953	1	-46,7897522	-23,6576515	2681	0,0373	0,0513	4927	3511	1416
L08954	1	-46,7664599	-23,6622186	3884	0,0257	0,0513	7168	4912	2256
L08957	1	-46,7797422	-23,6633017	2939	0,034	0,0513	5299	3860	1439
L08958	1	-46,7594862	-23,6585655	2498	0,04	0,0513	4132	3123	1009
L08961	1	-46,7833170	-23,6591080	3489	0,0287	0,0513	6112	4474	1638
L08963	1	-46,7734927	-23,6740405	2049	0,0488	0,0513	3996	2559	1437
L08965	1	-46,7675970	-23,6617050	4014	0,0249	0,0513	7021	5104	1917
L08969	1	-46,7387859	-23,5794283	2272	0,044	0,0513	3703	2689	1014
L08970	2	-46,7496719	-23,5825103	2692	0,0743	0,1026	4652	3312	1340
L08973	2	-46,7736965	-23,5753008	3789	0,0528	0,1026	5984	4683	1301
L08975	1	-46,7386988	-23,5779575	1738	0,0575	0,0513	2783	2052	731
L08978	1	-46,7428667	-23,5721823	1238	0,0808	0,0513	1863	1417	446
L08979	1	-46,7659213	-23,5803246	1496	0,0668	0,0513	2293	1792	501
L08981	1	-46,7462340	-23,5733770	1936	0,0517	0,0513	3286	2410	876
L08982	4	-46,7512554	-23,5452190	2973	0,1345	0,2052	5291	3603	1688
L08987	5	-46,7591098	-23,5417165	2410	0,2075	0,2565	4045	2988	1057
L08989	1	-46,7421886	-23,5732813	4364	0,0229	0,0513	7754	5121	2633
L08990	1	-46,7660251	-23,5891918	3308	0,0302	0,0513	5815	4319	1496
L08993	1	-46,7392086	-23,5715905	1997	0,0501	0,0513	3453	2434	1019
L08996	2	-46,7543940	-23,5690070	2249	0,0889	0,1026	4437	2776	1661
L08998	1	-46,7616411	-23,5738108	3264	0,0306	0,0513	5781	3909	1872
L08999	3	-46,7748594	-23,5743052	2796	0,1073	0,1539	5077	3810	1267
L09000	2	-46,7292351	-23,5745661	3100	0,0645	0,1026	5436	3579	1857
L09002	1	-46,7911802	-23,5945477	2463	0,0406	0,0513	4395	2990	1405
L09004	1	-46,7583340	-23,5575440	3682	0,0272	0,0513	5975	4245	1730
L09007	2	-46,7358487	-23,5809482	3036	0,0659	0,1026	5300	3546	1754
L09008	2	-46,7530566	-23,5528242	2689	0,0744	0,1026	4923	3222	1701
L09011	1	-46,7880207	-23,5954377	1331	0,0751	0,0513	2271	1675	596
L09012	1	-46,8008485	-23,5869553	1897	0,0527	0,0513	3203	2480	723
L09020	1	-46,7515200	-23,5447730	1016	0,0984	0,0513	1828	1298	530
L09023	1	-46,7882303	-23,5947908	1052	0,0951	0,0513	1780	1363	417
L09025	2	-46,7904907	-23,5952751	1505	0,1329	0,1026	2487	1890	597
L09028	1	-46,7981980	-23,5875620	1279	0,0782	0,0513	2130	1633	497
L09030	1	-46,7523220	-23,5457302	936	0,1068	0,0513	1788	1263	525
L09033	3	-46,7356399	-23,5512016	1927	0,1557	0,1539	3298	2406	892
L09034	4	-46,7138143	-23,5687160	6650	0,0602	0,2052	11871	7672	4199
L09036	1	-46,4835312	-23,6003513	2527	0,0396	0,0513	4456	3269	1187
L09038	1	-46,4490531	-23,6038892	1178	0,0849	0,0513	1993	1468	525
L09041	3	-46,4824676	-23,6012239	2857	0,105	0,1539	5384	3613	1771
L09047	1	-46,4438014	-23,6308046	2623	0,0381	0,0513	4519	3376	1143
L09048	1	-46,4688977	-23,6112514	1324	0,0755	0,0513	2334	1709	625
L09050	1	-46,4823318	-23,5909468	1623	0,0616	0,0513	2982	2201	781
L09057	4	-46,4881751	-23,5991604	3417	0,1171	0,2052	5868	4270	1598
L09058	3	-46,4473773	-23,6255264	3254	0,0922	0,1539	5325	3988	1337
L09060	2	-46,4915612	-23,5952026	2836	0,0705	0,1026	5085	3699	1386
L09062	2	-46,4892324	-23,6122890	2777	0,072	0,1026	5135	3576	1559
L09068	2	-46,4579281	-23,6104786	2371	0,0844	0,1026	4220	3084	1136
L09076	1	-46,4921282	-23,5878134	2168	0,0461	0,0513	4122	2686	1436
L09084	1	-46,4866751	-23,5892640	2723	0,0367	0,0513	4672	3532	1140
L09087	1	-46,4867752	-23,5894497	1371	0,0729	0,0513	2324	1804	520
L09091	1	-46,4719748	-23,6101579	2941	0,034	0,0513	5080	3787	1293
L09098	1	-46,7030593	-23,4716926	3193	0,0313	0,0513	5790	3980	1810
L09099	1	-46,6998285	-23,4605103	2820	0,0355	0,0513	4930	3583	1347
L09104	1	-46,6738756	-23,4613197	2864	0,0349	0,0513	4912	3725	1187
L09105	3	-46,6983080	-23,4693623	4632	0,0648	0,1539	8469	5835	2634
L09109	4	-46,7072163	-23,4599973	3074	0,1301	0,2052	5299	3983	1316
L09111	1	-46,6780978	-23,4504874	2994	0,0334	0,0513	5456	3938	1518
L09113	1	-46,6882642	-23,4736711	3556	0,0281	0,0513	6282	4605	1677
L09116	2	-46,6837802	-23,4832228	2960	0,0676	0,1026	5049	3734	1315
L09118	1	-46,6795279	-23,4641832	7883	0,0127	0,0513	15183	10348	4835
L09119	1	-46,6862656	-23,4703417	2113	0,0473	0,0513	4014	2752	1262
L09123	1	-46,6775348	-23,4595275	3138	0,0319	0,0513	5462	4143	1319
L09135	1	-46,6875898	-23,4827743	3242	0,0308	0,0513	6012	4001	2011
L09139	1	-46,6817321	-23,4657822	721	0,1387	0,0513	1209	945	264
L09141	1	-46,6997418	-23,4548467	672	0,1488	0,0513	1149	871	278
L09324	3	-46,6807410	-23,7669661	7735	0,0388	0,1539	13259	9980	3279
L09325	1	-46,7263218	-23,8274592	6787	0,0147	0,0513	12142	8727	3415
L09331	1	-46,7035072	-23,7651387	3604	0,0277	0,0513	6158	4583	1575
L09335	1	-46,6948722	-23,7705062	2172	0,046	0,0513	3674	2724	950
L09341	3	-46,6962116	-23,7633829	3630	0,0826	0,1539	5815	4452	1363
L09342	1	-46,6978953	-23,8459940	2662	0,0376	0,0513	4306	3337	969
L09344	1	-46,6923854	-23,7664548	2534	0,0395	0,0513	4216	3211	1005
L09347	4	-46,7059302	-23,7403363	3101	0,129	0,2052	5690	3864	1826
L09349	1	-46,7350231	-23,8069913	1390	0,0719	0,0513	2367	1744	623
L09357	2	-46,6847035	-23,7863114	4077	0,0491	0,1026	6645	5160	1485
L09358	1	-46,7172350	-23,7608768	1918	0,0521	0,0513	3049	2354	695
L09363	1	-46,6948722	-23,7705062	3781	0,0264	0,0513	6218	4781	1437
L09365	1	-46,7247768	-23,8302856	2009	0,0498	0,0513	3395	2519	876
L09369	2	-46,7035380	-23,7651320	3146	0,0636	0,1026	4942	3849	1093
L09370	2	-46,7127840	-23,7642340	2495	0,0802	0,1026	4004	3110	894
L09644	5	-46,7595246	-23,4046073	6764	0,0739	0,2565	12622	8645	3977
L09648	1	-46,7176648	-23,4359306	3664	0,0273	0,0513	6857	4617	2240
L09654	2	-46,7924236	-23,4385264	2360	0,0847	0,1026	4480	3143	1337
L09659	1	-46,7160862	-23,4514401	2588	0,0386	0,0513	4894	3251	1643
L09663	2	-46,7399698	-23,4091960	1434	0,1395	0,1026	2605	1936	669
L09666	1	-46,7516173	-23,3995291	2810	0,0356	0,0513	4777	3531	1246
L09669	1	-46,7604130	-23,4096050	2754	0,0363	0,0513	5019	3660	1359
L09671	2	-46,7508213	-23,4136565	4987	0,0401	0,1026	8189	6303	1886
L09680	1	-46,7192925	-23,4350205	2678	0,0373	0,0513	4924	3572	1352
L09684	1	-46,7449950	-23,4008390	1788	0,0559	0,0513	3003	2296	707
L09686	1	-46,7483690	-23,4177540	1820	0,0549	0,0513	3403	2398	1005
L09688	1	-46,7166746	-23,4347728	1683	0,0594	0,0513	2857	2153	704
L09693	1	-46,7491167	-23,4005740	1242	0,0805	0,0513	2095	1595	500
L09698	2	-46,5211510	-23,5024680	3117	0,0642	0,1026	5306	4002	1304
L09699	3	-46,5276842	-23,4983766	2694	0,1114	0,1539	4647	3454	1193
L09700	2	-46,4949911	-23,5049464	2959	0,0676	0,1026	5656	3767	1889
L09705	1	-46,4976882	-23,4974521	2912	0,0343	0,0513	5100	3739	1361
L09707	1	-46,5102750	-23,5075010	2667	0,0375	0,0513	4934	3455	1479
L09712	2	-46,5312644	-23,5048651	2786	0,0718	0,1026	5242	3698	1544
L09715	2	-46,5417660	-23,5078996	2268	0,0882	0,1026	4139	2897	1242
L09716	1	-46,5307769	-23,5112782	2975	0,0336	0,0513	5262	3745	1517
L09718	1	-46,5280832	-23,5051057	531	0,1883	0,0513	1009	704	305
L09721	1	-46,5168781	-23,5117373	706	0,1416	0,0513	1241	933	308
L09758	3	-46,4840632	-23,5126634	2966	0,1011	0,1539	5485	3744	1741
L09764	5	-46,4678340	-23,5355610	3575	0,1399	0,2565	6685	4497	2188
L09766	1	-46,4880409	-23,5223342	3475	0,0288	0,0513	6125	4652	1473
L09770	1	-46,5081371	-23,5141476	2763	0,0362	0,0513	5024	3413	1611
L09772	1	-46,4729202	-23,5342395	2773	0,0361	0,0513	4787	3486	1301
L09776	1	-46,4755638	-23,5306278	1099	0,091	0,0513	1825	1398	427
L09778	1	-46,4794044	-23,5363588	791	0,1264	0,0513	1298	1003	295
L09779	1	-46,4772755	-23,5183011	634	0,1577	0,0513	1123	860	263
L09781	1	-46,5043724	-23,5151956	911	0,1098	0,0513	1510	1166	344
L09782	1	-46,5030330	-23,5134156	1288	0,0776	0,0513	2007	1602	405
L09923	1	-46,4212855	-23,4882306	1531	0,0653	0,0513	2520	1972	548
L09925	2	-46,4289892	-23,4865951	4098	0,0488	0,1026	7255	5323	1932
L09930	1	-46,4160982	-23,5152778	3213	0,0311	0,0513	5343	4160	1183
L09934	1	-46,4079760	-23,4926871	4280	0,0234	0,0513	7364	5388	1976
L09935	1	-46,4135985	-23,4998743	4252	0,0235	0,0513	7458	5385	2073
L09937	2	-46,4180284	-23,4905184	3021	0,0662	0,1026	5041	3920	1121
L09938	1	-46,4304864	-23,4825986	3466	0,0289	0,0513	5946	4422	1524
L09945	1	-46,4180582	-23,4867289	3677	0,0272	0,0513	6336	4651	1685
L09953	1	-46,4731140	-23,5114910	2130	0,0469	0,0513	3810	2793	1017
L09955	1	-46,4581061	-23,4953823	1783	0,0561	0,0513	3145	2251	894
L09959	1	-46,4626811	-23,5121755	2874	0,0348	0,0513	5221	3497	1724
L09962	1	-46,4551140	-23,5001057	2153	0,0464	0,0513	3785	2650	1135
L09964	1	-46,4478293	-23,5112363	2288	0,0437	0,0513	3975	3015	960
L09970	1	-46,4560056	-23,5122728	3898	0,0257	0,0513	6534	5016	1518
L10134	1	-46,7361616	-23,4500614	2869	0,0349	0,0513	5129	3556	1573
L10136	1	-46,7342707	-23,4485696	2255	0,0443	0,0513	3877	2856	1021
L10137	2	-46,7356785	-23,4445684	1110	0,1802	0,1026	1850	1400	450
L10145	1	-46,7525083	-23,4519450	1441	0,0694	0,0513	2514	1880	634
L10147	3	-46,7433597	-23,4559128	2088	0,1437	0,1539	3915	2589	1326
L10148	2	-46,7311790	-23,4454790	2341	0,0854	0,1026	3944	2990	954
L10149	1	-46,7466848	-23,4441827	3405	0,0294	0,0513	5816	4442	1374
L10150	1	-46,7376300	-23,4559550	1157	0,0864	0,0513	1989	1497	492
L10152	1	-46,7319051	-23,4391779	3819	0,0262	0,0513	6289	4770	1519
L10161	2	-46,4041961	-23,5809663	1876	0,1066	0,1026	3205	2396	809
L10165	1	-46,4019720	-23,5932929	1404	0,0712	0,0513	2421	1822	599
L10169	1	-46,4441227	-23,5965195	3830	0,0261	0,0513	6692	4988	1704
L10170	1	-46,4029258	-23,5791123	3594	0,0278	0,0513	6150	4576	1574
L10176	1	-46,4272779	-23,6121140	2705	0,037	0,0513	4404	3473	931
L10178	2	-46,4094033	-23,5851215	3329	0,0601	0,1026	5585	4174	1411
L10182	1	-46,4165108	-23,5924694	2887	0,0346	0,0513	4796	3618	1178
L10184	2	-46,3942223	-23,5789990	3555	0,0563	0,1026	6001	4511	1490
L10185	2	-46,4231640	-23,5985590	1231	0,1625	0,1026	2022	1583	439
L10186	1	-46,4353757	-23,6050958	3112	0,0321	0,0513	5433	4073	1360
L10189	1	-46,4043421	-23,6017481	2151	0,0465	0,0513	3771	2855	916
L10190	2	-46,4063933	-23,5926393	3470	0,0576	0,1026	6064	4335	1729
L10191	1	-46,4081455	-23,5938557	2942	0,034	0,0513	4794	3605	1189
L10192	1	-46,4115162	-23,5827476	2764	0,0362	0,0513	4732	3574	1158
L10193	1	-46,4414315	-23,5961736	2959	0,0338	0,0513	5227	3738	1489
L10194	2	-46,3915721	-23,5870657	3661	0,0546	0,1026	5997	4550	1447
L10197	2	-46,3997870	-23,5705358	1901	0,1052	0,1026	3155	2448	707
L10200	1	-46,4077080	-23,5934470	2037	0,0491	0,0513	3462	2558	904
L10204	6	-46,4437362	-23,5536130	3367	0,1782	0,3079	5872	4414	1458
L10207	2	-46,4402616	-23,5431917	2833	0,0706	0,1026	4781	3684	1097
L10208	1	-46,4337487	-23,5491681	3521	0,0284	0,0513	6483	4451	2032
L10209	1	-46,4412380	-23,5517239	2465	0,0406	0,0513	4185	3101	1084
L10211	1	-46,4410384	-23,5384069	4053	0,0247	0,0513	7309	5151	2158
L10213	1	-46,4350193	-23,5546910	4684	0,0213	0,0513	8573	6058	2515
L10215	1	-46,4375782	-23,5533997	2536	0,0394	0,0513	4483	3244	1239
L10311	1	-46,7438418	-23,6469973	3989	0,0251	0,0513	6890	4938	1952
L10313	2	-46,7409855	-23,6288859	4572	0,0437	0,1026	7434	5319	2115
L10314	1	-46,7374229	-23,6602461	3948	0,0253	0,0513	6700	4839	1861
L10319	4	-46,7322309	-23,6212240	7028	0,0569	0,2052	12398	8767	3631
L10320	1	-46,7456339	-23,6149639	1637	0,0611	0,0513	2637	1931	706
L10321	2	-46,7373128	-23,6532119	4481	0,0446	0,1026	7802	5537	2265
L10324	1	-46,7404239	-23,6491380	3708	0,027	0,0513	6560	4602	1958
L10329	1	-46,7515285	-23,6467951	3583	0,0279	0,0513	6346	4335	2011
L10333	2	-46,7411845	-23,6324928	2557	0,0782	0,1026	4483	2941	1542
L10334	1	-46,7309023	-23,6590081	3965	0,0252	0,0513	6583	4851	1732
L10341	2	-46,7410953	-23,6309880	1989	0,1006	0,1026	3371	2272	1099
L10491	1	-46,6063628	-23,6334842	2562	0,039	0,0513	4662	3165	1497
L10492	2	-46,6086090	-23,6438400	4118	0,0486	0,1026	7089	5189	1900
L10494	1	-46,6056518	-23,6282751	4556	0,0219	0,0513	7496	5612	1884
L10500	1	-46,6198639	-23,6259356	4553	0,022	0,0513	8580	5593	2987
L10506	1	-46,5972438	-23,6398797	2835	0,0353	0,0513	4669	3551	1118
L10507	1	-46,6088981	-23,6130570	3204	0,0312	0,0513	5234	3891	1343
L10515	2	-46,5935567	-23,6451630	3108	0,0644	0,1026	5258	3966	1292
L10517	1	-46,6050459	-23,6252795	2397	0,0417	0,0513	4071	2968	1103
L10610	1	-46,4812016	-23,5483731	3878	0,0258	0,0513	6716	5098	1618
L10611	2	-46,4696904	-23,5681129	5770	0,0347	0,1026	11060	7441	3619
L10615	3	-46,4563702	-23,5747489	3354	0,0894	0,1539	5745	4207	1538
L10616	1	-46,4850436	-23,5755403	2607	0,0384	0,0513	4518	3409	1109
L10618	1	-46,4876555	-23,5528722	3863	0,0259	0,0513	7214	4790	2424
L10619	2	-46,4735226	-23,5580480	2559	0,0782	0,1026	4469	3296	1173
L10620	1	-46,4864496	-23,5496384	3089	0,0324	0,0513	5680	3970	1710
L10622	2	-46,4616617	-23,5574890	4046	0,0494	0,1026	7280	5166	2114
L10623	1	-46,4610673	-23,5638539	2685	0,0372	0,0513	4646	3537	1109
L10625	1	-46,4714895	-23,5528836	3285	0,0304	0,0513	5837	4288	1549
L10626	1	-46,4918596	-23,5564505	1317	0,0759	0,0513	2318	1776	542
L10627	3	-46,4652985	-23,5546299	3666	0,0818	0,1539	6843	4619	2224
L10630	1	-46,4606590	-23,5643471	657	0,1522	0,0513	1114	874	240
L10636	1	-46,6847532	-23,6873203	930	0,1075	0,0513	1484	1150	334
L10643	1	-46,6714350	-23,6978615	2344	0,0427	0,0513	4232	2899	1333
L10652	1	-46,6774173	-23,6820430	4275	0,0234	0,0513	7370	5418	1952
L10660	2	-46,6730061	-23,6875554	2843	0,0703	0,1026	5133	3531	1602
L10661	1	-46,6761983	-23,6715815	3187	0,0314	0,0513	5530	3861	1669
L10670	1	-46,6532948	-23,6930429	4054	0,0247	0,0513	7018	5197	1821
L10673	2	-46,6724425	-23,6892896	1555	0,1286	0,1026	2572	1965	607
L10723	2	-46,5874208	-23,4972108	3391	0,059	0,1026	6308	4248	2060
L10724	1	-46,5897661	-23,4836253	3533	0,0283	0,0513	6457	4363	2094
L10726	1	-46,5861292	-23,4922494	2903	0,0344	0,0513	5395	3706	1689
L10728	2	-46,5798590	-23,4856546	3035	0,0659	0,1026	5717	3858	1859
L10729	1	-46,5663550	-23,4727960	1160	0,0862	0,0513	1998	1537	461
L10732	1	-46,5717637	-23,4775916	2749	0,0364	0,0513	4752	3504	1248
L10746	1	-46,4876384	-23,6218370	1995	0,0501	0,0513	3308	2519	789
L10749	1	-46,5009514	-23,5953008	3234	0,0309	0,0513	5657	4320	1337
L10751	1	-46,5061790	-23,6170608	3511	0,0285	0,0513	6321	4673	1648
L10763	1	-46,5106476	-23,6155321	908	0,1101	0,0513	1577	1210	367
L10765	1	-46,4965013	-23,6166543	3324	0,0301	0,0513	6076	4282	1794
L10766	1	-46,4983849	-23,5987055	3171	0,0315	0,0513	5783	4036	1747
L10767	1	-46,5096661	-23,6117172	1613	0,062	0,0513	2708	2079	629
L10776	2	-46,6622866	-23,4787799	1314	0,1522	0,1026	2207	1705	502
L10777	2	-46,6334518	-23,4764864	2961	0,0675	0,1026	5466	3552	1914
L10779	1	-46,6398944	-23,4854805	2414	0,0414	0,0513	4899	3028	1871
L10781	4	-46,6492631	-23,4694520	4305	0,0929	0,2052	7868	5458	2410
L10782	1	-46,6285532	-23,4710309	2053	0,0487	0,0513	3411	2494	917
L10783	1	-46,6504436	-23,4737052	1529	0,0654	0,0513	2559	1936	623
L10785	1	-46,6647421	-23,4572438	3367	0,0297	0,0513	6195	4418	1777
L10787	1	-46,6597938	-23,4579944	3590	0,0279	0,0513	6710	4563	2147
L10788	2	-46,6521748	-23,4881391	2843	0,0703	0,1026	5381	3583	1798
L10789	1	-46,6351309	-23,4713832	3445	0,029	0,0513	6308	4270	2038
L10790	1	-46,6685780	-23,4641456	1708	0,0585	0,0513	2905	2222	683
L10794	1	-46,6467400	-23,4764270	3174	0,0315	0,0513	5910	4120	1790
L10796	2	-46,6434663	-23,4580215	2754	0,0726	0,1026	4853	3483	1370
L10800	1	-46,6567210	-23,4547987	1092	0,0916	0,0513	1818	1377	441
L10801	1	-46,6641570	-23,4607210	1547	0,0646	0,0513	2618	2063	555
