cod_local	QT_VOTOS	longitude	latitude	LOC_VALID	%_LOC_V	%_CAND	QT_APTOS	QT_COMPARECIMENTO	QT_ABSTENCOES
L00030	1	-46,6716846	-23,5278546	4168	0,024	0,3155	8123	4653	3470
L00044	1	-46,6566305	-23,5207777	1534	0,0652	0,3155	2722	1815	907
L05612	1	-46,6264879	-23,4763633	1123	0,089	0,3155	2007	1430	577
L05620	1	-46,6405710	-23,4868210	1451	0,0689	0,3155	2771	1812	959
L05625	1	-46,6261164	-23,4898514	2978	0,0336	0,3155	5488	3556	1932
L05634	2	-46,6264580	-23,4818440	1908	0,1048	0,6309	3707	2335	1372
L05651	1	-46,7004969	-23,5385244	1604	0,0623	0,3155	2858	1850	1008
L05654	1	-46,7056393	-23,5213772	2148	0,0466	0,3155	4003	2538	1465
L05841	1	-46,6618639	-23,5067043	2520	0,0397	0,3155	4281	2973	1308
L05843	1	-46,6732228	-23,5017435	1901	0,0526	0,3155	3104	2323	781
L05849	1	-46,6657859	-23,4885740	3928	0,0255	0,3155	7229	4920	2309
L05853	1	-46,6576552	-23,4676225	2016	0,0496	0,3155	3658	2494	1164
L05862	2	-46,6805862	-23,5028507	5531	0,0362	0,6309	9763	6800	2963
L05864	1	-46,6729030	-23,5109220	2299	0,0435	0,3155	4247	2858	1389
L05872	1	-46,6618430	-23,4656280	2879	0,0347	0,3155	4826	3497	1329
L05874	1	-46,6665068	-23,4702189	3203	0,0312	0,3155	5602	3899	1703
L05878	1	-46,6724956	-23,5102380	1331	0,0751	0,3155	2224	1674	550
L05948	1	-46,5542887	-23,6019436	1256	0,0796	0,3155	2152	1652	500
L07666	1	-46,7187075	-23,4795423	4684	0,0213	0,3155	9004	6008	2996
L07667	1	-46,7261678	-23,4829058	2616	0,0382	0,3155	4926	3233	1693
L07716	1	-46,6940451	-23,4986203	1924	0,052	0,3155	3114	2268	846
L07731	1	-46,6997557	-23,4958002	3556	0,0281	0,3155	6178	4337	1841
L07732	1	-46,6916354	-23,4865099	2408	0,0415	0,3155	4588	2950	1638
L07736	1	-46,6899944	-23,4971911	1941	0,0515	0,3155	3393	2305	1088
L07741	1	-46,6915530	-23,4896820	2900	0,0345	0,3155	4958	3548	1410
L07750	1	-46,7708337	-23,6299871	13605	0,0074	0,3155	25821	17652	8169
L07751	1	-46,7857380	-23,6492250	2439	0,041	0,3155	4196	3122	1074
L07753	1	-46,7766842	-23,6395528	2690	0,0372	0,3155	4737	3519	1218
L08199	1	-46,7202481	-23,5763764	1751	0,0571	0,3155	3121	1996	1125
L08206	1	-46,7371220	-23,5927960	2484	0,0403	0,3155	4358	3007	1351
L08211	1	-46,7570506	-23,5977877	2938	0,034	0,3155	5449	3746	1703
L08212	2	-46,7546852	-23,5949824	2625	0,0762	0,6309	4694	3368	1326
L08216	2	-46,7591668	-23,5940175	1177	0,1699	0,6309	1961	1510	451
L08396	1	-46,3830556	-23,4914097	2865	0,0349	0,3155	5005	3783	1222
L08941	1	-46,7584936	-23,6672249	1847	0,0541	0,3155	3218	2371	847
L08942	1	-46,7709966	-23,6560362	1558	0,0642	0,3155	2772	2007	765
L09010	1	-46,7580485	-23,5857090	3186	0,0314	0,3155	6188	4045	2143
L09094	5	-46,7117310	-23,4620560	3852	0,1298	1,5773	7063	5062	2001
L09097	7	-46,6833436	-23,4716951	3420	0,2047	2,2082	6292	4301	1991
L09099	4	-46,6998285	-23,4605103	2820	0,1418	1,2618	4930	3583	1347
L09101	5	-46,6966832	-23,4469548	4193	0,1192	1,5773	7420	5285	2135
L09102	23	-46,6877814	-23,4600022	3235	0,711	7,2555	5834	4249	1585
L09103	1	-46,6729691	-23,4629576	3071	0,0326	0,3155	5490	4096	1394
L09104	2	-46,6738756	-23,4613197	2864	0,0698	0,6309	4912	3725	1187
L09105	4	-46,6983080	-23,4693623	4632	0,0864	1,2618	8469	5835	2634
L09107	4	-46,6864059	-23,4697610	2203	0,1816	1,2618	4116	2829	1287
L09108	23	-46,6874952	-23,4598553	1493	1,5405	7,2555	2681	1920	761
L09109	4	-46,7072163	-23,4599973	3074	0,1301	1,2618	5299	3983	1316
L09110	1	-46,6932484	-23,4764397	3726	0,0268	0,3155	6985	4801	2184
L09111	2	-46,6780978	-23,4504874	2994	0,0668	0,6309	5456	3938	1518
L09112	4	-46,6975146	-23,4687553	3273	0,1222	1,2618	6109	4041	2068
L09113	6	-46,6882642	-23,4736711	3556	0,1687	1,8927	6282	4605	1677
L09116	1	-46,6837802	-23,4832228	2960	0,0338	0,3155	5049	3734	1315
L09117	4	-46,7020440	-23,4580940	3715	0,1077	1,2618	6828	4901	1927
L09118	54	-46,6795279	-23,4641832	7883	0,685	17,0347	15183	10348	4835
L09119	2	-46,6862656	-23,4703417	2113	0,0947	0,6309	4014	2752	1262
L09120	3	-46,7026753	-23,4471028	1959	0,1531	0,9464	3520	2602	918
L09123	4	-46,6775348	-23,4595275	3138	0,1275	1,2618	5462	4143	1319
L09124	4	-46,6736651	-23,4709745	2675	0,1495	1,2618	4617	3454	1163
L09125	3	-46,6906963	-23,4692644	2790	0,1075	0,9464	5131	3574	1557
L09126	4	-46,6908864	-23,4686604	3640	0,1099	1,2618	6924	4603	2321
L09127	1	-46,6881097	-23,4507951	3748	0,0267	0,3155	6670	4918	1752
L09129	3	-46,6940812	-23,4585925	3967	0,0756	0,9464	6922	5126	1796
L09131	2	-46,6897540	-23,4625830	1174	0,1704	0,6309	2058	1546	512
L09134	7	-46,6848409	-23,4554709	3273	0,2139	2,2082	5723	4296	1427
L09135	4	-46,6875898	-23,4827743	3242	0,1234	1,2618	6012	4001	2011
L09136	1	-46,7098867	-23,4618954	324	0,3086	0,3155	570	417	153
L09137	6	-46,6974031	-23,4623180	3119	0,1924	1,8927	5897	3958	1939
L09138	21	-46,6809709	-23,4669256	2642	0,7949	6,6246	4579	3416	1163
L09139	17	-46,6817321	-23,4657822	721	2,3578	5,3628	1209	945	264
L09140	1	-46,6847958	-23,4501963	1360	0,0735	0,3155	2370	1722	648
L09145	1	-46,6931880	-23,4731917	766	0,1305	0,3155	1379	986	393
L09146	5	-46,6902385	-23,4621836	572	0,8741	1,5773	1001	722	279
L09370	1	-46,7127840	-23,7642340	2495	0,0401	0,3155	4004	3110	894
L09648	4	-46,7176648	-23,4359306	3664	0,1092	1,2618	6857	4617	2240
L09650	1	-46,7167070	-23,4450305	2708	0,0369	0,3155	4712	3446	1266
L09656	3	-46,7076665	-23,4422276	2819	0,1064	0,9464	4709	3625	1084
L09668	1	-46,7091840	-23,4464830	1307	0,0765	0,3155	2147	1657	490
L09678	1	-46,7174060	-23,4409910	1966	0,0509	0,3155	3436	2563	873
L09681	1	-46,7207482	-23,4436328	613	0,1631	0,3155	1027	783	244
L10133	1	-46,7369336	-23,4466755	2437	0,041	0,3155	3928	3008	920
L10134	1	-46,7361616	-23,4500614	2869	0,0349	0,3155	5129	3556	1573
L10138	2	-46,7498728	-23,4458752	1878	0,1065	0,6309	3193	2426	767
L10149	1	-46,7466848	-23,4441827	3405	0,0294	0,3155	5816	4442	1374
L10162	1	-46,4037340	-23,5668844	2580	0,0388	0,3155	4380	3282	1098
L10189	1	-46,4043421	-23,6017481	2151	0,0465	0,3155	3771	2855	916
L10643	1	-46,6714350	-23,6978615	2344	0,0427	0,3155	4232	2899	1333
L10655	1	-46,6834503	-23,6829378	2922	0,0342	0,3155	5153	3581	1572
L10722	1	-46,5624088	-23,4783293	2298	0,0435	0,3155	4490	2893	1597
L10769	1	-46,6633740	-23,4626370	1208	0,0828	0,3155	2100	1567	533
L10771	2	-46,6343175	-23,4756514	2471	0,0809	0,6309	3986	2974	1012
L10778	1	-46,6714017	-23,4574567	4417	0,0226	0,3155	7852	5784	2068
L10781	1	-46,6492631	-23,4694520	4305	0,0232	0,3155	7868	5458	2410
L10785	1	-46,6647421	-23,4572438	3367	0,0297	0,3155	6195	4418	1777
L10787	2	-46,6597938	-23,4579944	3590	0,0557	0,6309	6710	4563	2147
L10791	1	-46,6510885	-23,4620515	3736	0,0268	0,3155	6918	4639	2279
L10796	1	-46,6434663	-23,4580215	2754	0,0363	0,3155	4853	3483	1370
L10802	1	-46,6456752	-23,4760563	951	0,1052	0,3155	1582	1196	386
