cod_local	QT_VOTOS	longitude	latitude	LOC_VALID	%_LOC_V	%_CAND	QT_APTOS	QT_COMPARECIMENTO	QT_ABSTENCOES
L00002	1	-46,6458082	-23,5644282	2271	0,044	0,1028	3779	2548	1231
L00003	1	-46,6455650	-23,5547500	3290	0,0304	0,1028	5696	3792	1904
L00004	5	-46,6511260	-23,5652103	5298	0,0944	0,5139	9838	5921	3917
L00005	3	-46,6603762	-23,5406137	4082	0,0735	0,3083	8248	4503	3745
L00010	1	-46,6355899	-23,5623979	2996	0,0334	0,1028	5666	3638	2028
L00011	1	-46,6535747	-23,5498948	3808	0,0263	0,1028	7072	4407	2665
L00012	1	-46,6461964	-23,5700830	3252	0,0308	0,1028	6283	3656	2627
L00018	3	-46,6419109	-23,5592168	3389	0,0885	0,3083	7001	3906	3095
L00019	1	-46,6376429	-23,5607300	2664	0,0375	0,1028	5259	3125	2134
L00022	6	-46,6521240	-23,5458002	10350	0,058	0,6166	18525	11583	6942
L00025	2	-46,6380154	-23,5642161	2151	0,093	0,2055	3803	2547	1256
L00026	1	-46,6351446	-23,5631017	1170	0,0855	0,1028	2088	1410	678
L00031	3	-46,6872489	-23,5323018	3785	0,0793	0,3083	5622	4272	1350
L00034	1	-46,6605264	-23,5415277	5254	0,019	0,1028	7993	5767	2226
L00035	2	-46,6800459	-23,5481021	3932	0,0509	0,2055	6405	4313	2092
L00037	1	-46,6566164	-23,5307137	3471	0,0288	0,1028	6463	3952	2511
L00038	1	-46,6844226	-23,5340373	3156	0,0317	0,1028	5271	3545	1726
L00041	1	-46,6798996	-23,5306990	2132	0,0469	0,1028	3296	2395	901
L00045	2	-46,6523017	-23,5318175	2128	0,094	0,2055	3940	2485	1455
L00048	1	-46,6841353	-23,5370181	2501	0,04	0,1028	3771	2812	959
L00049	2	-46,6806583	-23,5307166	4578	0,0437	0,2055	8065	5186	2879
L00051	1	-46,6946005	-23,5421890	3052	0,0328	0,1028	5602	3572	2030
L00052	1	-46,6832663	-23,5289919	4888	0,0205	0,1028	8677	5629	3048
L00055	1	-46,6566164	-23,5307137	5271	0,019	0,1028	9323	6035	3288
L00056	1	-46,6508278	-23,5375343	2409	0,0415	0,1028	4853	2751	2102
L00060	2	-46,6711550	-23,5381000	10857	0,0184	0,2055	17946	11853	6093
L00064	1	-46,6278434	-23,5475185	2980	0,0336	0,1028	5641	3584	2057
L00071	1	-46,6341197	-23,5306628	2982	0,0335	0,1028	5785	3615	2170
L00078	1	-46,6212238	-23,5429654	2774	0,036	0,1028	5496	3398	2098
L00081	2	-46,5848689	-23,5392025	3560	0,0562	0,2055	5984	4200	1784
L00087	2	-46,5842762	-23,5514675	2993	0,0668	0,2055	5617	3662	1955
L00089	1	-46,5902871	-23,5470008	2261	0,0442	0,1028	4286	2820	1466
L00092	3	-46,5828225	-23,5542479	3888	0,0772	0,3083	7164	4714	2450
L00093	2	-46,5813248	-23,5619799	3706	0,054	0,2055	6970	4489	2481
L00095	1	-46,5726610	-23,5574173	1814	0,0551	0,1028	3331	2227	1104
L00097	2	-46,5595868	-23,5719075	2559	0,0782	0,2055	4560	3187	1373
L00101	2	-46,5902071	-23,5606910	4284	0,0467	0,2055	7988	5172	2816
L00106	1	-46,5939719	-23,5375195	4328	0,0231	0,1028	6924	5149	1775
L00107	1	-46,6116378	-23,5511180	2148	0,0466	0,1028	4565	2585	1980
L00108	1	-46,5976041	-23,5519593	6779	0,0148	0,1028	11883	7994	3889
L00109	7	-46,6685837	-23,5678112	2042	0,3428	0,7194	3574	2207	1367
L00110	4	-46,6602508	-23,5695486	2517	0,1589	0,4111	4741	2759	1982
L00111	17	-46,6590182	-23,5634584	7550	0,2252	1,7472	13488	8273	5215
L00113	5	-46,6642690	-23,5638420	4708	0,1062	0,5139	8733	5175	3558
L00114	1	-46,6627773	-23,5790597	1545	0,0647	0,1028	2374	1668	706
L00116	5	-46,6726051	-23,5816669	2385	0,2096	0,5139	4109	2634	1475
L00117	1	-46,6709040	-23,5923207	3151	0,0317	0,1028	5443	3456	1987
L00118	2	-46,6768341	-23,5885769	2860	0,0699	0,2055	5240	3249	1991
L00119	6	-46,6851323	-23,5877136	2254	0,2662	0,6166	3851	2471	1380
L00120	2	-46,6758302	-23,6004582	2006	0,0997	0,2055	3761	2276	1485
L00121	10	-46,6790390	-23,5798975	3855	0,2594	1,0277	7199	4264	2935
L00122	4	-46,6734804	-23,5826449	2473	0,1617	0,4111	4205	2672	1533
L00123	5	-46,6731135	-23,5792999	2804	0,1783	0,5139	4967	3078	1889
L00124	4	-46,6605835	-23,5566944	5697	0,0702	0,4111	10701	6297	4404
L00125	6	-46,6822891	-23,5834680	4924	0,1219	0,6166	9066	5408	3658
L00126	3	-46,6724723	-23,5954720	3916	0,0766	0,3083	6669	4338	2331
L00127	2	-46,6605835	-23,5566944	6318	0,0317	0,2055	11459	6999	4460
L00128	1	-46,6769068	-23,6001070	3888	0,0257	0,1028	6994	4384	2610
L00129	1	-46,6486232	-23,5813704	3537	0,0283	0,1028	5654	3970	1684
L00131	1	-46,6442337	-23,5847251	4116	0,0243	0,1028	7035	4617	2418
L00132	1	-46,6416210	-23,5785510	4598	0,0217	0,1028	7651	5166	2485
L00133	1	-46,6320497	-23,5811282	2750	0,0364	0,1028	4986	3131	1855
L00134	6	-46,6358455	-23,5895447	4856	0,1236	0,6166	8425	5454	2971
L00135	2	-46,6431906	-23,5719338	4487	0,0446	0,2055	7477	5015	2462
L00136	2	-46,6234512	-23,5608329	4167	0,048	0,2055	7421	4897	2524
L00137	1	-46,6125927	-23,5728431	3033	0,033	0,1028	4908	3570	1338
L00139	2	-46,6500347	-23,5703394	1246	0,1605	0,2055	1910	1375	535
L00141	1	-46,6308086	-23,5650323	5144	0,0194	0,1028	9743	6059	3684
L00144	1	-46,6356180	-23,5786976	2260	0,0442	0,1028	3961	2589	1372
L00145	1	-46,6350220	-23,5881065	3012	0,0332	0,1028	5263	3410	1853
L00150	2	-46,6299014	-23,5758099	4050	0,0494	0,2055	6863	4657	2206
L00153	1	-46,6399206	-23,5899717	4323	0,0231	0,1028	6624	4826	1798
L00154	1	-46,6235069	-23,5745404	4329	0,0231	0,1028	7193	5134	2059
L00156	3	-46,6397771	-23,5727404	4608	0,0651	0,3083	8784	5242	3542
L00157	1	-46,6389836	-23,5697573	5176	0,0193	0,1028	8809	5934	2875
L00535	1	-46,7885429	-23,6654381	2164	0,0462	0,1028	3718	2707	1011
L00537	1	-46,7846410	-23,6975287	3599	0,0278	0,1028	6096	4448	1648
L00539	1	-46,7886237	-23,6861459	4146	0,0241	0,1028	7243	5328	1915
L00543	1	-46,7810676	-23,6817954	3950	0,0253	0,1028	6766	5016	1750
L00546	1	-46,7853039	-23,6768377	3484	0,0287	0,1028	6085	4510	1575
L00547	1	-46,7885429	-23,6654381	4193	0,0238	0,1028	7471	5355	2116
L00550	1	-46,7755198	-23,6742186	2704	0,037	0,1028	4775	3448	1327
L00555	1	-46,7999759	-23,6870539	3475	0,0288	0,1028	6174	4460	1714
L05530	2	-46,7007739	-23,6497088	5044	0,0397	0,2055	8236	5638	2598
L05531	5	-46,7133162	-23,6344474	2027	0,2467	0,5139	3063	2266	797
L05532	2	-46,7034029	-23,6447800	2886	0,0693	0,2055	4752	3201	1551
L05533	3	-46,7012118	-23,6454413	2673	0,1122	0,3083	4610	2961	1649
L05534	2	-46,6930410	-23,6638790	5787	0,0346	0,2055	9716	6724	2992
L05535	1	-46,6912424	-23,6607866	3055	0,0327	0,1028	4525	3449	1076
L05536	1	-46,6821350	-23,6631782	5321	0,0188	0,1028	8921	6173	2748
L05537	2	-46,6842291	-23,6383685	2076	0,0963	0,2055	2987	2240	747
L05539	1	-46,7155893	-23,6513354	1889	0,0529	0,1028	3179	2190	989
L05541	3	-46,7153680	-23,6417200	3773	0,0795	0,3083	6610	4390	2220
L05543	1	-46,6875690	-23,6745424	2821	0,0354	0,1028	4627	3474	1153
L05547	1	-46,7031531	-23,6485078	2502	0,04	0,1028	4597	2896	1701
L05549	2	-46,7057350	-23,6332760	4550	0,044	0,2055	7718	5073	2645
L05550	1	-46,6945706	-23,6304883	5120	0,0195	0,1028	8978	5840	3138
L05552	1	-46,4488381	-23,4906612	2090	0,0478	0,1028	3620	2620	1000
L05568	1	-46,4300003	-23,4998815	2971	0,0337	0,1028	5227	3654	1573
L05576	1	-46,4220218	-23,5011268	1232	0,0812	0,1028	1990	1570	420
L05580	1	-46,4367093	-23,5286893	3428	0,0292	0,1028	6257	4314	1943
L05585	1	-46,4451845	-23,5472188	2365	0,0423	0,1028	4123	3094	1029
L05595	1	-46,4580805	-23,5512840	2564	0,039	0,1028	4400	3342	1058
L05596	1	-46,4536228	-23,5552304	3671	0,0272	0,1028	6672	4852	1820
L05598	1	-46,4625526	-23,5168760	2035	0,0491	0,1028	3550	2651	899
L05601	1	-46,4359061	-23,5226454	2327	0,043	0,1028	4159	3108	1051
L05603	1	-46,4430227	-23,5314831	2610	0,0383	0,1028	4621	3404	1217
L05611	1	-46,6300964	-23,5033502	2831	0,0353	0,1028	4847	3284	1563
L05613	1	-46,6310064	-23,5025938	1028	0,0973	0,1028	2041	1205	836
L05615	1	-46,6333996	-23,5019647	1282	0,078	0,1028	2094	1527	567
L05616	2	-46,6281182	-23,4912871	3378	0,0592	0,2055	5313	3930	1383
L05617	2	-46,6180480	-23,4923992	3331	0,06	0,2055	5427	3880	1547
L05620	2	-46,6405710	-23,4868210	1451	0,1378	0,2055	2771	1812	959
L05621	2	-46,6332236	-23,4899666	5271	0,0379	0,2055	8744	6129	2615
L05624	3	-46,6161131	-23,5004170	2563	0,1171	0,3083	4896	3055	1841
L05644	4	-46,7293968	-23,5276493	3559	0,1124	0,4111	5915	4024	1891
L05649	1	-46,7178181	-23,5361638	1874	0,0534	0,1028	2784	2102	682
L05651	1	-46,7004969	-23,5385244	1604	0,0623	0,1028	2858	1850	1008
L05652	1	-46,7154710	-23,5098656	794	0,1259	0,1028	1292	929	363
L05657	3	-46,6883851	-23,5246954	2280	0,1316	0,3083	3964	2619	1345
L05659	1	-46,7518718	-23,5135808	2141	0,0467	0,1028	4040	2770	1270
L05668	1	-46,7212419	-23,5119029	1112	0,0899	0,1028	2192	1343	849
L05670	1	-46,7041160	-23,5315757	2953	0,0339	0,1028	5089	3434	1655
L05671	1	-46,7382418	-23,4999018	2364	0,0423	0,1028	4244	2840	1404
L05692	1	-46,7342495	-23,5279924	4939	0,0202	0,1028	7451	5535	1916
L05694	1	-46,6971193	-23,5441298	2311	0,0433	0,1028	3990	2579	1411
L05695	6	-46,6826600	-23,5737124	2079	0,2886	0,6166	3613	2221	1392
L05696	3	-46,6826600	-23,5737124	2813	0,1066	0,3083	4397	3021	1376
L05697	4	-46,6950038	-23,5603746	3405	0,1175	0,4111	5468	3675	1793
L05700	7	-46,7170159	-23,5510140	4888	0,1432	0,7194	7257	5167	2090
L05704	2	-46,7169080	-23,5430685	2482	0,0806	0,2055	4378	2777	1601
L05706	5	-46,6827388	-23,5501422	2508	0,1994	0,5139	4043	2732	1311
L05707	1	-46,7072431	-23,5459153	2353	0,0425	0,1028	3966	2589	1377
L05708	1	-46,6938161	-23,5563030	2004	0,0499	0,1028	3625	2231	1394
L05713	2	-46,6816743	-23,5708583	3367	0,0594	0,2055	5931	3590	2341
L05716	1	-46,6975056	-23,5623803	2545	0,0393	0,1028	4027	2825	1202
L05717	3	-46,6818722	-23,5560723	2822	0,1063	0,3083	4697	3062	1635
L05718	1	-46,6823120	-23,5625230	2934	0,0341	0,1028	4770	3236	1534
L05719	3	-46,6976578	-23,5648688	2714	0,1105	0,3083	4719	3052	1667
L05723	1	-46,5331739	-23,5220975	2306	0,0434	0,1028	3823	2837	986
L05726	1	-46,4882070	-23,5327782	863	0,1159	0,1028	1543	1100	443
L05731	1	-46,5285678	-23,5250739	3128	0,032	0,1028	5872	3858	2014
L05734	1	-46,5478984	-23,5284411	2172	0,046	0,1028	4014	2746	1268
L05737	1	-46,4989941	-23,5275262	2079	0,0481	0,1028	3862	2632	1230
L05742	1	-46,5211173	-23,5214041	2853	0,0351	0,1028	5266	3603	1663
L05747	2	-46,5214246	-23,5293125	1229	0,1627	0,2055	2257	1504	753
L05750	1	-46,5686249	-23,5424482	4557	0,0219	0,1028	7587	5295	2292
L05752	2	-46,5494401	-23,5441268	4128	0,0484	0,2055	7403	5019	2384
L05754	2	-46,5702535	-23,5486528	3035	0,0659	0,2055	4571	3526	1045
L05759	1	-46,5311184	-23,5605521	2832	0,0353	0,1028	5109	3500	1609
L05760	3	-46,4984532	-23,5847269	4733	0,0634	0,3083	8851	6109	2742
L05768	1	-46,5794166	-23,5383741	2522	0,0397	0,1028	4651	2995	1656
L05769	1	-46,5467092	-23,5412374	2157	0,0464	0,1028	3707	2712	995
L05771	1	-46,5727024	-23,5507422	2617	0,0382	0,1028	4908	3111	1797
L05772	1	-46,5679267	-23,5325642	2271	0,044	0,1028	4284	2700	1584
L05776	1	-46,5726461	-23,5512878	2634	0,038	0,1028	4333	3190	1143
L05783	2	-46,5747550	-23,5436990	1751	0,1142	0,2055	2933	2099	834
L05788	1	-46,5170255	-23,5575103	1578	0,0634	0,1028	3137	1967	1170
L05790	1	-46,5666544	-23,5322415	751	0,1332	0,1028	1423	890	533
L05791	1	-46,5315630	-23,5480380	1380	0,0725	0,1028	2259	1735	524
L05793	2	-46,5257140	-23,5554119	2865	0,0698	0,2055	5360	3578	1782
L05794	2	-46,5433831	-23,5503063	4135	0,0484	0,2055	6973	5037	1936
L05800	1	-46,6048519	-23,5043234	2579	0,0388	0,1028	4629	3241	1388
L05801	1	-46,5968739	-23,5084251	2820	0,0355	0,1028	5313	3529	1784
L05804	1	-46,5729009	-23,5009851	2656	0,0377	0,1028	4990	3348	1642
L05806	2	-46,5685781	-23,5119963	4184	0,0478	0,2055	7823	5387	2436
L05812	1	-46,5733059	-23,5126116	2290	0,0437	0,1028	4034	2934	1100
L05816	1	-46,5824545	-23,5151915	4574	0,0219	0,1028	8444	5563	2881
L05828	1	-46,6007196	-23,5005481	2697	0,0371	0,1028	4882	3315	1567
L05833	1	-46,6239380	-23,5087000	1035	0,0966	0,1028	1958	1312	646
L05848	2	-46,6506305	-23,5026837	3720	0,0538	0,2055	6771	4492	2279
L05857	2	-46,6610100	-23,4937600	3204	0,0624	0,2055	6028	4077	1951
L05867	1	-46,6611936	-23,4979397	2374	0,0421	0,1028	4516	2931	1585
L05870	1	-46,6722354	-23,4967228	2389	0,0419	0,1028	4246	3161	1085
L05880	1	-46,6130080	-23,4747157	994	0,1006	0,1028	2024	1156	868
L05884	1	-46,6024410	-23,4546385	2320	0,0431	0,1028	3954	2867	1087
L05889	1	-46,6306396	-23,4568482	2624	0,0381	0,1028	4737	3252	1485
L05890	1	-46,6048373	-23,4642332	3719	0,0269	0,1028	6880	4577	2303
L05900	1	-46,5803132	-23,4357702	2733	0,0366	0,1028	5108	3666	1442
L05913	1	-46,6248203	-23,4576182	3097	0,0323	0,1028	5869	3776	2093
L05926	2	-46,5852470	-23,5802350	4531	0,0441	0,2055	8206	5391	2815
L05929	1	-46,5585843	-23,5972769	3198	0,0313	0,1028	6011	4129	1882
L05941	1	-46,5887796	-23,5755336	1948	0,0513	0,1028	3574	2324	1250
L05942	1	-46,5766081	-23,5796376	2512	0,0398	0,1028	4766	3082	1684
L05943	1	-46,5480300	-23,5998140	3286	0,0304	0,1028	5695	4099	1596
L05944	1	-46,5421787	-23,5921449	3003	0,0333	0,1028	5738	3791	1947
L05945	2	-46,5663969	-23,5940979	2754	0,0726	0,2055	5100	3435	1665
L05946	1	-46,5642049	-23,5759686	2719	0,0368	0,1028	4371	3343	1028
L05951	2	-46,5702281	-23,5758520	1372	0,1458	0,2055	2658	1731	927
L05954	1	-46,5808524	-23,5927084	2296	0,0436	0,1028	3895	2825	1070
L05956	1	-46,5394300	-23,5959940	2022	0,0495	0,1028	3634	2528	1106
L05964	1	-46,6783620	-23,6167251	2994	0,0334	0,1028	5082	3353	1729
L05965	4	-46,6619780	-23,6090200	3849	0,1039	0,4111	6946	4334	2612
L05966	4	-46,6599239	-23,6127900	4523	0,0884	0,4111	8055	5113	2942
L05967	3	-46,6885280	-23,6126750	4170	0,0719	0,3083	6900	4718	2182
L05968	1	-46,6685076	-23,6131455	3538	0,0283	0,1028	6251	3963	2288
L05969	3	-46,6882980	-23,6116910	2974	0,1009	0,3083	5627	3387	2240
L05971	2	-46,6565440	-23,6161400	2071	0,0966	0,2055	3277	2385	892
L05972	4	-46,6606590	-23,6082950	3573	0,112	0,4111	6139	4037	2102
L05973	3	-46,6755086	-23,6206909	2385	0,1258	0,3083	3883	2648	1235
L05974	6	-46,6641427	-23,6002288	6184	0,097	0,6166	10325	6924	3401
L05975	1	-46,6709636	-23,6171214	2324	0,043	0,1028	3817	2641	1176
L05976	2	-46,6786792	-23,6169250	3059	0,0654	0,2055	4637	3422	1215
L05977	2	-46,6702545	-23,6470231	3091	0,0647	0,2055	4695	3516	1179
L05978	1	-46,6439417	-23,6284438	2379	0,042	0,1028	4586	2796	1790
L05979	3	-46,6580933	-23,6013714	3443	0,0871	0,3083	5874	3827	2047
L05981	1	-46,6812703	-23,6263887	3816	0,0262	0,1028	6833	4360	2473
L05982	10	-46,6821455	-23,6155051	5201	0,1923	1,0277	8875	5878	2997
L05983	2	-46,6510975	-23,6123036	3947	0,0507	0,2055	7274	4497	2777
L05985	2	-46,6850791	-23,6183057	3742	0,0534	0,2055	6558	4258	2300
L05986	1	-46,6440222	-23,6209368	2009	0,0498	0,1028	3782	2326	1456
L05987	3	-46,6726843	-23,6097127	3510	0,0855	0,3083	5718	3982	1736
L05988	1	-46,6679674	-23,6420583	3208	0,0312	0,1028	5082	3709	1373
L05989	9	-46,6718044	-23,6208493	3539	0,2543	0,925	6412	4051	2361
L05990	2	-46,6927807	-23,6165017	1477	0,1354	0,2055	2368	1722	646
L05992	1	-46,6629476	-23,6161029	1424	0,0702	0,1028	2755	1641	1114
L05994	5	-46,6880132	-23,6223740	4177	0,1197	0,5139	7394	4699	2695
L05995	8	-46,6692023	-23,5986819	4821	0,1659	0,8222	7627	5289	2338
L05997	1	-46,6475368	-23,6025329	2704	0,037	0,1028	4279	2988	1291
L06000	2	-46,6362275	-23,5988254	5755	0,0348	0,2055	9671	6446	3225
L06001	1	-46,6367820	-23,6023840	4353	0,023	0,1028	7231	4917	2314
L06003	3	-46,6214935	-23,6221583	2425	0,1237	0,3083	3862	2803	1059
L06005	1	-46,6362090	-23,6170540	2367	0,0422	0,1028	3816	2777	1039
L06006	1	-46,6360133	-23,6258929	2395	0,0418	0,1028	4157	2791	1366
L06011	1	-46,6255542	-23,6092089	2648	0,0378	0,1028	4891	3146	1745
L06012	1	-46,6319660	-23,6059990	2471	0,0405	0,1028	4092	2850	1242
L06015	1	-46,6448925	-23,6100010	2447	0,0409	0,1028	4269	2836	1433
L06019	2	-46,6449004	-23,6103211	2557	0,0782	0,2055	4643	2988	1655
L06022	3	-46,6399802	-23,6207015	7560	0,0397	0,3083	11823	8719	3104
L06025	2	-46,6389693	-23,6190507	3888	0,0514	0,2055	6569	4406	2163
L06026	1	-46,6383254	-23,5955707	3315	0,0302	0,1028	5603	3692	1911
L06027	2	-46,6300558	-23,5928665	2573	0,0777	0,2055	4339	2922	1417
L06031	1	-46,5834188	-23,6215419	2911	0,0344	0,1028	5114	3726	1388
L06038	1	-46,6043324	-23,5881805	4423	0,0226	0,1028	7818	5323	2495
L06040	1	-46,6000559	-23,6225320	1860	0,0538	0,1028	3641	2456	1185
L06041	1	-46,6051622	-23,5751923	2652	0,0377	0,1028	4753	3194	1559
L06046	1	-46,5830025	-23,6226329	2716	0,0368	0,1028	4830	3455	1375
L06067	1	-46,6098374	-23,5932998	5055	0,0198	0,1028	8453	5954	2499
L06661	2	-46,7041000	-23,7108340	2709	0,0738	0,2055	4548	3262	1286
L06662	1	-46,6977550	-23,7276870	2621	0,0382	0,1028	4332	3313	1019
L06666	1	-46,7147308	-23,6702428	2788	0,0359	0,1028	5109	3374	1735
L06671	5	-46,7092435	-23,7150718	2233	0,2239	0,5139	3875	2681	1194
L06672	1	-46,7004276	-23,7112720	3395	0,0295	0,1028	6059	4083	1976
L06679	4	-46,7081139	-23,6888596	3276	0,1221	0,4111	5643	3922	1721
L06683	3	-46,6987338	-23,7098273	2586	0,116	0,3083	4747	3089	1658
L06685	3	-46,6955380	-23,7139433	789	0,3802	0,3083	1267	982	285
L06689	1	-46,7031746	-23,6922472	2879	0,0347	0,1028	4842	3413	1429
L07578	2	-46,6468602	-23,6449791	4043	0,0495	0,2055	7270	4851	2419
L07581	1	-46,6363601	-23,6810716	3028	0,033	0,1028	5287	3909	1378
L07584	2	-46,6320328	-23,6429320	2322	0,0861	0,2055	3693	2812	881
L07585	1	-46,6489412	-23,6630793	4484	0,0223	0,1028	7661	5544	2117
L07586	2	-46,6662000	-23,6526625	4676	0,0428	0,2055	7861	5605	2256
L07587	1	-46,6389892	-23,6729739	4038	0,0248	0,1028	6961	5171	1790
L07588	1	-46,6585002	-23,6601214	4100	0,0244	0,1028	7296	5008	2288
L07595	1	-46,6355606	-23,6678098	4296	0,0233	0,1028	7638	5546	2092
L07597	1	-46,6535415	-23,6619014	2754	0,0363	0,1028	4727	3504	1223
L07599	2	-46,6460240	-23,6525414	3198	0,0625	0,2055	5298	3899	1399
L07662	2	-46,7285530	-23,4946483	2295	0,0871	0,2055	3615	2730	885
L07674	1	-46,7340887	-23,4861415	1145	0,0873	0,1028	1962	1407	555
L07676	1	-46,7132969	-23,4942851	2690	0,0372	0,1028	5011	3334	1677
L07681	1	-46,7278522	-23,4974960	3589	0,0279	0,1028	6232	4432	1800
L07683	1	-46,4716478	-23,4993793	1880	0,0532	0,1028	3092	2381	711
L07684	1	-46,4880489	-23,4975812	632	0,1582	0,1028	1162	808	354
L07713	1	-46,4966140	-23,4924641	1374	0,0728	0,1028	2302	1760	542
L07714	1	-46,4773819	-23,4879119	1046	0,0956	0,1028	1700	1307	393
L07720	1	-46,6906776	-23,4886152	2477	0,0404	0,1028	4263	2952	1311
L07723	1	-46,7155090	-23,4737413	2363	0,0423	0,1028	4249	3098	1151
L07724	1	-46,7078711	-23,4942478	2028	0,0493	0,1028	3798	2545	1253
L07726	2	-46,6978976	-23,4998743	2271	0,0881	0,2055	4256	2757	1499
L07727	1	-46,6972109	-23,4923489	2499	0,04	0,1028	4705	3018	1687
L07730	1	-46,7196553	-23,4675600	2010	0,0498	0,1028	3558	2712	846
L07732	1	-46,6916354	-23,4865099	2408	0,0415	0,1028	4588	2950	1638
L07734	2	-46,7077799	-23,4872710	2185	0,0915	0,2055	3723	2810	913
L07745	2	-46,7009225	-23,4890145	828	0,2415	0,2055	1398	1020	378
L07750	3	-46,7708337	-23,6299871	13605	0,0221	0,3083	25821	17652	8169
L07751	1	-46,7857380	-23,6492250	2439	0,041	0,1028	4196	3122	1074
L07759	2	-46,7708253	-23,6346601	2609	0,0767	0,2055	4845	3309	1536
L07762	1	-46,7860069	-23,6438270	3683	0,0272	0,1028	6454	4825	1629
L07765	1	-46,7497115	-23,6403144	4495	0,0222	0,1028	7813	5662	2151
L07766	1	-46,7870213	-23,6430817	3412	0,0293	0,1028	6214	4373	1841
L07768	1	-46,7739779	-23,6330684	2361	0,0424	0,1028	4577	2954	1623
L07771	8	-46,7622591	-23,6469894	2666	0,3001	0,8222	4394	3333	1061
L07772	1	-46,7607719	-23,6385695	2910	0,0344	0,1028	5170	3706	1464
L08185	2	-46,7191286	-23,6260213	1988	0,1006	0,2055	3164	2315	849
L08186	5	-46,7043257	-23,6097843	2189	0,2284	0,5139	3576	2546	1030
L08188	8	-46,7165770	-23,5900570	2517	0,3178	0,8222	3979	2849	1130
L08190	10	-46,7131334	-23,6188108	3137	0,3188	1,0277	5166	3531	1635
L08191	6	-46,7412727	-23,6104585	2419	0,248	0,6166	3595	2771	824
L08193	1	-46,7073893	-23,5739269	1438	0,0695	0,1028	2590	1633	957
L08194	24	-46,7194106	-23,5935367	4012	0,5982	2,4666	6747	4420	2327
L08195	8	-46,7277361	-23,6045363	3437	0,2328	0,8222	5923	4007	1916
L08196	1	-46,7208297	-23,6076803	2840	0,0352	0,1028	4752	3330	1422
L08198	4	-46,7269586	-23,5890197	3106	0,1288	0,4111	5469	3609	1860
L08200	2	-46,7298173	-23,5966128	2551	0,0784	0,2055	4499	3046	1453
L08201	3	-46,7313899	-23,5980074	3354	0,0894	0,3083	5937	3987	1950
L08202	1	-46,7401597	-23,6037788	2287	0,0437	0,1028	4380	2818	1562
L08204	4	-46,7468132	-23,6034358	3032	0,1319	0,4111	5249	3566	1683
L08205	6	-46,7205486	-23,5875210	2564	0,234	0,6166	4386	2949	1437
L08206	1	-46,7371220	-23,5927960	2484	0,0403	0,1028	4358	3007	1351
L08208	3	-46,7358364	-23,5961852	2323	0,1291	0,3083	3857	2793	1064
L08209	7	-46,7308370	-23,5944510	2715	0,2578	0,7194	4573	3264	1309
L08210	1	-46,7240153	-23,5828984	1486	0,0673	0,1028	2370	1711	659
L08211	2	-46,7570506	-23,5977877	2938	0,0681	0,2055	5449	3746	1703
L08213	2	-46,7052007	-23,6074205	2725	0,0734	0,2055	4343	3206	1137
L08214	1	-46,7156551	-23,5796180	554	0,1805	0,1028	796	618	178
L08218	2	-46,7012112	-23,6083701	932	0,2146	0,2055	1570	1183	387
L08219	17	-46,6985844	-23,5862008	2637	0,6447	1,7472	4368	2905	1463
L08220	3	-46,7456903	-23,6030840	1945	0,1542	0,3083	3106	2290	816
L08221	13	-46,7053802	-23,5795572	2467	0,527	1,3361	4338	2752	1586
L08229	1	-46,4982241	-23,5504038	2927	0,0342	0,1028	5051	3739	1312
L08230	1	-46,5221139	-23,5406331	2745	0,0364	0,1028	5219	3471	1748
L08236	1	-46,4990570	-23,5735096	2833	0,0353	0,1028	4657	3582	1075
L08242	1	-46,5020045	-23,5414163	2155	0,0464	0,1028	4183	2801	1382
L08243	1	-46,5065643	-23,5285802	1947	0,0514	0,1028	3332	2479	853
L08250	1	-46,5370743	-23,5335666	1855	0,0539	0,1028	3292	2341	951
L08252	1	-46,4996257	-23,5474295	2491	0,0401	0,1028	4201	3182	1019
L08261	1	-46,5328060	-23,5351986	2423	0,0413	0,1028	4244	2978	1266
L08264	1	-46,4940747	-23,5593746	897	0,1115	0,1028	1578	1194	384
L08269	1	-46,5456990	-23,5729610	1641	0,0609	0,1028	2921	2045	876
L08275	1	-46,5344569	-23,5777136	2311	0,0433	0,1028	4317	2988	1329
L08288	1	-46,5338955	-23,5680719	1022	0,0978	0,1028	1667	1284	383
L08290	1	-46,5242645	-23,5744660	1705	0,0587	0,1028	2898	2194	704
L08308	1	-46,5845419	-23,4570823	3848	0,026	0,1028	7444	5062	2382
L08320	1	-46,5866345	-23,4663679	2991	0,0334	0,1028	5086	3758	1328
L08340	1	-46,5365552	-23,5957785	3050	0,0328	0,1028	5865	3909	1956
L08345	1	-46,5147192	-23,6040731	1897	0,0527	0,1028	3330	2446	884
L08346	1	-46,5159118	-23,5981902	1878	0,0532	0,1028	3155	2401	754
L08363	1	-46,6578420	-23,6700605	2290	0,0437	0,1028	3858	2871	987
L08365	1	-46,6383547	-23,6857440	3713	0,0269	0,1028	6684	4675	2009
L08374	1	-46,6583497	-23,6731895	2392	0,0418	0,1028	4435	3139	1296
L08376	1	-46,6420429	-23,6817416	680	0,1471	0,1028	1222	863	359
L08377	3	-46,6776829	-23,6644228	3581	0,0838	0,3083	6118	4373	1745
L08378	1	-46,4008120	-23,4977007	1709	0,0585	0,1028	3255	2338	917
L08399	1	-46,3842236	-23,5203421	3359	0,0298	0,1028	6149	4622	1527
L08419	1	-46,3864385	-23,4906431	1177	0,085	0,1028	2039	1548	491
L08431	1	-46,4023983	-23,5435780	3363	0,0297	0,1028	5917	4490	1427
L08435	1	-46,4142302	-23,5447436	2123	0,0471	0,1028	4075	2620	1455
L08437	1	-46,3986836	-23,5531127	1923	0,052	0,1028	3328	2531	797
L08439	1	-46,4207673	-23,5460751	2866	0,0349	0,1028	5637	3838	1799
L08451	1	-46,3909828	-23,5442229	2400	0,0417	0,1028	4283	3241	1042
L08455	1	-46,4007548	-23,5495498	2353	0,0425	0,1028	4306	3004	1302
L08850	1	-46,6964318	-23,7396716	3205	0,0312	0,1028	5411	4075	1336
L08853	1	-46,6805020	-23,7527693	3612	0,0277	0,1028	6315	4616	1699
L08857	2	-46,6632244	-23,7341199	4646	0,043	0,2055	7764	5913	1851
L08862	2	-46,6941916	-23,7361482	4568	0,0438	0,2055	8304	5797	2507
L08870	1	-46,6818898	-23,7403681	3700	0,027	0,1028	6280	4769	1511
L08871	1	-46,6684971	-23,7532554	4993	0,02	0,1028	8570	6421	2149
L08880	1	-46,6703618	-23,7532358	3720	0,0269	0,1028	5940	4631	1309
L08884	1	-46,6726701	-23,7529648	1434	0,0697	0,1028	2384	1838	546
L08885	1	-46,7826347	-23,7426504	5319	0,0188	0,1028	9184	6673	2511
L08891	6	-46,7705221	-23,7208213	4451	0,1348	0,6166	7568	5541	2027
L08894	1	-46,7822515	-23,7187870	4175	0,024	0,1028	7569	5347	2222
L08909	1	-46,7343899	-23,6780392	4253	0,0235	0,1028	6926	5231	1695
L08910	1	-46,7644449	-23,7005122	3583	0,0279	0,1028	6421	4721	1700
L08914	1	-46,7644205	-23,6860017	2545	0,0393	0,1028	4224	3108	1116
L08920	2	-46,7717602	-23,6885585	3458	0,0578	0,2055	6360	4250	2110
L08921	2	-46,7477778	-23,6709060	3171	0,0631	0,2055	5519	3877	1642
L08925	1	-46,7637275	-23,6860902	3526	0,0284	0,1028	6017	4176	1841
L08931	1	-46,7926628	-23,7318431	4353	0,023	0,1028	7513	5588	1925
L08934	1	-46,7701634	-23,7200619	4256	0,0235	0,1028	7146	5402	1744
L08936	1	-46,7568865	-23,7221715	4624	0,0216	0,1028	7539	5712	1827
L08940	1	-46,7643695	-23,6705361	2617	0,0382	0,1028	4716	3439	1277
L08941	1	-46,7584936	-23,6672249	1847	0,0541	0,1028	3218	2371	847
L08953	1	-46,7897522	-23,6576515	2681	0,0373	0,1028	4927	3511	1416
L08954	2	-46,7664599	-23,6622186	3884	0,0515	0,2055	7168	4912	2256
L08955	1	-46,7671835	-23,6773241	4100	0,0244	0,1028	7105	5165	1940
L08957	1	-46,7797422	-23,6633017	2939	0,034	0,1028	5299	3860	1439
L08958	1	-46,7594862	-23,6585655	2498	0,04	0,1028	4132	3123	1009
L08965	2	-46,7675970	-23,6617050	4014	0,0498	0,2055	7021	5104	1917
L08969	1	-46,7387859	-23,5794283	2272	0,044	0,1028	3703	2689	1014
L08974	1	-46,7460154	-23,5642656	2683	0,0373	0,1028	4513	3262	1251
L08979	1	-46,7659213	-23,5803246	1496	0,0668	0,1028	2293	1792	501
L08980	2	-46,7469625	-23,5508738	2646	0,0756	0,2055	4690	3392	1298
L08990	3	-46,7660251	-23,5891918	3308	0,0907	0,3083	5815	4319	1496
L08996	1	-46,7543940	-23,5690070	2249	0,0445	0,1028	4437	2776	1661
L08997	1	-46,7980731	-23,5944710	1381	0,0724	0,1028	2493	1727	766
L09003	1	-46,7642531	-23,5642335	2581	0,0387	0,1028	4184	3120	1064
L09004	1	-46,7583340	-23,5575440	3682	0,0272	0,1028	5975	4245	1730
L09007	4	-46,7358487	-23,5809482	3036	0,1318	0,4111	5300	3546	1754
L09008	1	-46,7530566	-23,5528242	2689	0,0372	0,1028	4923	3222	1701
L09015	1	-46,7680477	-23,5870733	738	0,1355	0,1028	1206	923	283
L09021	2	-46,7079675	-23,5695014	572	0,3497	0,2055	894	648	246
L09033	1	-46,7356399	-23,5512016	1927	0,0519	0,1028	3298	2406	892
L09043	1	-46,4541133	-23,6084711	2305	0,0434	0,1028	4116	3063	1053
L09062	1	-46,4892324	-23,6122890	2777	0,036	0,1028	5135	3576	1559
L09069	1	-46,4670370	-23,6008861	3027	0,033	0,1028	5073	3872	1201
L09086	1	-46,4803863	-23,6171679	501	0,1996	0,1028	831	661	170
L09087	1	-46,4867752	-23,5894497	1371	0,0729	0,1028	2324	1804	520
L09099	1	-46,6998285	-23,4605103	2820	0,0355	0,1028	4930	3583	1347
L09113	1	-46,6882642	-23,4736711	3556	0,0281	0,1028	6282	4605	1677
L09114	1	-46,6740490	-23,4675988	995	0,1005	0,1028	1554	1250	304
L09116	1	-46,6837802	-23,4832228	2960	0,0338	0,1028	5049	3734	1315
L09121	1	-46,6774616	-23,4736278	2374	0,0421	0,1028	4175	3125	1050
L09128	1	-46,6783972	-23,4823657	2002	0,05	0,1028	3343	2538	805
L09132	1	-46,6750425	-23,4517869	1995	0,0501	0,1028	3463	2543	920
L09134	1	-46,6848409	-23,4554709	3273	0,0306	0,1028	5723	4296	1427
L09138	1	-46,6809709	-23,4669256	2642	0,0379	0,1028	4579	3416	1163
L09145	1	-46,6931880	-23,4731917	766	0,1305	0,1028	1379	986	393
L09324	3	-46,6807410	-23,7669661	7735	0,0388	0,3083	13259	9980	3279
L09330	1	-46,7376117	-23,8118259	2470	0,0405	0,1028	4187	3091	1096
L09332	1	-46,6902192	-23,7830774	3543	0,0282	0,1028	5840	4560	1280
L09345	1	-46,7226984	-23,7765320	3746	0,0267	0,1028	6480	4713	1767
L09346	1	-46,6969438	-23,7768204	4723	0,0212	0,1028	7671	5863	1808
L09347	2	-46,7059302	-23,7403363	3101	0,0645	0,2055	5690	3864	1826
L09349	1	-46,7350231	-23,8069913	1390	0,0719	0,1028	2367	1744	623
L09356	1	-46,7319307	-23,7919749	4689	0,0213	0,1028	8175	6073	2102
L09357	5	-46,6847035	-23,7863114	4077	0,1226	0,5139	6645	5160	1485
L09360	1	-46,7119437	-23,7376852	1979	0,0505	0,1028	3356	2393	963
L09363	1	-46,6948722	-23,7705062	3781	0,0264	0,1028	6218	4781	1437
L09367	1	-46,7096936	-23,7717519	1892	0,0529	0,1028	3177	2421	756
L09374	1	-46,7226984	-23,7765320	292	0,3425	0,1028	454	339	115
L09644	2	-46,7595246	-23,4046073	6764	0,0296	0,2055	12622	8645	3977
L09650	1	-46,7167070	-23,4450305	2708	0,0369	0,1028	4712	3446	1266
L09651	1	-46,7918881	-23,4360240	1363	0,0734	0,1028	2182	1702	480
L09654	1	-46,7924236	-23,4385264	2360	0,0424	0,1028	4480	3143	1337
L09660	1	-46,7415768	-23,4083171	2643	0,0378	0,1028	4472	3454	1018
L09663	1	-46,7399698	-23,4091960	1434	0,0697	0,1028	2605	1936	669
L09692	1	-46,7535522	-23,4080667	1410	0,0709	0,1028	2383	1784	599
L09698	1	-46,5211510	-23,5024680	3117	0,0321	0,1028	5306	4002	1304
L09701	1	-46,5067684	-23,5021411	4523	0,0221	0,1028	8238	6120	2118
L09702	1	-46,5462397	-23,5116021	3181	0,0314	0,1028	5845	4123	1722
L09710	1	-46,5314823	-23,5021289	2230	0,0448	0,1028	4095	2837	1258
L09713	1	-46,5202416	-23,5000815	2013	0,0497	0,1028	3488	2617	871
L09715	1	-46,5417660	-23,5078996	2268	0,0441	0,1028	4139	2897	1242
L09723	1	-46,5113293	-23,5018991	844	0,1185	0,1028	1412	1106	306
L09752	1	-46,4842871	-23,5209250	1143	0,0875	0,1028	2000	1551	449
L09758	1	-46,4840632	-23,5126634	2966	0,0337	0,1028	5485	3744	1741
L09761	1	-46,4834160	-23,5237351	1233	0,0811	0,1028	2151	1608	543
L09762	1	-46,4813689	-23,5374258	3181	0,0314	0,1028	5713	4094	1619
L09764	1	-46,4678340	-23,5355610	3575	0,028	0,1028	6685	4497	2188
L09771	3	-46,4943893	-23,5089738	3192	0,094	0,3083	5877	3982	1895
L09782	1	-46,5030330	-23,5134156	1288	0,0776	0,1028	2007	1602	405
L09924	1	-46,4044363	-23,5213143	2034	0,0492	0,1028	3716	2844	872
L09927	2	-46,4105791	-23,5212702	3639	0,055	0,2055	6418	4656	1762
L09933	1	-46,4324856	-23,4898223	2690	0,0372	0,1028	4807	3562	1245
L09938	1	-46,4304864	-23,4825986	3466	0,0289	0,1028	5946	4422	1524
L09941	3	-46,4089885	-23,5011168	2267	0,1323	0,3083	3907	3021	886
L09943	1	-46,4100104	-23,4972377	3575	0,028	0,1028	6284	4540	1744
L09949	2	-46,4214494	-23,4876594	3612	0,0554	0,2055	6099	4488	1611
L09954	1	-46,4581061	-23,4953823	1804	0,0554	0,1028	3147	2304	843
L09964	1	-46,4478293	-23,5112363	2288	0,0437	0,1028	3975	3015	960
L09967	1	-46,4485753	-23,5009963	2271	0,044	0,1028	3893	2812	1081
L09971	1	-46,4610139	-23,4967947	2718	0,0368	0,1028	4758	3458	1300
L09979	1	-46,4533158	-23,4993370	3973	0,0252	0,1028	6808	4929	1879
L10132	1	-46,7445881	-23,4500351	3272	0,0306	0,1028	5780	4132	1648
L10133	1	-46,7369336	-23,4466755	2437	0,041	0,1028	3928	3008	920
L10139	1	-46,7581248	-23,4814649	2609	0,0383	0,1028	4345	3256	1089
L10152	1	-46,7319051	-23,4391779	3819	0,0262	0,1028	6289	4770	1519
L10157	1	-46,4337506	-23,6070194	2460	0,0407	0,1028	4455	3157	1298
L10166	1	-46,4073307	-23,5666032	3346	0,0299	0,1028	5875	4258	1617
L10170	3	-46,4029258	-23,5791123	3594	0,0835	0,3083	6150	4576	1574
L10172	1	-46,3911438	-23,5781477	2553	0,0392	0,1028	4332	3191	1141
L10190	1	-46,4063933	-23,5926393	3470	0,0288	0,1028	6064	4335	1729
L10194	1	-46,3915721	-23,5870657	3661	0,0273	0,1028	5997	4550	1447
L10195	1	-46,4005020	-23,5933829	2950	0,0339	0,1028	5001	3717	1284
L10204	1	-46,4437362	-23,5536130	3367	0,0297	0,1028	5872	4414	1458
L10206	1	-46,4374003	-23,5499344	2591	0,0386	0,1028	4412	3400	1012
L10209	1	-46,4412380	-23,5517239	2465	0,0406	0,1028	4185	3101	1084
L10211	1	-46,4410384	-23,5384069	4053	0,0247	0,1028	7309	5151	2158
L10212	1	-46,4277510	-23,5498460	3585	0,0279	0,1028	6336	4627	1709
L10213	2	-46,4350193	-23,5546910	4684	0,0427	0,2055	8573	6058	2515
L10219	1	-46,4216949	-23,5880443	2893	0,0346	0,1028	4936	3772	1164
L10220	1	-46,4161442	-23,5651315	3039	0,0329	0,1028	5389	3972	1417
L10311	2	-46,7438418	-23,6469973	3989	0,0501	0,2055	6890	4938	1952
L10312	1	-46,7277244	-23,6232924	2826	0,0354	0,1028	5507	3651	1856
L10313	7	-46,7409855	-23,6288859	4572	0,1531	0,7194	7434	5319	2115
L10314	2	-46,7374229	-23,6602461	3948	0,0507	0,2055	6700	4839	1861
L10317	1	-46,7326913	-23,6400041	1979	0,0505	0,1028	3493	2460	1033
L10319	9	-46,7322309	-23,6212240	7028	0,1281	0,925	12398	8767	3631
L10320	1	-46,7456339	-23,6149639	1637	0,0611	0,1028	2637	1931	706
L10321	1	-46,7373128	-23,6532119	4481	0,0223	0,1028	7802	5537	2265
L10325	2	-46,7462436	-23,6209695	4031	0,0496	0,2055	7403	4961	2442
L10333	8	-46,7411845	-23,6324928	2557	0,3129	0,8222	4483	2941	1542
L10334	2	-46,7309023	-23,6590081	3965	0,0504	0,2055	6583	4851	1732
L10337	2	-46,7498793	-23,6122189	1138	0,1757	0,2055	1735	1321	414
L10338	1	-46,7534411	-23,6571085	1904	0,0525	0,1028	3281	2446	835
L10341	3	-46,7410953	-23,6309880	1989	0,1508	0,3083	3371	2272	1099
L10342	2	-46,7280051	-23,6215451	3199	0,0625	0,2055	5761	3985	1776
L10493	1	-46,6004969	-23,6242367	3658	0,0273	0,1028	6286	4333	1953
L10496	1	-46,6171064	-23,6170233	2347	0,0426	0,1028	4315	2704	1611
L10500	1	-46,6198639	-23,6259356	4553	0,022	0,1028	8580	5593	2987
L10503	3	-46,6068182	-23,6262334	2963	0,1012	0,3083	5466	3635	1831
L10507	4	-46,6088981	-23,6130570	3204	0,1248	0,4111	5234	3891	1343
L10510	1	-46,5992590	-23,6380620	2766	0,0362	0,1028	4728	3350	1378
L10516	2	-46,6134748	-23,6571470	3833	0,0522	0,2055	5910	4608	1302
L10518	1	-46,6185590	-23,6207827	1571	0,0637	0,1028	2530	1910	620
L10612	1	-46,4871909	-23,5625475	3428	0,0292	0,1028	5997	4558	1439
L10622	1	-46,4616617	-23,5574890	4046	0,0247	0,1028	7280	5166	2114
L10624	1	-46,4474483	-23,5693701	1987	0,0503	0,1028	3374	2526	848
L10633	1	-46,4580781	-23,5527746	2129	0,047	0,1028	3815	2839	976
L10638	1	-46,6371403	-23,7009481	1770	0,0565	0,1028	3477	2430	1047
L10639	1	-46,6668566	-23,6825593	3864	0,0259	0,1028	6372	4667	1705
L10642	1	-46,6355906	-23,7135071	1785	0,056	0,1028	3599	2383	1216
L10645	1	-46,6362933	-23,7001858	2822	0,0354	0,1028	5118	3730	1388
L10647	1	-46,6809971	-23,6837327	3113	0,0321	0,1028	5197	3757	1440
L10659	1	-46,6595246	-23,6891350	2763	0,0362	0,1028	4753	3468	1285
L10662	1	-46,6553293	-23,6948602	2865	0,0349	0,1028	5307	3647	1660
L10664	2	-46,6822506	-23,6859937	2727	0,0733	0,2055	4800	3284	1516
L10665	1	-46,6401401	-23,7021728	2226	0,0449	0,1028	3949	2934	1015
L10671	3	-46,6759703	-23,6706677	1293	0,232	0,3083	1989	1559	430
L10713	1	-46,5785229	-23,4851103	1775	0,0563	0,1028	3031	2287	744
L10720	1	-46,5857185	-23,4923051	2198	0,0455	0,1028	3984	2779	1205
L10722	1	-46,5624088	-23,4783293	2298	0,0435	0,1028	4490	2893	1597
L10729	1	-46,5663550	-23,4727960	1160	0,0862	0,1028	1998	1537	461
L10735	1	-46,5734783	-23,4926878	3047	0,0328	0,1028	5191	3808	1383
L10741	1	-46,5010529	-23,6213622	3848	0,026	0,1028	6829	5091	1738
L10744	2	-46,5101702	-23,6058819	5877	0,034	0,2055	10885	7744	3141
L10745	1	-46,5040533	-23,6054351	4046	0,0247	0,1028	7138	5324	1814
L10747	2	-46,5153124	-23,6258598	2667	0,075	0,2055	4720	3501	1219
L10749	1	-46,5009514	-23,5953008	3234	0,0309	0,1028	5657	4320	1337
L10755	1	-46,5095210	-23,5996670	3646	0,0274	0,1028	6483	4687	1796
L10757	1	-46,5082245	-23,6128851	3263	0,0306	0,1028	5872	4151	1721
L10759	1	-46,5020070	-23,6161748	3261	0,0307	0,1028	6105	4125	1980
L10762	1	-46,5016183	-23,6011869	3850	0,026	0,1028	6508	4865	1643
L10770	1	-46,6497888	-23,4836075	744	0,1344	0,1028	1223	930	293
L10782	1	-46,6285532	-23,4710309	2053	0,0487	0,1028	3411	2494	917
L10793	1	-46,6540520	-23,4791841	2694	0,0371	0,1028	4415	3409	1006
L10795	2	-46,6448499	-23,4728933	2607	0,0767	0,2055	4567	3376	1191
L10803	1	-46,6313732	-23,4672637	1642	0,0609	0,1028	2751	2004	747
