cod_local	QT_VOTOS	longitude	latitude	LOC_VALID	%_LOC_V	%_CAND	QT_APTOS	QT_COMPARECIMENTO	QT_ABSTENCOES
L00001	2	-46,6357754	-23,5454496	744	0,2688	0,0575	1384	845	539
L00002	1	-46,6458082	-23,5644282	2271	0,044	0,0288	3779	2548	1231
L00003	2	-46,6455650	-23,5547500	3290	0,0608	0,0575	5696	3792	1904
L00004	3	-46,6511260	-23,5652103	5298	0,0566	0,0863	9838	5921	3917
L00006	3	-46,6471893	-23,5496488	4359	0,0688	0,0863	8358	5061	3297
L00008	2	-46,6464095	-23,5560819	3643	0,0549	0,0575	6983	4278	2705
L00010	3	-46,6355899	-23,5623979	2996	0,1001	0,0863	5666	3638	2028
L00011	2	-46,6535747	-23,5498948	3808	0,0525	0,0575	7072	4407	2665
L00013	1	-46,6421456	-23,5572933	2899	0,0345	0,0288	5416	3426	1990
L00014	1	-46,6289218	-23,5548030	2700	0,037	0,0288	5182	3459	1723
L00015	2	-46,6368132	-23,5574886	3591	0,0557	0,0575	7151	4273	2878
L00016	1	-46,6361305	-23,5497845	2669	0,0375	0,0288	5297	3132	2165
L00021	1	-46,6419109	-23,5592168	3437	0,0291	0,0288	6548	4013	2535
L00022	6	-46,6521240	-23,5458002	10350	0,058	0,1726	18525	11583	6942
L00023	2	-46,6498912	-23,5493645	2834	0,0706	0,0575	4909	3201	1708
L00026	1	-46,6351446	-23,5631017	1170	0,0855	0,0288	2088	1410	678
L00031	1	-46,6872489	-23,5323018	3785	0,0264	0,0288	5622	4272	1350
L00032	1	-46,6564979	-23,5376940	1668	0,06	0,0288	2471	1844	627
L00034	5	-46,6605264	-23,5415277	5254	0,0952	0,1438	7993	5767	2226
L00035	1	-46,6800459	-23,5481021	3932	0,0254	0,0288	6405	4313	2092
L00037	1	-46,6566164	-23,5307137	3471	0,0288	0,0288	6463	3952	2511
L00042	1	-46,6513283	-23,5415864	1556	0,0643	0,0288	2631	1843	788
L00044	6	-46,6566305	-23,5207777	1534	0,3911	0,1726	2722	1815	907
L00045	2	-46,6523017	-23,5318175	2128	0,094	0,0575	3940	2485	1455
L00046	2	-46,6555734	-23,5283610	2335	0,0857	0,0575	4656	2795	1861
L00048	1	-46,6841353	-23,5370181	2501	0,04	0,0288	3771	2812	959
L00049	1	-46,6806583	-23,5307166	4578	0,0218	0,0288	8065	5186	2879
L00050	2	-46,6531096	-23,5391595	3449	0,058	0,0575	6577	4007	2570
L00051	1	-46,6946005	-23,5421890	3052	0,0328	0,0288	5602	3572	2030
L00055	3	-46,6566164	-23,5307137	5271	0,0569	0,0863	9323	6035	3288
L00056	1	-46,6508278	-23,5375343	2409	0,0415	0,0288	4853	2751	2102
L00058	2	-46,6432297	-23,5320752	3161	0,0633	0,0575	6470	3731	2739
L00060	5	-46,6711550	-23,5381000	10857	0,0461	0,1438	17946	11853	6093
L00061	1	-46,6666956	-23,5298372	3408	0,0293	0,0288	6305	3946	2359
L00062	6	-46,6375237	-23,5287430	2256	0,266	0,1726	4421	2765	1656
L00063	2	-46,6343483	-23,5436627	2624	0,0762	0,0575	5154	3085	2069
L00064	2	-46,6278434	-23,5475185	2980	0,0671	0,0575	5641	3584	2057
L00067	1	-46,6107088	-23,5252045	1435	0,0697	0,0288	2765	1755	1010
L00068	1	-46,6432775	-23,5262231	2815	0,0355	0,0288	5403	3409	1994
L00069	1	-46,6240453	-23,5332439	1765	0,0567	0,0288	3469	2192	1277
L00070	1	-46,6134834	-23,5400667	2964	0,0337	0,0288	5594	3588	2006
L00071	3	-46,6341197	-23,5306628	2982	0,1006	0,0863	5785	3615	2170
L00074	1	-46,6370866	-23,5384772	2847	0,0351	0,0288	6133	3437	2696
L00075	4	-46,6325856	-23,5295792	4103	0,0975	0,1151	8045	4955	3090
L00077	3	-46,6228821	-23,5238878	3089	0,0971	0,0863	5985	3756	2229
L00078	4	-46,6212238	-23,5429654	2774	0,1442	0,1151	5496	3398	2098
L00080	2	-46,5869070	-23,5756756	3323	0,0602	0,0575	5823	3854	1969
L00081	6	-46,5848689	-23,5392025	3560	0,1685	0,1726	5984	4200	1784
L00082	1	-46,5746890	-23,5568730	2818	0,0355	0,0288	4581	3379	1202
L00083	7	-46,5997287	-23,5410220	3324	0,2106	0,2014	6501	4011	2490
L00084	3	-46,5895134	-23,5593568	5301	0,0566	0,0863	8807	6387	2420
L00085	3	-46,5978907	-23,5552089	4372	0,0686	0,0863	8050	5269	2781
L00086	3	-46,6000356	-23,5353560	2856	0,105	0,0863	5171	3468	1703
L00087	4	-46,5842762	-23,5514675	2993	0,1336	0,1151	5617	3662	1955
L00089	3	-46,5902871	-23,5470008	2261	0,1327	0,0863	4286	2820	1466
L00091	3	-46,5964833	-23,5637925	3169	0,0947	0,0863	6188	3786	2402
L00092	2	-46,5828225	-23,5542479	3888	0,0514	0,0575	7164	4714	2450
L00094	1	-46,6214361	-23,5534993	2393	0,0418	0,0288	4753	2932	1821
L00095	1	-46,5726610	-23,5574173	1814	0,0551	0,0288	3331	2227	1104
L00096	3	-46,5697601	-23,5636527	4049	0,0741	0,0863	7290	5070	2220
L00097	3	-46,5595868	-23,5719075	2559	0,1172	0,0863	4560	3187	1373
L00098	2	-46,5984516	-23,5519192	955	0,2094	0,0575	1806	1145	661
L00099	1	-46,5683158	-23,5701115	2161	0,0463	0,0288	3989	2770	1219
L00100	2	-46,5637915	-23,5715671	2872	0,0696	0,0575	5130	3619	1511
L00101	2	-46,5902071	-23,5606910	4284	0,0467	0,0575	7988	5172	2816
L00102	1	-46,5979424	-23,5532296	4622	0,0216	0,0288	8563	5548	3015
L00103	2	-46,5812316	-23,5700009	4342	0,0461	0,0575	7905	5265	2640
L00107	6	-46,6116378	-23,5511180	2148	0,2793	0,1726	4565	2585	1980
L00108	4	-46,5976041	-23,5519593	6779	0,059	0,1151	11883	7994	3889
L00109	1	-46,6685837	-23,5678112	2042	0,049	0,0288	3574	2207	1367
L00111	1	-46,6590182	-23,5634584	7550	0,0132	0,0288	13488	8273	5215
L00112	1	-46,6747793	-23,5889660	1465	0,0683	0,0288	2322	1627	695
L00113	1	-46,6642690	-23,5638420	4708	0,0212	0,0288	8733	5175	3558
L00114	1	-46,6627773	-23,5790597	1545	0,0647	0,0288	2374	1668	706
L00118	2	-46,6768341	-23,5885769	2860	0,0699	0,0575	5240	3249	1991
L00121	2	-46,6790390	-23,5798975	3855	0,0519	0,0575	7199	4264	2935
L00126	1	-46,6724723	-23,5954720	3916	0,0255	0,0288	6669	4338	2331
L00127	4	-46,6605835	-23,5566944	6318	0,0633	0,1151	11459	6999	4460
L00128	1	-46,6769068	-23,6001070	3888	0,0257	0,0288	6994	4384	2610
L00129	1	-46,6486232	-23,5813704	3537	0,0283	0,0288	5654	3970	1684
L00130	2	-46,6437100	-23,5775691	2213	0,0904	0,0575	3690	2443	1247
L00132	1	-46,6416210	-23,5785510	4598	0,0217	0,0288	7651	5166	2485
L00133	3	-46,6320497	-23,5811282	2750	0,1091	0,0863	4986	3131	1855
L00135	1	-46,6431906	-23,5719338	4487	0,0223	0,0288	7477	5015	2462
L00136	2	-46,6234512	-23,5608329	4167	0,048	0,0575	7421	4897	2524
L00138	1	-46,6259630	-23,5630260	2096	0,0477	0,0288	3469	2565	904
L00141	3	-46,6308086	-23,5650323	5144	0,0583	0,0863	9743	6059	3684
L00142	2	-46,6119113	-23,5742236	2504	0,0799	0,0575	4454	2944	1510
L00144	3	-46,6356180	-23,5786976	2260	0,1327	0,0863	3961	2589	1372
L00145	1	-46,6350220	-23,5881065	3012	0,0332	0,0288	5263	3410	1853
L00146	3	-46,6223857	-23,5681693	2480	0,121	0,0863	4585	2913	1672
L00147	5	-46,6251868	-23,5770987	3004	0,1664	0,1438	5565	3493	2072
L00148	2	-46,6273889	-23,5872670	4439	0,0451	0,0575	7836	5122	2714
L00150	1	-46,6299014	-23,5758099	4050	0,0247	0,0288	6863	4657	2206
L00154	2	-46,6235069	-23,5745404	4329	0,0462	0,0575	7193	5134	2059
L00156	4	-46,6397771	-23,5727404	4608	0,0868	0,1151	8784	5242	3542
L00157	3	-46,6389836	-23,5697573	5176	0,058	0,0863	8809	5934	2875
L00528	2	-46,7937390	-23,6862114	4929	0,0406	0,0575	8528	6298	2230
L00533	1	-46,7766842	-23,6810185	3832	0,0261	0,0288	6561	4847	1714
L00537	1	-46,7846410	-23,6975287	3599	0,0278	0,0288	6096	4448	1648
L00538	1	-46,7850919	-23,7005041	671	0,149	0,0288	1195	850	345
L00539	1	-46,7886237	-23,6861459	4146	0,0241	0,0288	7243	5328	1915
L00540	1	-46,7937648	-23,6769801	2766	0,0362	0,0288	4791	3520	1271
L00541	5	-46,7778780	-23,6885051	4697	0,1065	0,1438	8374	5781	2593
L00542	2	-46,7901616	-23,6750896	3768	0,0531	0,0575	6810	4643	2167
L00543	1	-46,7810676	-23,6817954	3950	0,0253	0,0288	6766	5016	1750
L00544	1	-46,7734160	-23,6802425	3538	0,0283	0,0288	6419	4341	2078
L00545	1	-46,7766899	-23,6802567	3771	0,0265	0,0288	6802	4728	2074
L00549	2	-46,7905836	-23,6983913	3552	0,0563	0,0575	6142	4535	1607
L00550	2	-46,7755198	-23,6742186	2704	0,074	0,0575	4775	3448	1327
L00553	1	-46,7839538	-23,6721527	1679	0,0596	0,0288	2758	2071	687
L00555	4	-46,7999759	-23,6870539	3475	0,1151	0,1151	6174	4460	1714
L00556	2	-46,7765383	-23,6680796	2361	0,0847	0,0575	3983	2908	1075
L00561	3	-46,7797991	-23,6713610	3438	0,0873	0,0863	6027	4213	1814
L00562	2	-46,7764988	-23,6792511	2508	0,0797	0,0575	4349	3228	1121
L05530	2	-46,7007739	-23,6497088	5044	0,0397	0,0575	8236	5638	2598
L05534	5	-46,6930410	-23,6638790	5787	0,0864	0,1438	9716	6724	2992
L05535	1	-46,6912424	-23,6607866	3055	0,0327	0,0288	4525	3449	1076
L05536	6	-46,6821350	-23,6631782	5321	0,1128	0,1726	8921	6173	2748
L05537	1	-46,6842291	-23,6383685	2076	0,0482	0,0288	2987	2240	747
L05538	3	-46,6809074	-23,6663068	3075	0,0976	0,0863	5073	3651	1422
L05539	3	-46,7155893	-23,6513354	1889	0,1588	0,0863	3179	2190	989
L05540	4	-46,7098940	-23,6536635	1724	0,232	0,1151	3235	2032	1203
L05541	4	-46,7153680	-23,6417200	3773	0,106	0,1151	6610	4390	2220
L05542	1	-46,7071520	-23,6499060	3093	0,0323	0,0288	5733	3640	2093
L05545	3	-46,6998999	-23,6559182	2564	0,117	0,0863	3946	2911	1035
L05546	3	-46,6816306	-23,6713892	1359	0,2208	0,0863	2062	1643	419
L05547	1	-46,7031531	-23,6485078	2502	0,04	0,0288	4597	2896	1701
L05549	1	-46,7057350	-23,6332760	4550	0,022	0,0288	7718	5073	2645
L05551	7	-46,7022860	-23,6510126	4767	0,1468	0,2014	8841	5514	3327
L05552	1	-46,4488381	-23,4906612	2090	0,0478	0,0288	3620	2620	1000
L05553	3	-46,4351534	-23,5022679	3506	0,0856	0,0863	6236	4381	1855
L05554	4	-46,4441795	-23,4982353	3546	0,1128	0,1151	6065	4260	1805
L05555	4	-46,4398111	-23,5068607	1270	0,315	0,1151	2259	1566	693
L05556	4	-46,4403512	-23,4942325	2553	0,1567	0,1151	4433	3067	1366
L05557	2	-46,4452179	-23,4993366	2352	0,085	0,0575	3986	2897	1089
L05558	3	-46,4234630	-23,5085168	3758	0,0798	0,0863	6529	4735	1794
L05559	4	-46,4198222	-23,5098866	1943	0,2059	0,1151	3330	2529	801
L05561	4	-46,4389924	-23,5145862	3097	0,1292	0,1151	5489	4147	1342
L05562	1	-46,4459517	-23,5057536	2705	0,037	0,0288	4642	3367	1275
L05563	3	-46,4331534	-23,4945484	2753	0,109	0,0863	4924	3393	1531
L05564	3	-46,4259779	-23,5162635	4083	0,0735	0,0863	6687	5009	1678
L05565	2	-46,4195668	-23,5172129	2191	0,0913	0,0575	3749	2826	923
L05567	8	-46,4215117	-23,5013996	3622	0,2209	0,2301	6083	4594	1489
L05568	4	-46,4300003	-23,4998815	2971	0,1346	0,1151	5227	3654	1573
L05569	1	-46,4407439	-23,4944067	1547	0,0646	0,0288	2737	1890	847
L05570	2	-46,4345329	-23,5094734	3688	0,0542	0,0575	6309	4565	1744
L05571	3	-46,4218866	-23,5204965	2679	0,112	0,0863	4440	3324	1116
L05572	2	-46,4193422	-23,5228558	2139	0,0935	0,0575	3993	2664	1329
L05573	4	-46,4192720	-23,4963124	2328	0,1718	0,1151	4347	2982	1365
L05575	2	-46,4211790	-23,5134650	349	0,5731	0,0575	566	440	126
L05578	3	-46,4526050	-23,5387875	2564	0,117	0,0863	4882	3187	1695
L05579	2	-46,4415141	-23,5227656	2072	0,0965	0,0575	3867	2846	1021
L05580	1	-46,4367093	-23,5286893	3428	0,0292	0,0288	6257	4314	1943
L05581	5	-46,4522081	-23,5171617	3935	0,1271	0,1438	6924	5015	1909
L05583	3	-46,4325849	-23,5321585	3488	0,086	0,0863	6128	4395	1733
L05585	1	-46,4451845	-23,5472188	2365	0,0423	0,0288	4123	3094	1029
L05586	4	-46,4459252	-23,5256810	2399	0,1667	0,1151	4163	3117	1046
L05587	2	-46,4443497	-23,5387667	3161	0,0633	0,0575	5471	4127	1344
L05588	2	-46,4326641	-23,5174330	2595	0,0771	0,0575	4297	3303	994
L05589	5	-46,4544868	-23,5471412	2039	0,2452	0,1438	3417	2606	811
L05590	6	-46,4560761	-23,5496358	3285	0,1826	0,1726	6239	4284	1955
L05591	5	-46,4544144	-23,5410443	3621	0,1381	0,1438	6839	4640	2199
L05592	12	-46,4528483	-23,5265608	3373	0,3558	0,3452	6254	4448	1806
L05593	6	-46,4528982	-23,5182408	3494	0,1717	0,1726	6309	4695	1614
L05594	2	-46,4618318	-23,5393802	2228	0,0898	0,0575	3850	2859	991
L05595	7	-46,4580805	-23,5512840	2564	0,273	0,2014	4400	3342	1058
L05596	5	-46,4536228	-23,5552304	3671	0,1362	0,1438	6672	4852	1820
L05597	1	-46,4601240	-23,5260232	3143	0,0318	0,0288	5422	4051	1371
L05598	3	-46,4625526	-23,5168760	2035	0,1474	0,0863	3550	2651	899
L05599	4	-46,4443340	-23,5321000	3793	0,1055	0,1151	6860	4712	2148
L05600	1	-46,4589975	-23,5302914	3067	0,0326	0,0288	5494	3916	1578
L05601	1	-46,4359061	-23,5226454	2327	0,043	0,0288	4159	3108	1051
L05602	3	-46,4402958	-23,5148095	3394	0,0884	0,0863	6298	4377	1921
L05603	4	-46,4430227	-23,5314831	2610	0,1533	0,1151	4621	3404	1217
L05604	3	-46,4434311	-23,5313295	1136	0,2641	0,0863	1958	1485	473
L05605	1	-46,4587342	-23,5292643	947	0,1056	0,0288	1607	1196	411
L05607	3	-46,4470139	-23,5216112	1268	0,2366	0,0863	2275	1708	567
L05608	6	-46,4565300	-23,5399000	1319	0,4549	0,1726	2270	1658	612
L05610	6	-46,4554689	-23,5282555	6146	0,0976	0,1726	10609	7693	2916
L05611	2	-46,6300964	-23,5033502	2831	0,0706	0,0575	4847	3284	1563
L05613	1	-46,6310064	-23,5025938	1028	0,0973	0,0288	2041	1205	836
L05614	1	-46,6407233	-23,4948591	1725	0,058	0,0288	2839	2166	673
L05615	1	-46,6333996	-23,5019647	1282	0,078	0,0288	2094	1527	567
L05616	1	-46,6281182	-23,4912871	3378	0,0296	0,0288	5313	3930	1383
L05617	7	-46,6180480	-23,4923992	3331	0,2101	0,2014	5427	3880	1547
L05618	3	-46,6270210	-23,5057810	1824	0,1645	0,0863	3578	2176	1402
L05619	5	-46,6476795	-23,4929598	1994	0,2508	0,1438	3788	2470	1318
L05620	1	-46,6405710	-23,4868210	1451	0,0689	0,0288	2771	1812	959
L05621	2	-46,6332236	-23,4899666	5271	0,0379	0,0575	8744	6129	2615
L05623	1	-46,6405537	-23,5023028	2520	0,0397	0,0288	4590	2978	1612
L05624	2	-46,6161131	-23,5004170	2563	0,078	0,0575	4896	3055	1841
L05625	2	-46,6261164	-23,4898514	2978	0,0672	0,0575	5488	3556	1932
L05626	3	-46,6278934	-23,4963679	2077	0,1444	0,0863	3746	2434	1312
L05628	4	-46,6157633	-23,4933572	2589	0,1545	0,1151	4750	3013	1737
L05631	1	-46,6446670	-23,4910726	1627	0,0615	0,0288	3161	2027	1134
L05632	2	-46,6381967	-23,4939821	2961	0,0675	0,0575	5002	3517	1485
L05633	1	-46,6227676	-23,4899879	1740	0,0575	0,0288	3090	2057	1033
L05638	1	-46,6330906	-23,4915684	3666	0,0273	0,0288	6121	4251	1870
L05639	1	-46,6239120	-23,4891654	1527	0,0655	0,0288	2617	1818	799
L05645	2	-46,7037676	-23,5217140	2362	0,0847	0,0575	4257	2725	1532
L05648	2	-46,7032968	-23,5283085	4170	0,048	0,0575	7531	4847	2684
L05649	1	-46,7178181	-23,5361638	1874	0,0534	0,0288	2784	2102	682
L05652	1	-46,7154710	-23,5098656	794	0,1259	0,0288	1292	929	363
L05654	1	-46,7056393	-23,5213772	2148	0,0466	0,0288	4003	2538	1465
L05655	1	-46,7387000	-23,5030740	1453	0,0688	0,0288	2267	1763	504
L05656	2	-46,7433720	-23,4969505	2765	0,0723	0,0575	4919	3437	1482
L05658	2	-46,7052733	-23,5150700	2442	0,0819	0,0575	4469	2893	1576
L05659	5	-46,7518718	-23,5135808	2141	0,2335	0,1438	4040	2770	1270
L05661	1	-46,7443554	-23,5048937	2325	0,043	0,0288	4192	2863	1329
L05662	1	-46,7545011	-23,5097174	1694	0,059	0,0288	3337	2259	1078
L05663	1	-46,7053463	-23,5246614	2188	0,0457	0,0288	4237	2584	1653
L05664	1	-46,7492548	-23,5117336	1714	0,0583	0,0288	3333	2162	1171
L05665	3	-46,7497146	-23,5121473	1089	0,2755	0,0863	1945	1334	611
L05668	9	-46,7212419	-23,5119029	1112	0,8094	0,2589	2192	1343	849
L05670	3	-46,7041160	-23,5315757	2953	0,1016	0,0863	5089	3434	1655
L05672	4	-46,7311891	-23,5069529	1946	0,2055	0,1151	3336	2311	1025
L05673	4	-46,7244140	-23,5363009	2278	0,1756	0,1151	4168	2682	1486
L05674	2	-46,7403488	-23,4962095	1814	0,1103	0,0575	3029	2259	770
L05676	3	-46,7424159	-23,5202320	790	0,3797	0,0863	1426	991	435
L05679	2	-46,7572703	-23,5028236	2080	0,0962	0,0575	3534	2609	925
L05681	1	-46,6949470	-23,5283220	1938	0,0516	0,0288	3100	2183	917
L05686	2	-46,7064510	-23,5301730	1194	0,1675	0,0575	1873	1372	501
L05688	1	-46,7278581	-23,5209253	3285	0,0304	0,0288	5542	3799	1743
L05693	1	-46,6769917	-23,5570934	4108	0,0243	0,0288	6768	4547	2221
L05695	1	-46,6826600	-23,5737124	2079	0,0481	0,0288	3613	2221	1392
L05701	1	-46,6827189	-23,5583923	2882	0,0347	0,0288	4777	3189	1588
L05704	2	-46,7169080	-23,5430685	2482	0,0806	0,0575	4378	2777	1601
L05706	2	-46,6827388	-23,5501422	2508	0,0797	0,0575	4043	2732	1311
L05715	1	-46,6918510	-23,5514540	1237	0,0808	0,0288	1953	1335	618
L05716	1	-46,6975056	-23,5623803	2545	0,0393	0,0288	4027	2825	1202
L05720	1	-46,5018743	-23,5298075	832	0,1202	0,0288	1456	1081	375
L05722	3	-46,5000225	-23,5253888	2828	0,1061	0,0863	4665	3627	1038
L05724	3	-46,5270161	-23,5293151	2599	0,1154	0,0863	4443	3201	1242
L05726	1	-46,4882070	-23,5327782	863	0,1159	0,0288	1543	1100	443
L05727	3	-46,5492590	-23,5262720	2649	0,1133	0,0863	4685	3161	1524
L05728	4	-46,5180445	-23,5238771	2335	0,1713	0,1151	4138	2919	1219
L05729	1	-46,5386362	-23,5224127	3595	0,0278	0,0288	7112	4601	2511
L05731	3	-46,5285678	-23,5250739	3128	0,0959	0,0863	5872	3858	2014
L05734	2	-46,5478984	-23,5284411	2172	0,0921	0,0575	4014	2746	1268
L05735	1	-46,4932640	-23,5309670	2238	0,0447	0,0288	4145	2862	1283
L05736	1	-46,5179226	-23,5228086	3663	0,0273	0,0288	6711	4640	2071
L05737	1	-46,4989941	-23,5275262	2079	0,0481	0,0288	3862	2632	1230
L05738	1	-46,5333555	-23,5182551	2464	0,0406	0,0288	4343	3015	1328
L05739	3	-46,4991515	-23,5296706	3000	0,1	0,0863	5527	3909	1618
L05740	6	-46,5095310	-23,5250203	3929	0,1527	0,1726	7326	4889	2437
L05742	1	-46,5211173	-23,5214041	2853	0,0351	0,0288	5266	3603	1663
L05744	1	-46,5317318	-23,5311949	1071	0,0934	0,0288	1768	1306	462
L05746	1	-46,5505175	-23,5250578	1516	0,066	0,0288	2837	1855	982
L05747	1	-46,5214246	-23,5293125	1229	0,0814	0,0288	2257	1504	753
L05748	1	-46,5402474	-23,5261748	1467	0,0682	0,0288	2351	1835	516
L05749	1	-46,5657556	-23,5447205	2552	0,0392	0,0288	4152	3034	1118
L05750	1	-46,5686249	-23,5424482	4557	0,0219	0,0288	7587	5295	2292
L05751	2	-46,5757522	-23,5380963	4097	0,0488	0,0575	6495	4845	1650
L05752	5	-46,5494401	-23,5441268	4128	0,1211	0,1438	7403	5019	2384
L05753	2	-46,5571310	-23,5490160	3586	0,0558	0,0575	6008	4212	1796
L05754	1	-46,5702535	-23,5486528	3035	0,0329	0,0288	4571	3526	1045
L05755	4	-46,5179584	-23,5638358	3205	0,1248	0,1151	5295	4046	1249
L05758	2	-46,5162500	-23,5737164	2339	0,0855	0,0575	3728	2933	795
L05759	3	-46,5311184	-23,5605521	2832	0,1059	0,0863	5109	3500	1609
L05760	5	-46,4984532	-23,5847269	4733	0,1056	0,1438	8851	6109	2742
L05762	4	-46,5116367	-23,5763889	1262	0,317	0,1151	2597	1618	979
L05763	1	-46,5178296	-23,5802614	2728	0,0367	0,0288	4620	3507	1113
L05765	1	-46,5279368	-23,5603880	519	0,1927	0,0288	884	666	218
L05766	3	-46,5138214	-23,5842903	1916	0,1566	0,0863	3190	2507	683
L05768	1	-46,5794166	-23,5383741	2522	0,0397	0,0288	4651	2995	1656
L05769	3	-46,5467092	-23,5412374	2157	0,1391	0,0863	3707	2712	995
L05770	1	-46,5075141	-23,5806329	2164	0,0462	0,0288	3900	2720	1180
L05771	1	-46,5727024	-23,5507422	2617	0,0382	0,0288	4908	3111	1797
L05772	1	-46,5679267	-23,5325642	2271	0,044	0,0288	4284	2700	1584
L05773	1	-46,5660691	-23,5558508	2623	0,0381	0,0288	4486	3058	1428
L05775	2	-46,5662223	-23,5472777	2792	0,0716	0,0575	5162	3308	1854
L05776	1	-46,5726461	-23,5512878	2634	0,038	0,0288	4333	3190	1143
L05777	1	-46,5636721	-23,5353692	1934	0,0517	0,0288	3252	2352	900
L05778	3	-46,5363195	-23,5540735	2588	0,1159	0,0863	4862	3218	1644
L05780	3	-46,5072844	-23,5706991	5535	0,0542	0,0863	10333	6962	3371
L05782	1	-46,5454070	-23,5485123	1497	0,0668	0,0288	2866	1877	989
L05783	2	-46,5747550	-23,5436990	1751	0,1142	0,0575	2933	2099	834
L05784	2	-46,5810636	-23,5390713	1123	0,1781	0,0575	1806	1332	474
L05785	2	-46,4982329	-23,5898352	2069	0,0967	0,0575	3681	2817	864
L05787	2	-46,5170355	-23,5835096	2514	0,0796	0,0575	4277	3252	1025
L05788	2	-46,5170255	-23,5575103	1578	0,1267	0,0575	3137	1967	1170
L05789	2	-46,5161156	-23,5584076	585	0,3419	0,0575	915	734	181
L05793	2	-46,5257140	-23,5554119	2865	0,0698	0,0575	5360	3578	1782
L05794	4	-46,5433831	-23,5503063	4135	0,0967	0,1151	6973	5037	1936
L05795	1	-46,5630428	-23,5455348	2537	0,0394	0,0288	4283	2957	1326
L05796	5	-46,5581932	-23,5503944	4508	0,1109	0,1438	6964	5342	1622
L05797	3	-46,5602785	-23,5363132	5811	0,0516	0,0863	9848	6857	2991
L05798	1	-46,5834851	-23,5000601	913	0,1095	0,0288	1615	1122	493
L05800	2	-46,6048519	-23,5043234	2579	0,0775	0,0575	4629	3241	1388
L05801	5	-46,5968739	-23,5084251	2820	0,1773	0,1438	5313	3529	1784
L05802	4	-46,6013419	-23,5076564	3312	0,1208	0,1151	6027	4063	1964
L05804	1	-46,5729009	-23,5009851	2656	0,0377	0,0288	4990	3348	1642
L05805	2	-46,6019251	-23,4930215	3006	0,0665	0,0575	5399	3750	1649
L05806	3	-46,5685781	-23,5119963	4184	0,0717	0,0863	7823	5387	2436
L05807	7	-46,5779360	-23,5053673	3549	0,1972	0,2014	6465	4410	2055
L05808	1	-46,5892786	-23,5184715	2964	0,0337	0,0288	5799	3706	2093
L05810	2	-46,5928674	-23,5005803	3037	0,0659	0,0575	5514	3674	1840
L05811	2	-46,5847966	-23,5140241	2439	0,082	0,0575	4518	2999	1519
L05812	2	-46,5733059	-23,5126116	2290	0,0873	0,0575	4034	2934	1100
L05813	1	-46,6060326	-23,5005742	1776	0,0563	0,0288	3262	2171	1091
L05814	3	-46,6049224	-23,5160697	1794	0,1672	0,0863	3377	2233	1144
L05815	2	-46,5904721	-23,5159874	2393	0,0836	0,0575	4362	2917	1445
L05816	4	-46,5824545	-23,5151915	4574	0,0875	0,1151	8444	5563	2881
L05819	1	-46,5825547	-23,5256742	2853	0,0351	0,0288	5154	3537	1617
L05820	1	-46,5663467	-23,5211065	3363	0,0297	0,0288	6296	4358	1938
L05823	2	-46,5847505	-23,5062429	2469	0,081	0,0575	4405	3039	1366
L05827	3	-46,5981117	-23,5026572	948	0,3165	0,0863	1582	1178	404
L05828	1	-46,6007196	-23,5005481	2697	0,0371	0,0288	4882	3315	1567
L05831	2	-46,5910102	-23,5018506	664	0,3012	0,0575	1020	795	225
L05838	1	-46,5930563	-23,5195686	3761	0,0266	0,0288	6624	4656	1968
L05840	1	-46,6572517	-23,5114641	1179	0,0848	0,0288	1961	1422	539
L05841	4	-46,6618639	-23,5067043	2520	0,1587	0,1151	4281	2973	1308
L05842	2	-46,6566659	-23,5007326	1397	0,1432	0,0575	2475	1764	711
L05843	1	-46,6732228	-23,5017435	1901	0,0526	0,0288	3104	2323	781
L05844	4	-46,6552440	-23,4837840	4064	0,0984	0,1151	6975	5136	1839
L05845	1	-46,6748489	-23,4996347	2821	0,0354	0,0288	4345	3361	984
L05846	2	-46,6811823	-23,4913790	3097	0,0646	0,0575	5454	4068	1386
L05847	2	-46,6551176	-23,4983123	3654	0,0547	0,0575	6457	4489	1968
L05848	2	-46,6506305	-23,5026837	3720	0,0538	0,0575	6771	4492	2279
L05849	8	-46,6657859	-23,4885740	3928	0,2037	0,2301	7229	4920	2309
L05850	7	-46,6672729	-23,4955761	2587	0,2706	0,2014	4487	3234	1253
L05851	3	-46,6632938	-23,5087770	4242	0,0707	0,0863	7237	4966	2271
L05852	4	-46,6754529	-23,4902989	2604	0,1536	0,1151	4917	3236	1681
L05853	3	-46,6576552	-23,4676225	2016	0,1488	0,0863	3658	2494	1164
L05854	9	-46,6559225	-23,4706050	3589	0,2508	0,2589	6533	4491	2042
L05856	3	-46,6576980	-23,5105636	3626	0,0827	0,0863	6816	4472	2344
L05857	9	-46,6610100	-23,4937600	3204	0,2809	0,2589	6028	4077	1951
L05858	2	-46,6602290	-23,5040336	1694	0,1181	0,0575	3175	2048	1127
L05860	1	-46,6806536	-23,4985927	2933	0,0341	0,0288	5335	3608	1727
L05861	5	-46,6633902	-23,4700233	2413	0,2072	0,1438	4175	2930	1245
L05862	4	-46,6805862	-23,5028507	5531	0,0723	0,1151	9763	6800	2963
L05863	4	-46,6642085	-23,4767719	3809	0,105	0,1151	7192	4768	2424
L05864	1	-46,6729030	-23,5109220	2299	0,0435	0,0288	4247	2858	1389
L05865	3	-46,6698247	-23,4725347	947	0,3168	0,0863	1605	1205	400
L05866	4	-46,6545707	-23,4916062	2697	0,1483	0,1151	4880	3285	1595
L05867	3	-46,6611936	-23,4979397	2374	0,1264	0,0863	4516	2931	1585
L05870	1	-46,6722354	-23,4967228	2389	0,0419	0,0288	4246	3161	1085
L05872	6	-46,6618430	-23,4656280	2879	0,2084	0,1726	4826	3497	1329
L05873	1	-46,6545485	-23,4716736	1878	0,0532	0,0288	2977	2288	689
L05874	4	-46,6665068	-23,4702189	3203	0,1249	0,1151	5602	3899	1703
L05875	3	-46,6702128	-23,4900049	1711	0,1753	0,0863	3184	2157	1027
L05876	2	-46,6599580	-23,5051240	2430	0,0823	0,0575	4034	2954	1080
L05878	1	-46,6724956	-23,5102380	1331	0,0751	0,0288	2224	1674	550
L05879	3	-46,6100888	-23,4531726	1472	0,2038	0,0863	2453	1731	722
L05881	1	-46,6182089	-23,4725956	2680	0,0373	0,0288	4271	3113	1158
L05883	2	-46,6071629	-23,4804948	2403	0,0832	0,0575	4353	2845	1508
L05884	4	-46,6024410	-23,4546385	2320	0,1724	0,1151	3954	2867	1087
L05885	2	-46,6064554	-23,4772146	3669	0,0545	0,0575	6325	4434	1891
L05886	9	-46,5974438	-23,4545847	4312	0,2087	0,2589	8140	5407	2733
L05887	2	-46,6220405	-23,4613396	2348	0,0852	0,0575	4444	2795	1649
L05888	5	-46,5855959	-23,4389881	3768	0,1327	0,1438	6719	4916	1803
L05889	4	-46,6306396	-23,4568482	2624	0,1524	0,1151	4737	3252	1485
L05890	4	-46,6048373	-23,4642332	3719	0,1076	0,1151	6880	4577	2303
L05891	3	-46,5884421	-23,4440711	2609	0,115	0,0863	4730	3437	1293
L05892	3	-46,6200080	-23,4826288	3225	0,093	0,0863	5990	3879	2111
L05894	1	-46,6064995	-23,4765109	1719	0,0582	0,0288	2945	2156	789
L05895	9	-46,5968505	-23,4651601	3059	0,2942	0,2589	5869	3863	2006
L05896	1	-46,6110245	-23,4484688	2156	0,0464	0,0288	3544	2609	935
L05897	3	-46,5851276	-23,4502408	3003	0,0999	0,0863	5429	3962	1467
L05899	1	-46,6056454	-23,4658408	3170	0,0315	0,0288	5858	3789	2069
L05900	2	-46,5803132	-23,4357702	2733	0,0732	0,0575	5108	3666	1442
L05901	2	-46,6114391	-23,4769661	1848	0,1082	0,0575	3409	2201	1208
L05902	4	-46,5890824	-23,4546164	3266	0,1225	0,1151	5800	4185	1615
L05903	5	-46,5972378	-23,4563706	2628	0,1903	0,1438	4890	3280	1610
L05904	6	-46,6195870	-23,4540240	1890	0,3175	0,1726	3278	2265	1013
L05905	7	-46,5872324	-23,4196031	2830	0,2473	0,2014	5422	3879	1543
L05906	3	-46,6048700	-23,4811680	2460	0,122	0,0863	4808	3065	1743
L05910	5	-46,6108766	-23,4549274	2539	0,1969	0,1438	4480	2999	1481
L05911	5	-46,5953507	-23,4480324	2669	0,1873	0,1438	4700	3478	1222
L05912	7	-46,6031271	-23,4684303	2532	0,2765	0,2014	4589	3126	1463
L05913	4	-46,6248203	-23,4576182	3097	0,1292	0,1151	5869	3776	2093
L05914	2	-46,6046269	-23,4577565	2417	0,0827	0,0575	4627	3016	1611
L05916	3	-46,5772676	-23,4381432	1120	0,2679	0,0863	1985	1453	532
L05917	3	-46,5967409	-23,4660680	1177	0,2549	0,0863	1931	1452	479
L05923	1	-46,5785504	-23,5815302	2493	0,0401	0,0288	3882	2983	899
L05924	4	-46,5604307	-23,5979220	3363	0,1189	0,1151	5863	4288	1575
L05925	4	-46,5735437	-23,5894829	2983	0,1341	0,1151	4660	3569	1091
L05926	5	-46,5852470	-23,5802350	4531	0,1104	0,1438	8206	5391	2815
L05927	1	-46,5596293	-23,5771217	1915	0,0522	0,0288	3103	2398	705
L05928	1	-46,5582100	-23,5739759	2347	0,0426	0,0288	4461	2967	1494
L05929	3	-46,5585843	-23,5972769	3198	0,0938	0,0863	6011	4129	1882
L05930	3	-46,5620004	-23,5788819	2521	0,119	0,0863	4889	3094	1795
L05932	2	-46,5660422	-23,6040127	2344	0,0853	0,0575	4184	2990	1194
L05933	2	-46,5471739	-23,5927268	3403	0,0588	0,0575	6295	4294	2001
L05934	1	-46,5733889	-23,5841252	2885	0,0347	0,0288	5165	3545	1620
L05935	1	-46,5827588	-23,5877885	1764	0,0567	0,0288	3128	2148	980
L05936	1	-46,5703839	-23,5879450	1764	0,0567	0,0288	2906	2096	810
L05940	2	-46,5797671	-23,5725988	1605	0,1246	0,0575	2616	1974	642
L05942	1	-46,5766081	-23,5796376	2512	0,0398	0,0288	4766	3082	1684
L05943	1	-46,5480300	-23,5998140	3286	0,0304	0,0288	5695	4099	1596
L05944	3	-46,5421787	-23,5921449	3003	0,0999	0,0863	5738	3791	1947
L05945	4	-46,5663969	-23,5940979	2754	0,1452	0,1151	5100	3435	1665
L05946	1	-46,5642049	-23,5759686	2719	0,0368	0,0288	4371	3343	1028
L05947	1	-46,5795917	-23,5926018	3241	0,0309	0,0288	5895	4000	1895
L05949	1	-46,5838544	-23,5814914	2972	0,0336	0,0288	5338	3529	1809
L05950	4	-46,5543296	-23,5793590	3947	0,1013	0,1151	7538	4962	2576
L05953	2	-46,5568681	-23,6075908	1986	0,1007	0,0575	3562	2523	1039
L05955	1	-46,5775910	-23,5732024	1606	0,0623	0,0288	2687	2013	674
L05956	1	-46,5394300	-23,5959940	2022	0,0495	0,0288	3634	2528	1106
L05957	1	-46,5450386	-23,5985655	1975	0,0506	0,0288	3567	2479	1088
L05958	1	-46,5654838	-23,5972434	2924	0,0342	0,0288	5305	3683	1622
L05959	1	-46,5810310	-23,5900310	2339	0,0428	0,0288	4164	2855	1309
L05963	2	-46,5786516	-23,5835336	1407	0,1421	0,0575	2348	1677	671
L05964	1	-46,6783620	-23,6167251	2994	0,0334	0,0288	5082	3353	1729
L05965	3	-46,6619780	-23,6090200	3849	0,0779	0,0863	6946	4334	2612
L05967	1	-46,6885280	-23,6126750	4170	0,024	0,0288	6900	4718	2182
L05968	2	-46,6685076	-23,6131455	3538	0,0565	0,0575	6251	3963	2288
L05969	2	-46,6882980	-23,6116910	2974	0,0672	0,0575	5627	3387	2240
L05970	5	-46,6673187	-23,6261976	2521	0,1983	0,1438	4330	2895	1435
L05974	1	-46,6641427	-23,6002288	6184	0,0162	0,0288	10325	6924	3401
L05976	1	-46,6786792	-23,6169250	3059	0,0327	0,0288	4637	3422	1215
L05978	1	-46,6439417	-23,6284438	2379	0,042	0,0288	4586	2796	1790
L05981	5	-46,6812703	-23,6263887	3816	0,131	0,1438	6833	4360	2473
L05982	2	-46,6821455	-23,6155051	5201	0,0385	0,0575	8875	5878	2997
L05983	3	-46,6510975	-23,6123036	3947	0,076	0,0863	7274	4497	2777
L05984	1	-46,6639945	-23,6440840	2592	0,0386	0,0288	4500	3040	1460
L05985	3	-46,6850791	-23,6183057	3742	0,0802	0,0863	6558	4258	2300
L05987	2	-46,6726843	-23,6097127	3510	0,057	0,0575	5718	3982	1736
L05988	2	-46,6679674	-23,6420583	3208	0,0623	0,0575	5082	3709	1373
L05997	1	-46,6475368	-23,6025329	2704	0,037	0,0288	4279	2988	1291
L05999	1	-46,6348802	-23,6270565	1652	0,0605	0,0288	2366	1867	499
L06000	2	-46,6362275	-23,5988254	5755	0,0348	0,0575	9671	6446	3225
L06002	1	-46,6235160	-23,6123380	3568	0,028	0,0288	6002	4132	1870
L06007	2	-46,6165982	-23,6041985	3954	0,0506	0,0575	7269	4693	2576
L06010	4	-46,6214969	-23,5987034	3306	0,121	0,1151	5715	3957	1758
L06011	1	-46,6255542	-23,6092089	2648	0,0378	0,0288	4891	3146	1745
L06012	1	-46,6319660	-23,6059990	2471	0,0405	0,0288	4092	2850	1242
L06014	1	-46,6273692	-23,6096467	1882	0,0531	0,0288	3682	2300	1382
L06015	1	-46,6448925	-23,6100010	2447	0,0409	0,0288	4269	2836	1433
L06016	1	-46,6492475	-23,5982808	2316	0,0432	0,0288	4108	2664	1444
L06019	2	-46,6449004	-23,6103211	2557	0,0782	0,0575	4643	2988	1655
L06020	1	-46,6201994	-23,6074833	1448	0,0691	0,0288	2183	1677	506
L06021	1	-46,6335779	-23,6059257	1306	0,0766	0,0288	1946	1490	456
L06022	2	-46,6399802	-23,6207015	7560	0,0265	0,0575	11823	8719	3104
L06023	1	-46,6389150	-23,6157370	2881	0,0347	0,0288	4965	3266	1699
L06025	1	-46,6389693	-23,6190507	3888	0,0257	0,0288	6569	4406	2163
L06027	2	-46,6300558	-23,5928665	2573	0,0777	0,0575	4339	2922	1417
L06028	1	-46,6346346	-23,5975076	3131	0,0319	0,0288	4577	3510	1067
L06029	1	-46,6492868	-23,6040214	2036	0,0491	0,0288	3024	2307	717
L06032	2	-46,6120690	-23,5882350	2927	0,0683	0,0575	5450	3505	1945
L06038	1	-46,6043324	-23,5881805	4423	0,0226	0,0288	7818	5323	2495
L06040	2	-46,6000559	-23,6225320	1860	0,1075	0,0575	3641	2456	1185
L06041	5	-46,6051622	-23,5751923	2652	0,1885	0,1438	4753	3194	1559
L06042	3	-46,5932441	-23,6218013	3332	0,09	0,0863	5834	4057	1777
L06043	2	-46,5939912	-23,6283792	2004	0,0998	0,0575	3754	2526	1228
L06044	2	-46,6163598	-23,5850714	1098	0,1821	0,0575	2123	1307	816
L06045	2	-46,5907336	-23,5984174	3727	0,0537	0,0575	6818	4710	2108
L06046	3	-46,5830025	-23,6226329	2716	0,1105	0,0863	4830	3455	1375
L06047	1	-46,5866191	-23,6277500	3027	0,033	0,0288	5754	3872	1882
L06048	1	-46,5945812	-23,6240333	3452	0,029	0,0288	6548	4452	2096
L06049	1	-46,5971870	-23,6124820	2991	0,0334	0,0288	5347	3706	1641
L06051	1	-46,6031399	-23,6063806	3228	0,031	0,0288	5899	4148	1751
L06055	2	-46,6096977	-23,5916041	2870	0,0697	0,0575	5430	3473	1957
L06056	4	-46,6019600	-23,5909040	5133	0,0779	0,1151	9867	6305	3562
L06057	1	-46,6013725	-23,6127005	1501	0,0666	0,0288	2879	1866	1013
L06058	2	-46,5930326	-23,5972734	2828	0,0707	0,0575	5015	3572	1443
L06059	1	-46,5975968	-23,6097769	2880	0,0347	0,0288	4845	3529	1316
L06061	1	-46,5809811	-23,6100573	2017	0,0496	0,0288	3626	2610	1016
L06064	1	-46,5956377	-23,5958120	1677	0,0596	0,0288	3055	2103	952
L06067	2	-46,6098374	-23,5932998	5055	0,0396	0,0575	8453	5954	2499
L06660	2	-46,7041000	-23,7108340	1608	0,1244	0,0575	2717	1945	772
L06661	1	-46,7041000	-23,7108340	2709	0,0369	0,0288	4548	3262	1286
L06663	2	-46,7157832	-23,6718387	1948	0,1027	0,0575	3430	2333	1097
L06664	1	-46,7020763	-23,6853645	3332	0,03	0,0288	5602	4031	1571
L06665	1	-46,6964372	-23,6925377	2324	0,043	0,0288	3819	2859	960
L06666	6	-46,7147308	-23,6702428	2788	0,2152	0,1726	5109	3374	1735
L06668	1	-46,7079679	-23,7294845	5089	0,0197	0,0288	8445	6409	2036
L06669	4	-46,6865884	-23,7095906	3707	0,1079	0,1151	6138	4679	1459
L06670	2	-46,6957864	-23,7324947	2610	0,0766	0,0575	4188	3289	899
L06671	2	-46,7092435	-23,7150718	2233	0,0896	0,0575	3875	2681	1194
L06672	4	-46,7004276	-23,7112720	3395	0,1178	0,1151	6059	4083	1976
L06674	3	-46,6793309	-23,7195684	3211	0,0934	0,0863	5467	4147	1320
L06676	4	-46,6947263	-23,7122284	3026	0,1322	0,1151	5161	3620	1541
L06677	2	-46,7023442	-23,7336887	3497	0,0572	0,0575	6166	4530	1636
L06678	2	-46,7003248	-23,7336023	2433	0,0822	0,0575	3957	3049	908
L06679	1	-46,7081139	-23,6888596	3276	0,0305	0,0288	5643	3922	1721
L06680	3	-46,7011093	-23,7188128	4508	0,0665	0,0863	7833	5525	2308
L06683	1	-46,6987338	-23,7098273	2586	0,0387	0,0288	4747	3089	1658
L06684	1	-46,6863422	-23,7040675	2925	0,0342	0,0288	5005	3592	1413
L06685	2	-46,6955380	-23,7139433	789	0,2535	0,0575	1267	982	285
L06686	2	-46,7106459	-23,6834675	3696	0,0541	0,0575	6365	4412	1953
L06687	2	-46,6995340	-23,7330324	2757	0,0725	0,0575	4736	3370	1366
L06688	2	-46,6904668	-23,7164776	3363	0,0595	0,0575	5649	4138	1511
L06690	3	-46,7105503	-23,6682255	1240	0,2419	0,0863	2248	1483	765
L06691	4	-46,6914688	-23,7136432	2546	0,1571	0,1151	4232	3121	1111
L06693	1	-46,7113227	-23,6667443	640	0,1562	0,0288	1046	781	265
L06694	1	-46,7108924	-23,6832611	1288	0,0776	0,0288	2065	1513	552
L06696	2	-46,7097890	-23,7283561	1131	0,1768	0,0575	1836	1425	411
L07572	1	-46,6503535	-23,6588627	1554	0,0644	0,0288	2594	1913	681
L07574	1	-46,6415339	-23,6443503	1932	0,0518	0,0288	3346	2359	987
L07575	1	-46,6365200	-23,6320743	4017	0,0249	0,0288	7103	4799	2304
L07576	1	-46,6349642	-23,6431290	2278	0,0439	0,0288	4207	2702	1505
L07577	3	-46,6419142	-23,6629092	3221	0,0931	0,0863	5894	4037	1857
L07579	3	-46,6444998	-23,6334867	4067	0,0738	0,0863	7242	4778	2464
L07581	1	-46,6363601	-23,6810716	3028	0,033	0,0288	5287	3909	1378
L07582	3	-46,6358025	-23,6609951	3615	0,083	0,0863	6447	4637	1810
L07583	1	-46,6477955	-23,6558420	3661	0,0273	0,0288	6289	4390	1899
L07587	1	-46,6389892	-23,6729739	4038	0,0248	0,0288	6961	5171	1790
L07588	3	-46,6585002	-23,6601214	4100	0,0732	0,0863	7296	5008	2288
L07591	1	-46,6361421	-23,6802843	2687	0,0372	0,0288	4849	3510	1339
L07592	1	-46,6354223	-23,6496780	2351	0,0425	0,0288	4295	2944	1351
L07594	1	-46,6408225	-23,6457886	2578	0,0388	0,0288	4645	3018	1627
L07595	3	-46,6355606	-23,6678098	4296	0,0698	0,0863	7638	5546	2092
L07597	3	-46,6535415	-23,6619014	2754	0,1089	0,0863	4727	3504	1223
L07598	8	-46,6392154	-23,6408466	3709	0,2157	0,2301	6533	4338	2195
L07600	2	-46,6356262	-23,6788985	1377	0,1452	0,0575	2329	1795	534
L07601	2	-46,6355606	-23,6678098	1988	0,1006	0,0575	3563	2572	991
L07603	1	-46,6370255	-23,6461670	1050	0,0952	0,0288	1674	1221	453
L07605	1	-46,6526971	-23,6532191	1424	0,0702	0,0288	2392	1763	629
L07606	1	-46,6363030	-23,6342640	1221	0,0819	0,0288	1867	1431	436
L07607	1	-46,6434755	-23,6307074	513	0,1949	0,0288	844	592	252
L07608	1	-46,6393798	-23,6345390	2222	0,045	0,0288	3456	2623	833
L07660	7	-46,7286689	-23,4834509	3071	0,2279	0,2014	5145	3881	1264
L07661	3	-46,7108413	-23,4971928	1645	0,1824	0,0863	2799	2020	779
L07662	1	-46,7285530	-23,4946483	2295	0,0436	0,0288	3615	2730	885
L07663	4	-46,7465927	-23,4712764	2639	0,1516	0,1151	4854	3268	1586
L07664	6	-46,7296043	-23,4932746	3302	0,1817	0,1726	5686	4020	1666
L07665	1	-46,7094157	-23,5058535	1103	0,0907	0,0288	1815	1364	451
L07666	9	-46,7187075	-23,4795423	4684	0,1921	0,2589	9004	6008	2996
L07667	4	-46,7261678	-23,4829058	2616	0,1529	0,1151	4926	3233	1693
L07668	1	-46,7496458	-23,4783071	2726	0,0367	0,0288	4622	3476	1146
L07669	4	-46,7461037	-23,4816392	3660	0,1093	0,1151	6759	4550	2209
L07670	3	-46,7157223	-23,4910050	3437	0,0873	0,0863	6527	4354	2173
L07671	4	-46,7225558	-23,4963064	2986	0,134	0,1151	5033	3579	1454
L07672	2	-46,7132794	-23,5018341	2276	0,0879	0,0575	4138	2805	1333
L07673	2	-46,7258835	-23,4822099	1763	0,1134	0,0575	3138	2256	882
L07674	4	-46,7340887	-23,4861415	1145	0,3493	0,1151	1962	1407	555
L07675	3	-46,7341179	-23,4868877	2381	0,126	0,0863	4269	2907	1362
L07676	3	-46,7132969	-23,4942851	2690	0,1115	0,0863	5011	3334	1677
L07677	6	-46,7174065	-23,4896350	2905	0,2065	0,1726	5357	3563	1794
L07678	5	-46,7265335	-23,4891389	1972	0,2535	0,1438	3537	2347	1190
L07679	1	-46,7399355	-23,4854976	1669	0,0599	0,0288	2714	2024	690
L07680	3	-46,7195562	-23,4798197	961	0,3122	0,0863	1641	1213	428
L07681	3	-46,7278522	-23,4974960	3589	0,0836	0,0863	6232	4432	1800
L07683	2	-46,4716478	-23,4993793	1880	0,1064	0,0575	3092	2381	711
L07688	1	-46,4915180	-23,5074055	1641	0,0609	0,0288	3150	2085	1065
L07689	2	-46,4919582	-23,5063549	2108	0,0949	0,0575	3605	2714	891
L07691	1	-46,4782924	-23,4882415	2673	0,0374	0,0288	4549	3394	1155
L07692	2	-46,4761134	-23,5015127	2666	0,075	0,0575	4912	3325	1587
L07693	2	-46,4705358	-23,4926534	4113	0,0486	0,0575	7400	5306	2094
L07694	1	-46,4971517	-23,4840369	2951	0,0339	0,0288	4712	3627	1085
L07698	1	-46,4818882	-23,4858938	2747	0,0364	0,0288	5345	3538	1807
L07699	2	-46,4816039	-23,4998180	2953	0,0677	0,0575	5279	3696	1583
L07700	6	-46,4851971	-23,4905377	3489	0,172	0,1726	6056	4395	1661
L07701	5	-46,4889435	-23,4985564	3277	0,1526	0,1438	5967	4095	1872
L07702	5	-46,4749626	-23,4875229	2327	0,2149	0,1438	4070	2936	1134
L07703	4	-46,4731818	-23,5027056	2186	0,183	0,1151	3519	2750	769
L07704	7	-46,4783102	-23,4996696	2270	0,3084	0,2014	4005	2861	1144
L07705	1	-46,4753246	-23,4969321	1922	0,052	0,0288	3284	2392	892
L07706	1	-46,4963575	-23,4925264	630	0,1587	0,0288	1072	816	256
L07708	4	-46,4849725	-23,5032693	2712	0,1475	0,1151	5219	3402	1817
L07709	2	-46,4926895	-23,4988971	1792	0,1116	0,0575	3099	2351	748
L07710	1	-46,4820150	-23,5058752	1072	0,0933	0,0288	1843	1332	511
L07713	1	-46,4966140	-23,4924641	1374	0,0728	0,0288	2302	1760	542
L07714	3	-46,4773819	-23,4879119	1046	0,2868	0,0863	1700	1307	393
L07716	2	-46,6940451	-23,4986203	1924	0,104	0,0575	3114	2268	846
L07717	3	-46,6977498	-23,4953639	1623	0,1848	0,0863	2803	2006	797
L07718	1	-46,6987243	-23,4958644	1305	0,0766	0,0288	2151	1595	556
L07721	5	-46,7021950	-23,4842550	3320	0,1506	0,1438	6150	4149	2001
L07722	2	-46,7100048	-23,4798680	2502	0,0799	0,0575	4590	3267	1323
L07723	1	-46,7155090	-23,4737413	2363	0,0423	0,0288	4249	3098	1151
L07724	3	-46,7078711	-23,4942478	2028	0,1479	0,0863	3798	2545	1253
L07725	2	-46,7203590	-23,4728158	1930	0,1036	0,0575	3380	2566	814
L07726	3	-46,6978976	-23,4998743	2271	0,1321	0,0863	4256	2757	1499
L07727	3	-46,6972109	-23,4923489	2499	0,12	0,0863	4705	3018	1687
L07729	2	-46,7028160	-23,4979150	3736	0,0535	0,0575	6670	4600	2070
L07730	1	-46,7196553	-23,4675600	2010	0,0498	0,0288	3558	2712	846
L07731	8	-46,6997557	-23,4958002	3556	0,225	0,2301	6178	4337	1841
L07732	5	-46,6916354	-23,4865099	2408	0,2076	0,1438	4588	2950	1638
L07733	2	-46,7048817	-23,4913894	2387	0,0838	0,0575	4271	2986	1285
L07734	2	-46,7077799	-23,4872710	2185	0,0915	0,0575	3723	2810	913
L07736	2	-46,6899944	-23,4971911	1941	0,103	0,0575	3393	2305	1088
L07737	8	-46,6860439	-23,4985664	2566	0,3118	0,2301	4751	3195	1556
L07738	2	-46,7064209	-23,4786059	2105	0,095	0,0575	3957	2729	1228
L07739	3	-46,7128806	-23,4857983	3106	0,0966	0,0863	5261	3930	1331
L07741	4	-46,6915530	-23,4896820	2900	0,1379	0,1151	4958	3548	1410
L07742	3	-46,7004116	-23,5041947	1512	0,1984	0,0863	2764	1873	891
L07747	2	-46,6864477	-23,4984882	854	0,2342	0,0575	1465	1082	383
L07748	1	-46,7035579	-23,4832109	1227	0,0815	0,0288	2074	1563	511
L07750	11	-46,7708337	-23,6299871	13605	0,0809	0,3165	25821	17652	8169
L07752	2	-46,7562863	-23,6156016	3810	0,0525	0,0575	6732	4937	1795
L07753	1	-46,7766842	-23,6395528	2690	0,0372	0,0288	4737	3519	1218
L07754	2	-46,7510131	-23,6228353	4006	0,0499	0,0575	7103	5278	1825
L07755	1	-46,7557573	-23,6290243	3980	0,0251	0,0288	6741	5172	1569
L07759	1	-46,7708253	-23,6346601	2609	0,0383	0,0288	4845	3309	1536
L07761	2	-46,7758320	-23,6436922	4304	0,0465	0,0575	7784	5385	2399
L07762	6	-46,7860069	-23,6438270	3683	0,1629	0,1726	6454	4825	1629
L07763	3	-46,7776614	-23,6511000	4197	0,0715	0,0863	7100	5325	1775
L07765	1	-46,7497115	-23,6403144	4495	0,0222	0,0288	7813	5662	2151
L07766	2	-46,7870213	-23,6430817	3412	0,0586	0,0575	6214	4373	1841
L07767	1	-46,7490615	-23,6345587	3174	0,0315	0,0288	5702	4133	1569
L07768	3	-46,7739779	-23,6330684	2361	0,1271	0,0863	4577	2954	1623
L07769	2	-46,7686119	-23,6296456	3708	0,0539	0,0575	6898	4781	2117
L07770	7	-46,7542153	-23,6198219	4129	0,1695	0,2014	7176	5149	2027
L07771	2	-46,7622591	-23,6469894	2666	0,075	0,0575	4394	3333	1061
L07772	1	-46,7607719	-23,6385695	2910	0,0344	0,0288	5170	3706	1464
L07773	2	-46,7538973	-23,6349349	4025	0,0497	0,0575	6657	5039	1618
L07774	1	-46,7498755	-23,6363346	2769	0,0361	0,0288	4952	3627	1325
L08186	1	-46,7043257	-23,6097843	2189	0,0457	0,0288	3576	2546	1030
L08187	1	-46,7184327	-23,5762950	257	0,3891	0,0288	394	289	105
L08188	4	-46,7165770	-23,5900570	2517	0,1589	0,1151	3979	2849	1130
L08190	2	-46,7131334	-23,6188108	3137	0,0638	0,0575	5166	3531	1635
L08192	1	-46,7464051	-23,5966465	1686	0,0593	0,0288	2775	2051	724
L08193	1	-46,7073893	-23,5739269	1438	0,0695	0,0288	2590	1633	957
L08194	3	-46,7194106	-23,5935367	4012	0,0748	0,0863	6747	4420	2327
L08195	2	-46,7277361	-23,6045363	3437	0,0582	0,0575	5923	4007	1916
L08197	1	-46,7361238	-23,5854310	1908	0,0524	0,0288	3173	2287	886
L08198	4	-46,7269586	-23,5890197	3106	0,1288	0,1151	5469	3609	1860
L08199	1	-46,7202481	-23,5763764	1751	0,0571	0,0288	3121	1996	1125
L08200	1	-46,7298173	-23,5966128	2551	0,0392	0,0288	4499	3046	1453
L08201	3	-46,7313899	-23,5980074	3354	0,0894	0,0863	5937	3987	1950
L08202	2	-46,7401597	-23,6037788	2287	0,0875	0,0575	4380	2818	1562
L08204	2	-46,7468132	-23,6034358	3032	0,066	0,0575	5249	3566	1683
L08205	1	-46,7205486	-23,5875210	2564	0,039	0,0288	4386	2949	1437
L08206	1	-46,7371220	-23,5927960	2484	0,0403	0,0288	4358	3007	1351
L08210	5	-46,7240153	-23,5828984	1486	0,3365	0,1438	2370	1711	659
L08211	2	-46,7570506	-23,5977877	2938	0,0681	0,0575	5449	3746	1703
L08212	2	-46,7546852	-23,5949824	2625	0,0762	0,0575	4694	3368	1326
L08213	1	-46,7052007	-23,6074205	2725	0,0367	0,0288	4343	3206	1137
L08214	2	-46,7156551	-23,5796180	554	0,361	0,0575	796	618	178
L08222	1	-46,5231986	-23,5430712	747	0,1339	0,0288	1280	947	333
L08223	1	-46,5031002	-23,5704138	1840	0,0543	0,0288	3025	2358	667
L08225	5	-46,5100191	-23,5446064	4128	0,1211	0,1438	7026	5147	1879
L08227	1	-46,5050519	-23,5458928	1879	0,0532	0,0288	3494	2368	1126
L08229	2	-46,4982241	-23,5504038	2927	0,0683	0,0575	5051	3739	1312
L08230	7	-46,5221139	-23,5406331	2745	0,255	0,2014	5219	3471	1748
L08231	2	-46,5079969	-23,5544033	2026	0,0987	0,0575	3550	2546	1004
L08232	1	-46,5442704	-23,5350483	1844	0,0542	0,0288	3342	2318	1024
L08233	1	-46,5151760	-23,5433139	1746	0,0573	0,0288	3085	2237	848
L08234	3	-46,5317956	-23,5421192	3038	0,0987	0,0863	5442	3818	1624
L08235	1	-46,4958682	-23,5663286	2328	0,043	0,0288	4095	3031	1064
L08236	3	-46,4990570	-23,5735096	2833	0,1059	0,0863	4657	3582	1075
L08237	3	-46,5212577	-23,5434956	2878	0,1042	0,0863	5496	3656	1840
L08239	3	-46,5141185	-23,5517464	2105	0,1425	0,0863	3730	2686	1044
L08241	1	-46,4913846	-23,5478378	2076	0,0482	0,0288	3674	2778	896
L08244	2	-46,4849359	-23,5443559	2408	0,0831	0,0575	4352	3219	1133
L08245	4	-46,4984607	-23,5625811	3684	0,1086	0,1151	6646	4873	1773
L08246	2	-46,5143049	-23,5325952	2090	0,0957	0,0575	3736	2717	1019
L08247	3	-46,4906529	-23,5403308	4098	0,0732	0,0863	7785	5311	2474
L08250	1	-46,5370743	-23,5335666	1855	0,0539	0,0288	3292	2341	951
L08251	1	-46,5141937	-23,5522187	2485	0,0402	0,0288	4173	3088	1085
L08255	2	-46,4930480	-23,5384900	1910	0,1047	0,0575	3638	2415	1223
L08256	4	-46,5191281	-23,5450183	2851	0,1403	0,1151	5189	3512	1677
L08258	3	-46,5095374	-23,5384628	2376	0,1263	0,0863	4461	3015	1446
L08259	1	-46,5081299	-23,5436866	2539	0,0394	0,0288	4640	3247	1393
L08260	1	-46,5041450	-23,5368140	2070	0,0483	0,0288	3558	2654	904
L08261	4	-46,5328060	-23,5351986	2423	0,1651	0,1151	4244	2978	1266
L08263	2	-46,5188258	-23,5451260	620	0,3226	0,0575	1101	755	346
L08265	2	-46,5251630	-23,5338233	5108	0,0392	0,0575	9329	6208	3121
L08266	3	-46,5492719	-23,5643080	3744	0,0801	0,0863	6474	4613	1861
L08267	1	-46,5464060	-23,5700350	1922	0,052	0,0288	3132	2354	778
L08269	3	-46,5456990	-23,5729610	1641	0,1828	0,0863	2921	2045	876
L08270	1	-46,5267515	-23,5750205	769	0,13	0,0288	1358	1007	351
L08271	2	-46,5489169	-23,5706004	2230	0,0897	0,0575	4306	2779	1527
L08272	2	-46,5288323	-23,5727122	2238	0,0894	0,0575	4229	2897	1332
L08273	2	-46,5293776	-23,5796946	1844	0,1085	0,0575	3265	2427	838
L08274	5	-46,5439614	-23,5676780	2439	0,205	0,1438	5027	3105	1922
L08275	1	-46,5344569	-23,5777136	2311	0,0433	0,0288	4317	2988	1329
L08276	2	-46,5458952	-23,5550134	2003	0,0999	0,0575	3017	2414	603
L08278	3	-46,5421410	-23,5610590	3394	0,0884	0,0863	6342	4245	2097
L08279	1	-46,5397986	-23,5751068	3183	0,0314	0,0288	5939	4067	1872
L08280	2	-46,5272729	-23,5842759	3215	0,0622	0,0575	5879	4206	1673
L08281	3	-46,5410608	-23,5606823	3255	0,0922	0,0863	5649	4123	1526
L08282	1	-46,5363320	-23,5554260	2096	0,0477	0,0288	3766	2596	1170
L08283	9	-46,5276225	-23,5710305	2727	0,33	0,2589	5111	3464	1647
L08284	2	-46,5527913	-23,5614550	3182	0,0629	0,0575	5966	3914	2052
L08285	3	-46,5421019	-23,5584414	1912	0,1569	0,0863	3129	2348	781
L08286	3	-46,5228208	-23,5778668	2051	0,1463	0,0863	3585	2631	954
L08287	1	-46,5495140	-23,5691620	649	0,1541	0,0288	1068	790	278
L08289	1	-46,5316140	-23,5824820	763	0,1311	0,0288	1398	1073	325
L08290	1	-46,5242645	-23,5744660	1705	0,0587	0,0288	2898	2194	704
L08291	2	-46,5310432	-23,5705664	1533	0,1305	0,0575	2532	1897	635
L08292	2	-46,5847312	-23,4571192	1974	0,1013	0,0575	3768	2560	1208
L08293	1	-46,6083813	-23,4903083	2174	0,046	0,0288	3215	2572	643
L08295	1	-46,5903643	-23,4794354	1163	0,086	0,0288	1836	1454	382
L08296	4	-46,5867358	-23,4804731	3045	0,1314	0,1151	5362	3770	1592
L08297	3	-46,5922270	-23,4778802	3114	0,0963	0,0863	5691	3862	1829
L08298	4	-46,5964456	-23,4816480	2676	0,1495	0,1151	5140	3366	1774
L08299	2	-46,5792804	-23,4590009	1688	0,1185	0,0575	3422	2181	1241
L08300	1	-46,5778738	-23,4504834	1879	0,0532	0,0288	3503	2489	1014
L08301	4	-46,5806496	-23,4548081	4543	0,088	0,1151	8491	6011	2480
L08302	6	-46,5835571	-23,4654238	2768	0,2168	0,1726	5668	3556	2112
L08303	2	-46,5951874	-23,4707467	2344	0,0853	0,0575	4346	2893	1453
L08304	8	-46,5865198	-23,4701787	2754	0,2905	0,2301	5084	3408	1676
L08305	12	-46,5732891	-23,4514774	4266	0,2813	0,3452	8509	5988	2521
L08307	2	-46,5775231	-23,4668711	3245	0,0616	0,0575	6063	4171	1892
L08308	2	-46,5845419	-23,4570823	3848	0,052	0,0575	7444	5062	2382
L08309	1	-46,5870109	-23,4731635	2255	0,0443	0,0288	4250	2778	1472
L08310	2	-46,5695747	-23,4643168	1609	0,1243	0,0575	2951	2225	726
L08311	2	-46,5815415	-23,4752510	2413	0,0829	0,0575	4364	2919	1445
L08312	7	-46,5846950	-23,4614040	3278	0,2135	0,2014	6142	4077	2065
L08313	6	-46,5922900	-23,4849578	1618	0,3708	0,1726	3176	1990	1186
L08318	1	-46,5839255	-23,4646554	989	0,1011	0,0288	1750	1236	514
L08320	4	-46,5866345	-23,4663679	2991	0,1337	0,1151	5086	3758	1328
L08321	2	-46,6023221	-23,4823452	4184	0,0478	0,0575	7555	5096	2459
L08322	1	-46,5370536	-23,5872418	1053	0,095	0,0288	1920	1395	525
L08325	2	-46,5316668	-23,6073717	2872	0,0696	0,0575	5114	3787	1327
L08328	3	-46,5218639	-23,6015171	3067	0,0978	0,0863	5474	3871	1603
L08330	3	-46,5220144	-23,6090632	4420	0,0679	0,0863	8006	5587	2419
L08331	2	-46,5224167	-23,5870214	2150	0,093	0,0575	3937	2882	1055
L08332	2	-46,5276317	-23,6081073	3269	0,0612	0,0575	5625	4153	1472
L08333	3	-46,5151342	-23,5886563	3403	0,0882	0,0863	6060	4434	1626
L08334	2	-46,5237361	-23,5957342	4037	0,0495	0,0575	7533	5184	2349
L08335	2	-46,5288900	-23,6093393	3208	0,0623	0,0575	5889	4085	1804
L08337	2	-46,5124860	-23,5891800	2899	0,069	0,0575	5040	3740	1300
L08339	4	-46,5170364	-23,6013813	1959	0,2042	0,1151	3455	2476	979
L08340	1	-46,5365552	-23,5957785	3050	0,0328	0,0288	5865	3909	1956
L08341	1	-46,5326997	-23,6129223	1097	0,0912	0,0288	1917	1466	451
L08342	2	-46,5266764	-23,5902384	2424	0,0825	0,0575	4325	3078	1247
L08343	1	-46,5377963	-23,5816242	3112	0,0321	0,0288	5858	3912	1946
L08345	1	-46,5147192	-23,6040731	1897	0,0527	0,0288	3330	2446	884
L08346	1	-46,5159118	-23,5981902	1878	0,0532	0,0288	3155	2401	754
L08348	3	-46,5374573	-23,5872801	1735	0,1729	0,0863	2944	2171	773
L08350	3	-46,5387495	-23,5924958	2138	0,1403	0,0863	3548	2664	884
L08352	3	-46,6695961	-23,6608635	1635	0,1835	0,0863	2532	1947	585
L08353	2	-46,6568120	-23,6724366	2485	0,0805	0,0575	4291	3131	1160
L08354	2	-46,6718510	-23,6480180	3606	0,0555	0,0575	5953	4267	1686
L08356	1	-46,6748209	-23,6629694	2548	0,0392	0,0288	4677	3256	1421
L08357	2	-46,6566918	-23,6673339	2867	0,0698	0,0575	5558	3511	2047
L08358	1	-46,6595184	-23,6732345	3334	0,03	0,0288	6265	4353	1912
L08359	2	-46,6440225	-23,6904889	4358	0,0459	0,0575	8287	5678	2609
L08361	1	-46,6490180	-23,6808501	3642	0,0275	0,0288	6749	4652	2097
L08362	3	-46,6599252	-23,6645331	3182	0,0943	0,0863	5899	3877	2022
L08363	3	-46,6578420	-23,6700605	2290	0,131	0,0863	3858	2871	987
L08365	1	-46,6383547	-23,6857440	3713	0,0269	0,0288	6684	4675	2009
L08366	1	-46,6568661	-23,6677858	2114	0,0473	0,0288	4127	2597	1530
L08367	4	-46,6760160	-23,6550423	3987	0,1003	0,1151	6800	4757	2043
L08368	3	-46,6511485	-23,6760229	3448	0,087	0,0863	6243	4435	1808
L08369	4	-46,6692349	-23,6669498	3705	0,108	0,1151	6566	4618	1948
L08371	2	-46,6452777	-23,6816754	2288	0,0874	0,0575	4435	3097	1338
L08372	1	-46,6459844	-23,6750154	2880	0,0347	0,0288	5258	3622	1636
L08373	3	-46,6423561	-23,6824358	4047	0,0741	0,0863	7666	5249	2417
L08374	4	-46,6583497	-23,6731895	2392	0,1672	0,1151	4435	3139	1296
L08377	2	-46,6776829	-23,6644228	3581	0,0559	0,0575	6118	4373	1745
L08378	1	-46,4008120	-23,4977007	1709	0,0585	0,0288	3255	2338	917
L08379	5	-46,4032172	-23,4985582	2538	0,197	0,1438	4585	3259	1326
L08380	5	-46,3955110	-23,5079850	4070	0,1229	0,1438	7143	5356	1787
L08381	4	-46,3943443	-23,5046166	3160	0,1266	0,1151	5695	4002	1693
L08382	6	-46,3763198	-23,4939856	3628	0,1654	0,1726	6476	4624	1852
L08384	3	-46,3985890	-23,5096370	3537	0,0848	0,0863	6428	4541	1887
L08385	2	-46,3767415	-23,5064594	1891	0,1058	0,0575	3406	2573	833
L08386	2	-46,3879010	-23,5188440	3845	0,052	0,0575	6696	5024	1672
L08387	2	-46,3754478	-23,4964448	3203	0,0624	0,0575	5688	4215	1473
L08388	2	-46,3717432	-23,4962403	1681	0,119	0,0575	3000	2313	687
L08389	3	-46,3884186	-23,5122760	2336	0,1284	0,0863	4350	3214	1136
L08390	4	-46,3766695	-23,5066526	4172	0,0959	0,1151	7610	5548	2062
L08391	2	-46,3965404	-23,5176660	3624	0,0552	0,0575	6265	4666	1599
L08392	4	-46,4006667	-23,5034363	3308	0,1209	0,1151	6122	4146	1976
L08393	7	-46,3905136	-23,4921738	2500	0,28	0,2014	4429	3299	1130
L08394	5	-46,3870301	-23,4964237	3348	0,1493	0,1438	5936	4200	1736
L08395	2	-46,3832792	-23,5056992	1754	0,114	0,0575	3113	2293	820
L08396	4	-46,3830556	-23,4914097	2865	0,1396	0,1151	5005	3783	1222
L08397	3	-46,3844165	-23,4797530	3246	0,0924	0,0863	5337	4090	1247
L08398	5	-46,4040381	-23,5003398	2632	0,19	0,1438	4564	3375	1189
L08399	1	-46,3842236	-23,5203421	3359	0,0298	0,0288	6149	4622	1527
L08400	6	-46,3850728	-23,5122978	3974	0,151	0,1726	7123	5016	2107
L08401	1	-46,3808672	-23,5028827	722	0,1385	0,0288	1259	974	285
L08403	4	-46,3988792	-23,5093492	2345	0,1706	0,1151	4153	3085	1068
L08404	7	-46,3922999	-23,4852473	2625	0,2667	0,2014	4589	3442	1147
L08405	3	-46,3718376	-23,5014239	2671	0,1123	0,0863	4809	3768	1041
L08408	2	-46,3900305	-23,4923096	2762	0,0724	0,0575	5089	3777	1312
L08409	3	-46,4020530	-23,4932319	3373	0,0889	0,0863	6356	4333	2023
L08410	9	-46,3944620	-23,4902290	2920	0,3082	0,2589	5431	3694	1737
L08411	3	-46,3698794	-23,5080357	3148	0,0953	0,0863	5639	4225	1414
L08414	2	-46,3950439	-23,4989421	2828	0,0707	0,0575	5125	3485	1640
L08415	1	-46,3940515	-23,4832409	2647	0,0378	0,0288	4861	3522	1339
L08416	1	-46,3888850	-23,4978960	1488	0,0672	0,0288	2526	1944	582
L08417	2	-46,3806444	-23,5150740	2751	0,0727	0,0575	4718	3665	1053
L08418	6	-46,3817906	-23,5034832	3675	0,1633	0,1726	6492	4833	1659
L08419	7	-46,3864385	-23,4906431	1177	0,5947	0,2014	2039	1548	491
L08421	1	-46,3873807	-23,5128291	521	0,1919	0,0288	935	707	228
L08422	4	-46,4003582	-23,5441270	1520	0,2632	0,1151	2178	1462	716
L08424	1	-46,4006522	-23,5380013	865	0,1156	0,0288	1585	1163	422
L08425	3	-46,4057199	-23,5624173	3131	0,0958	0,0863	5663	4158	1505
L08426	4	-46,4008912	-23,5381934	3356	0,1192	0,1151	6116	4546	1570
L08427	1	-46,4213722	-23,5297891	4764	0,021	0,0288	7765	5959	1806
L08428	3	-46,3882687	-23,5454378	2086	0,1438	0,0863	3720	2817	903
L08429	2	-46,4009383	-23,5583730	2595	0,0771	0,0575	4383	3368	1015
L08430	4	-46,4157806	-23,5492070	1808	0,2212	0,1151	3393	2325	1068
L08431	6	-46,4023983	-23,5435780	3363	0,1784	0,1726	5917	4490	1427
L08432	2	-46,4189254	-23,5384808	3214	0,0622	0,0575	5635	4179	1456
L08433	1	-46,4064807	-23,5311067	739	0,1353	0,0288	548	394	154
L08435	3	-46,4142302	-23,5447436	2123	0,1413	0,0863	4075	2620	1455
L08436	6	-46,4107031	-23,5355506	3955	0,1517	0,1726	7305	5186	2119
L08437	1	-46,3986836	-23,5531127	1923	0,052	0,0288	3328	2531	797
L08438	1	-46,4254538	-23,5250259	3705	0,027	0,0288	6437	4786	1651
L08439	6	-46,4207673	-23,5460751	2866	0,2094	0,1726	5637	3838	1799
L08440	5	-46,4091642	-23,5275663	2973	0,1682	0,1438	5298	3892	1406
L08441	3	-46,3973726	-23,5355326	2439	0,123	0,0863	4306	3101	1205
L08442	1	-46,3994934	-23,5325352	3824	0,0262	0,0288	7163	5062	2101
L08443	1	-46,4155334	-23,5455554	1247	0,0802	0,0288	2181	1603	578
L08444	1	-46,3977921	-23,5358129	2757	0,0363	0,0288	5165	3761	1404
L08445	9	-46,4037610	-23,5596980	3457	0,2603	0,2589	2665	1848	817
L08446	2	-46,4185555	-23,5307546	2258	0,0886	0,0575	4003	2970	1033
L08447	2	-46,4023822	-23,5509844	1988	0,1006	0,0575	3479	2599	880
L08448	5	-46,4087514	-23,5527119	2094	0,2388	0,1438	4017	2779	1238
L08449	2	-46,4174509	-23,5537296	2587	0,0773	0,0575	5105	3534	1571
L08450	5	-46,4075993	-23,5541832	3404	0,1469	0,1438	5663	4220	1443
L08451	2	-46,3909828	-23,5442229	2400	0,0833	0,0575	4283	3241	1042
L08452	7	-46,4116268	-23,5278328	3591	0,1949	0,2014	6073	4598	1475
L08453	1	-46,4234233	-23,5381049	2084	0,048	0,0288	3936	2769	1167
L08454	2	-46,4066295	-23,5366390	2713	0,0737	0,0575	4822	3590	1232
L08455	8	-46,4007548	-23,5495498	2353	0,34	0,2301	4306	3004	1302
L08456	2	-46,4126165	-23,5416929	2557	0,0782	0,0575	4651	3173	1478
L08457	1	-46,3967810	-23,5545250	1819	0,055	0,0288	3404	2514	890
L08458	2	-46,4104297	-23,5438072	1432	0,1397	0,0575	2582	1817	765
L08459	2	-46,4060980	-23,5364980	1267	0,1579	0,0575	1475	1092	383
L08460	2	-46,4151119	-23,5465924	925	0,2162	0,0575	1672	1159	513
L08462	2	-46,4037610	-23,5596980	1122	0,1783	0,0575	954	745	209
L08463	1	-46,4145590	-23,5542970	860	0,1163	0,0288	1549	1145	404
L08464	1	-46,3928375	-23,5277915	1978	0,0506	0,0288	3363	2579	784
L08846	2	-46,6604530	-23,7438933	5276	0,0379	0,0575	8555	6524	2031
L08847	3	-46,7045504	-23,7542184	5925	0,0506	0,0863	10150	7592	2558
L08850	1	-46,6964318	-23,7396716	3205	0,0312	0,0288	5411	4075	1336
L08851	1	-46,7029441	-23,7482829	3251	0,0308	0,0288	5688	4114	1574
L08856	3	-46,6732124	-23,7614879	1860	0,1613	0,0863	3183	2357	826
L08860	1	-46,6895040	-23,7350676	2726	0,0367	0,0288	4411	3424	987
L08861	1	-46,6467889	-23,7762507	952	0,105	0,0288	1609	1200	409
L08862	8	-46,6941916	-23,7361482	4568	0,1751	0,2301	8304	5797	2507
L08864	2	-46,6731203	-23,7622871	4632	0,0432	0,0575	7907	6053	1854
L08865	1	-46,6897118	-23,7494669	2152	0,0465	0,0288	3650	2758	892
L08869	1	-46,6976128	-23,7478250	3454	0,029	0,0288	5909	4430	1479
L08870	2	-46,6818898	-23,7403681	3700	0,0541	0,0575	6280	4769	1511
L08871	1	-46,6684971	-23,7532554	4993	0,02	0,0288	8570	6421	2149
L08872	2	-46,6890875	-23,7386502	2798	0,0715	0,0575	4627	3538	1089
L08873	3	-46,6837456	-23,7546935	3538	0,0848	0,0863	6358	4435	1923
L08874	2	-46,6701917	-23,7428868	5030	0,0398	0,0575	8684	6561	2123
L08875	1	-46,6915742	-23,7450075	3614	0,0277	0,0288	6510	4487	2023
L08877	2	-46,6835726	-23,7554717	2265	0,0883	0,0575	4116	2760	1356
L08880	1	-46,6703618	-23,7532358	3720	0,0269	0,0288	5940	4631	1309
L08881	2	-46,7044858	-23,7451062	1853	0,1079	0,0575	2879	2295	584
L08883	1	-46,6962564	-23,7488134	1292	0,0774	0,0288	2132	1641	491
L08884	3	-46,6726701	-23,7529648	1434	0,2092	0,0863	2384	1838	546
L08885	1	-46,7826347	-23,7426504	5319	0,0188	0,0288	9184	6673	2511
L08888	3	-46,7449271	-23,6845334	3976	0,0755	0,0863	6506	4872	1634
L08890	1	-46,7816360	-23,7154750	1211	0,0826	0,0288	2073	1497	576
L08891	1	-46,7705221	-23,7208213	4451	0,0225	0,0288	7568	5541	2027
L08892	1	-46,7732050	-23,6978420	1070	0,0935	0,0288	1790	1342	448
L08894	1	-46,7822515	-23,7187870	4175	0,024	0,0288	7569	5347	2222
L08895	3	-46,7563455	-23,6839424	2676	0,1121	0,0863	4670	3304	1366
L08896	2	-46,7722560	-23,6977360	3286	0,0609	0,0575	5962	4211	1751
L08897	2	-46,7579085	-23,6866996	1823	0,1097	0,0575	3092	2340	752
L08899	3	-46,7296989	-23,6686244	4808	0,0624	0,0863	7532	5810	1722
L08900	1	-46,7459944	-23,6760859	3870	0,0258	0,0288	6211	4807	1404
L08902	4	-46,7420691	-23,6929780	3706	0,1079	0,1151	6165	4741	1424
L08903	2	-46,7549903	-23,6797057	2449	0,0817	0,0575	4419	3166	1253
L08904	2	-46,7658122	-23,6917667	2592	0,0772	0,0575	4485	3296	1189
L08905	2	-46,7646740	-23,6894253	1784	0,1121	0,0575	2837	2183	654
L08906	1	-46,7756880	-23,7009931	3097	0,0323	0,0288	5172	3825	1347
L08909	1	-46,7343899	-23,6780392	4253	0,0235	0,0288	6926	5231	1695
L08911	4	-46,7895404	-23,7358720	4436	0,0902	0,1151	7779	5629	2150
L08913	1	-46,7553528	-23,6757960	3255	0,0307	0,0288	5943	4082	1861
L08914	2	-46,7644205	-23,6860017	2545	0,0786	0,0575	4224	3108	1116
L08917	1	-46,7474059	-23,6737216	2586	0,0387	0,0288	4466	3168	1298
L08918	3	-46,7646129	-23,6800985	3973	0,0755	0,0863	7083	4944	2139
L08919	1	-46,7518905	-23,6805097	3188	0,0314	0,0288	5387	4046	1341
L08920	3	-46,7717602	-23,6885585	3458	0,0868	0,0863	6360	4250	2110
L08921	1	-46,7477778	-23,6709060	3171	0,0315	0,0288	5519	3877	1642
L08926	1	-46,7768923	-23,6963317	2699	0,0371	0,0288	4639	3456	1183
L08927	1	-46,7602288	-23,6921984	3141	0,0318	0,0288	5143	3919	1224
L08929	1	-46,7383672	-23,6748485	1967	0,0508	0,0288	3174	2419	755
L08930	3	-46,7603013	-23,6823176	2127	0,141	0,0863	3532	2612	920
L08931	1	-46,7926628	-23,7318431	4353	0,023	0,0288	7513	5588	1925
L08933	1	-46,7407017	-23,6677721	3280	0,0305	0,0288	5502	4064	1438
L08937	2	-46,7398408	-23,6738654	4636	0,0431	0,0575	7955	5725	2230
L08938	1	-46,7563790	-23,6782580	1306	0,0766	0,0288	2186	1665	521
L08939	2	-46,7687891	-23,6747016	1964	0,1018	0,0575	3621	2542	1079
L08942	1	-46,7709966	-23,6560362	1558	0,0642	0,0288	2772	2007	765
L08945	2	-46,7595495	-23,6741975	3422	0,0584	0,0575	5713	4273	1440
L08948	3	-46,7709966	-23,6560362	4506	0,0666	0,0863	7853	5738	2115
L08952	3	-46,7676270	-23,6679840	4298	0,0698	0,0863	7695	5421	2274
L08954	4	-46,7664599	-23,6622186	3884	0,103	0,1151	7168	4912	2256
L08955	3	-46,7671835	-23,6773241	4100	0,0732	0,0863	7105	5165	1940
L08956	1	-46,7685672	-23,6718762	1603	0,0624	0,0288	2820	2048	772
L08957	3	-46,7797422	-23,6633017	2939	0,1021	0,0863	5299	3860	1439
L08958	1	-46,7594862	-23,6585655	2498	0,04	0,0288	4132	3123	1009
L08959	1	-46,7717000	-23,6780060	1598	0,0626	0,0288	2710	2016	694
L08961	1	-46,7833170	-23,6591080	3489	0,0287	0,0288	6112	4474	1638
L08964	2	-46,7859043	-23,6612756	2404	0,0832	0,0575	4384	2994	1390
L08965	1	-46,7675970	-23,6617050	4014	0,0249	0,0288	7021	5104	1917
L08968	1	-46,7447610	-23,5760330	1178	0,0849	0,0288	1982	1438	544
L08969	2	-46,7387859	-23,5794283	2272	0,088	0,0575	3703	2689	1014
L08970	4	-46,7496719	-23,5825103	2692	0,1486	0,1151	4652	3312	1340
L08972	1	-46,7892721	-23,6004866	3302	0,0303	0,0288	5905	4260	1645
L08973	3	-46,7736965	-23,5753008	3789	0,0792	0,0863	5984	4683	1301
L08974	3	-46,7460154	-23,5642656	2683	0,1118	0,0863	4513	3262	1251
L08975	2	-46,7386988	-23,5779575	1738	0,1151	0,0575	2783	2052	731
L08981	2	-46,7462340	-23,5733770	1936	0,1033	0,0575	3286	2410	876
L08983	5	-46,7950827	-23,6026719	3496	0,143	0,1438	6021	4411	1610
L08985	1	-46,7491328	-23,5658101	3021	0,0331	0,0288	5172	3648	1524
L08986	1	-46,7497980	-23,5823512	2155	0,0464	0,0288	3952	2665	1287
L08987	1	-46,7591098	-23,5417165	2410	0,0415	0,0288	4045	2988	1057
L08988	4	-46,7545127	-23,5689070	2999	0,1334	0,1151	5372	3588	1784
L08990	3	-46,7660251	-23,5891918	3308	0,0907	0,0863	5815	4319	1496
L08991	1	-46,7687542	-23,5959462	2154	0,0464	0,0288	3725	2823	902
L08992	1	-46,7930101	-23,5823718	1863	0,0537	0,0288	3504	2473	1031
L08994	4	-46,7816430	-23,5898970	4658	0,0859	0,1151	8134	5717	2417
L08996	1	-46,7543940	-23,5690070	2249	0,0445	0,0288	4437	2776	1661
L08997	3	-46,7980731	-23,5944710	1381	0,2172	0,0863	2493	1727	766
L08998	1	-46,7616411	-23,5738108	3264	0,0306	0,0288	5781	3909	1872
L09000	2	-46,7292351	-23,5745661	3100	0,0645	0,0575	5436	3579	1857
L09001	1	-46,7812526	-23,5984796	764	0,1309	0,0288	1352	990	362
L09002	5	-46,7911802	-23,5945477	2463	0,203	0,1438	4395	2990	1405
L09003	1	-46,7642531	-23,5642335	2581	0,0387	0,0288	4184	3120	1064
L09004	2	-46,7583340	-23,5575440	3682	0,0543	0,0575	5975	4245	1730
L09006	3	-46,7920023	-23,5981368	2693	0,1114	0,0863	4763	3274	1489
L09007	2	-46,7358487	-23,5809482	3036	0,0659	0,0575	5300	3546	1754
L09009	1	-46,7601010	-23,5793980	1753	0,057	0,0288	2840	2160	680
L09010	2	-46,7580485	-23,5857090	3186	0,0628	0,0575	6188	4045	2143
L09014	1	-46,7728301	-23,5882790	1446	0,0692	0,0288	2514	1859	655
L09016	1	-46,7642601	-23,5648704	620	0,1613	0,0288	1067	814	253
L09019	3	-46,7313271	-23,5767877	1362	0,2203	0,0863	2150	1572	578
L09029	1	-46,7397094	-23,5694257	1120	0,0893	0,0288	1808	1282	526
L09034	6	-46,7138143	-23,5687160	6650	0,0902	0,1726	11871	7672	4199
L09036	1	-46,4835312	-23,6003513	2527	0,0396	0,0288	4456	3269	1187
L09037	1	-46,4562405	-23,6205281	2079	0,0481	0,0288	3718	2655	1063
L09041	1	-46,4824676	-23,6012239	2857	0,035	0,0288	5384	3613	1771
L09043	2	-46,4541133	-23,6084711	2305	0,0868	0,0575	4116	3063	1053
L09044	3	-46,4785593	-23,5947194	2910	0,1031	0,0863	5416	3690	1726
L09047	4	-46,4438014	-23,6308046	2623	0,1525	0,1151	4519	3376	1143
L09048	1	-46,4688977	-23,6112514	1324	0,0755	0,0288	2334	1709	625
L09051	2	-46,4517184	-23,6021242	3466	0,0577	0,0575	6290	4630	1660
L09052	1	-46,4779483	-23,6242638	1949	0,0513	0,0288	3678	2733	945
L09054	1	-46,4796851	-23,6207251	2559	0,0391	0,0288	5002	3387	1615
L09055	1	-46,4697272	-23,6168476	2373	0,0421	0,0288	4452	3100	1352
L09058	1	-46,4473773	-23,6255264	3254	0,0307	0,0288	5325	3988	1337
L09059	3	-46,4626277	-23,6209456	3192	0,094	0,0863	6229	4211	2018
L09060	2	-46,4915612	-23,5952026	2836	0,0705	0,0575	5085	3699	1386
L09061	5	-46,4681630	-23,6266932	2245	0,2227	0,1438	4236	3031	1205
L09062	1	-46,4892324	-23,6122890	2777	0,036	0,0288	5135	3576	1559
L09063	3	-46,4785920	-23,6052751	3582	0,0838	0,0863	6447	4604	1843
L09064	1	-46,4444469	-23,6341908	3618	0,0276	0,0288	6385	4760	1625
L09065	2	-46,4573138	-23,6173317	3507	0,057	0,0575	6005	4481	1524
L09067	1	-46,4707484	-23,6169001	1697	0,0589	0,0288	3007	2250	757
L09069	4	-46,4670370	-23,6008861	3027	0,1321	0,1151	5073	3872	1201
L09070	2	-46,4466713	-23,6086516	4014	0,0498	0,0575	7074	5208	1866
L09072	1	-46,4711933	-23,6237846	2817	0,0355	0,0288	4983	3737	1246
L09073	1	-46,4623540	-23,6265038	2947	0,0339	0,0288	5192	3866	1326
L09074	1	-46,4538383	-23,5987817	2975	0,0336	0,0288	5013	3755	1258
L09075	1	-46,4854339	-23,6126187	1607	0,0622	0,0288	2865	2088	777
L09076	3	-46,4921282	-23,5878134	2168	0,1384	0,0863	4122	2686	1436
L09077	2	-46,4645811	-23,6112224	3566	0,0561	0,0575	6521	4469	2052
L09078	3	-46,4574058	-23,6320001	2934	0,1022	0,0863	5182	3779	1403
L09080	2	-46,4532396	-23,6020534	2820	0,0709	0,0575	4742	3542	1200
L09081	2	-46,4449590	-23,6045710	2945	0,0679	0,0575	4772	3692	1080
L09082	1	-46,4571907	-23,6309235	1515	0,066	0,0288	2682	1961	721
L09083	1	-46,4464970	-23,6396360	2818	0,0355	0,0288	4787	3634	1153
L09084	3	-46,4866751	-23,5892640	2723	0,1102	0,0863	4672	3532	1140
L09085	2	-46,4719716	-23,6057020	3309	0,0604	0,0575	6370	4187	2183
L09091	2	-46,4719748	-23,6101579	2941	0,068	0,0575	5080	3787	1293
L09092	1	-46,4703344	-23,6125189	2663	0,0376	0,0288	4922	3399	1523
L09093	1	-46,6891450	-23,4480420	1559	0,0641	0,0288	2715	1914	801
L09094	2	-46,7117310	-23,4620560	3852	0,0519	0,0575	7063	5062	2001
L09096	5	-46,6919830	-23,4800350	2740	0,1825	0,1438	4783	3354	1429
L09097	11	-46,6833436	-23,4716951	3420	0,3216	0,3165	6292	4301	1991
L09098	6	-46,7030593	-23,4716926	3193	0,1879	0,1726	5790	3980	1810
L09100	1	-46,6986546	-23,4803642	3036	0,0329	0,0288	5415	3789	1626
L09101	3	-46,6966832	-23,4469548	4193	0,0715	0,0863	7420	5285	2135
L09102	4	-46,6877814	-23,4600022	3235	0,1236	0,1151	5834	4249	1585
L09103	4	-46,6729691	-23,4629576	3071	0,1303	0,1151	5490	4096	1394
L09104	3	-46,6738756	-23,4613197	2864	0,1047	0,0863	4912	3725	1187
L09105	8	-46,6983080	-23,4693623	4632	0,1727	0,2301	8469	5835	2634
L09108	4	-46,6874952	-23,4598553	1493	0,2679	0,1151	2681	1920	761
L09109	4	-46,7072163	-23,4599973	3074	0,1301	0,1151	5299	3983	1316
L09110	4	-46,6932484	-23,4764397	3726	0,1074	0,1151	6985	4801	2184
L09111	1	-46,6780978	-23,4504874	2994	0,0334	0,0288	5456	3938	1518
L09112	9	-46,6975146	-23,4687553	3273	0,275	0,2589	6109	4041	2068
L09113	6	-46,6882642	-23,4736711	3556	0,1687	0,1726	6282	4605	1677
L09114	5	-46,6740490	-23,4675988	995	0,5025	0,1438	1554	1250	304
L09115	1	-46,7003948	-23,4748538	1533	0,0652	0,0288	2655	1984	671
L09116	7	-46,6837802	-23,4832228	2960	0,2365	0,2014	5049	3734	1315
L09117	1	-46,7020440	-23,4580940	3715	0,0269	0,0288	6828	4901	1927
L09118	6	-46,6795279	-23,4641832	7883	0,0761	0,1726	15183	10348	4835
L09119	2	-46,6862656	-23,4703417	2113	0,0947	0,0575	4014	2752	1262
L09120	1	-46,7026753	-23,4471028	1959	0,051	0,0288	3520	2602	918
L09121	7	-46,6774616	-23,4736278	2374	0,2949	0,2014	4175	3125	1050
L09123	4	-46,6775348	-23,4595275	3138	0,1275	0,1151	5462	4143	1319
L09124	2	-46,6736651	-23,4709745	2675	0,0748	0,0575	4617	3454	1163
L09125	4	-46,6906963	-23,4692644	2790	0,1434	0,1151	5131	3574	1557
L09126	2	-46,6908864	-23,4686604	3640	0,0549	0,0575	6924	4603	2321
L09127	1	-46,6881097	-23,4507951	3748	0,0267	0,0288	6670	4918	1752
L09128	3	-46,6783972	-23,4823657	2002	0,1499	0,0863	3343	2538	805
L09132	1	-46,6750425	-23,4517869	1995	0,0501	0,0288	3463	2543	920
L09133	1	-46,7011104	-23,4695152	700	0,1429	0,0288	1136	907	229
L09134	2	-46,6848409	-23,4554709	3273	0,0611	0,0575	5723	4296	1427
L09135	5	-46,6875898	-23,4827743	3242	0,1542	0,1438	6012	4001	2011
L09137	2	-46,6974031	-23,4623180	3119	0,0641	0,0575	5897	3958	1939
L09138	3	-46,6809709	-23,4669256	2642	0,1136	0,0863	4579	3416	1163
L09140	1	-46,6847958	-23,4501963	1360	0,0735	0,0288	2370	1722	648
L09142	6	-46,6871539	-23,4821017	1630	0,3681	0,1726	2758	2043	715
L09143	1	-46,7028915	-23,4758818	987	0,1013	0,0288	1579	1208	371
L09144	1	-46,7035177	-23,4614133	1057	0,0946	0,0288	1938	1370	568
L09145	1	-46,6931880	-23,4731917	766	0,1305	0,0288	1379	986	393
L09324	5	-46,6807410	-23,7669661	7735	0,0646	0,1438	13259	9980	3279
L09325	9	-46,7263218	-23,8274592	6787	0,1326	0,2589	12142	8727	3415
L09327	1	-46,7068713	-23,8607984	3425	0,0292	0,0288	5439	4161	1278
L09328	5	-46,7141076	-23,7756410	2776	0,1801	0,1438	4851	3566	1285
L09329	2	-46,7322899	-23,8269933	2869	0,0697	0,0575	5349	3686	1663
L09330	1	-46,7376117	-23,8118259	2470	0,0405	0,0288	4187	3091	1096
L09331	1	-46,7035072	-23,7651387	3604	0,0277	0,0288	6158	4583	1575
L09332	3	-46,6902192	-23,7830774	3543	0,0847	0,0863	5840	4560	1280
L09334	1	-46,7177616	-23,7331948	2616	0,0382	0,0288	4208	3249	959
L09336	2	-46,7167371	-23,7695068	4256	0,047	0,0575	7217	5340	1877
L09337	3	-46,7106055	-23,7451522	2081	0,1442	0,0863	3438	2605	833
L09339	2	-46,7290105	-23,8229399	2160	0,0926	0,0575	3913	2829	1084
L09340	2	-46,7557667	-23,8674974	1613	0,124	0,0575	2893	2210	683
L09341	4	-46,6962116	-23,7633829	3630	0,1102	0,1151	5815	4452	1363
L09342	1	-46,6978953	-23,8459940	2662	0,0376	0,0288	4306	3337	969
L09343	3	-46,6900236	-23,7830902	3546	0,0846	0,0863	5915	4466	1449
L09345	4	-46,7226984	-23,7765320	3746	0,1068	0,1151	6480	4713	1767
L09346	2	-46,6969438	-23,7768204	4723	0,0423	0,0575	7671	5863	1808
L09347	2	-46,7059302	-23,7403363	3101	0,0645	0,0575	5690	3864	1826
L09353	2	-46,7400817	-23,8783745	1743	0,1147	0,0575	3113	2365	748
L09355	9	-46,6510073	-23,8781992	2107	0,4271	0,2589	3463	2589	874
L09356	3	-46,7319307	-23,7919749	4689	0,064	0,0863	8175	6073	2102
L09358	2	-46,7172350	-23,7608768	1918	0,1043	0,0575	3049	2354	695
L09362	5	-46,7145555	-23,7851162	4313	0,1159	0,1438	7001	5315	1686
L09364	1	-46,6765729	-23,7683487	807	0,1239	0,0288	1351	1006	345
L09365	2	-46,7247768	-23,8302856	2009	0,0996	0,0575	3395	2519	876
L09366	1	-46,7131152	-23,7598945	1723	0,058	0,0288	2791	2164	627
L09369	1	-46,7035380	-23,7651320	3146	0,0318	0,0288	4942	3849	1093
L09370	2	-46,7127840	-23,7642340	2495	0,0802	0,0575	4004	3110	894
L09371	1	-46,7078313	-23,7380888	1925	0,0519	0,0288	3423	2328	1095
L09373	1	-46,7126190	-23,8613850	4278	0,0234	0,0288	6351	5045	1306
L09375	1	-46,7273286	-23,8287482	1211	0,0826	0,0288	1981	1489	492
L09644	2	-46,7595246	-23,4046073	6764	0,0296	0,0575	12622	8645	3977
L09645	6	-46,7119327	-23,4419746	3269	0,1835	0,1726	5682	4161	1521
L09646	3	-46,7549560	-23,4068430	2871	0,1045	0,0863	5297	3589	1708
L09647	2	-46,7170362	-23,4446937	2209	0,0905	0,0575	3864	2823	1041
L09648	12	-46,7176648	-23,4359306	3664	0,3275	0,3452	6857	4617	2240
L09649	1	-46,7155247	-23,4498055	1779	0,0562	0,0288	3423	2452	971
L09650	13	-46,7167070	-23,4450305	2708	0,4801	0,374	4712	3446	1266
L09651	1	-46,7918881	-23,4360240	1363	0,0734	0,0288	2182	1702	480
L09652	1	-46,7842853	-23,4458447	575	0,1739	0,0288	990	744	246
L09653	5	-46,7571522	-23,4107543	2816	0,1776	0,1438	5154	3588	1566
L09656	1	-46,7076665	-23,4422276	2819	0,0355	0,0288	4709	3625	1084
L09657	1	-46,7266588	-23,4265393	2406	0,0416	0,0288	4002	3119	883
L09659	1	-46,7160862	-23,4514401	2588	0,0386	0,0288	4894	3251	1643
L09660	3	-46,7415768	-23,4083171	2643	0,1135	0,0863	4472	3454	1018
L09661	4	-46,7122032	-23,4487517	1353	0,2956	0,1151	2268	1720	548
L09663	1	-46,7399698	-23,4091960	1434	0,0697	0,0288	2605	1936	669
L09666	2	-46,7516173	-23,3995291	2810	0,0712	0,0575	4777	3531	1246
L09669	2	-46,7604130	-23,4096050	2754	0,0726	0,0575	5019	3660	1359
L09670	5	-46,7192047	-23,4348671	2032	0,2461	0,1438	3853	2568	1285
L09671	1	-46,7508213	-23,4136565	4987	0,0201	0,0288	8189	6303	1886
L09673	6	-46,7384315	-23,4028665	2893	0,2074	0,1726	5072	3732	1340
L09675	1	-46,7080670	-23,4494150	1143	0,0875	0,0288	1981	1479	502
L09676	2	-46,7277583	-23,4386909	1807	0,1107	0,0575	3125	2351	774
L09678	5	-46,7174060	-23,4409910	1966	0,2543	0,1438	3436	2563	873
L09679	2	-46,7290271	-23,4281151	2096	0,0954	0,0575	3630	2766	864
L09680	14	-46,7192925	-23,4350205	2678	0,5228	0,4028	4924	3572	1352
L09682	2	-46,7892030	-23,4388604	2519	0,0794	0,0575	4252	3196	1056
L09684	2	-46,7449950	-23,4008390	1788	0,1119	0,0575	3003	2296	707
L09685	5	-46,7141265	-23,4344010	2433	0,2055	0,1438	4113	3094	1019
L09686	1	-46,7483690	-23,4177540	1820	0,0549	0,0288	3403	2398	1005
L09687	2	-46,7169255	-23,4553166	2697	0,0742	0,0575	4650	3488	1162
L09688	4	-46,7166746	-23,4347728	1683	0,2377	0,1151	2857	2153	704
L09692	2	-46,7535522	-23,4080667	1410	0,1418	0,0575	2383	1784	599
L09693	1	-46,7491167	-23,4005740	1242	0,0805	0,0288	2095	1595	500
L09694	2	-46,7254060	-23,4420603	684	0,2924	0,0575	1123	892	231
L09696	1	-46,5350066	-23,5126551	1200	0,0833	0,0288	2109	1530	579
L09697	4	-46,4962588	-23,4990145	1337	0,2992	0,1151	2287	1695	592
L09698	6	-46,5211510	-23,5024680	3117	0,1925	0,1726	5306	4002	1304
L09699	2	-46,5276842	-23,4983766	2694	0,0742	0,0575	4647	3454	1193
L09700	4	-46,4949911	-23,5049464	2959	0,1352	0,1151	5656	3767	1889
L09701	3	-46,5067684	-23,5021411	4523	0,0663	0,0863	8238	6120	2118
L09702	2	-46,5462397	-23,5116021	3181	0,0629	0,0575	5845	4123	1722
L09703	1	-46,5143098	-23,5025941	3250	0,0308	0,0288	6003	4205	1798
L09704	3	-46,5346956	-23,5090208	3162	0,0949	0,0863	6202	4010	2192
L09705	4	-46,4976882	-23,4974521	2912	0,1374	0,1151	5100	3739	1361
L09706	3	-46,5042643	-23,5072875	2017	0,1487	0,0863	3439	2554	885
L09708	5	-46,5011972	-23,4910374	3598	0,139	0,1438	5673	4513	1160
L09709	1	-46,5011218	-23,4970068	2480	0,0403	0,0288	4098	3151	947
L09710	4	-46,5314823	-23,5021289	2230	0,1794	0,1151	4095	2837	1258
L09711	2	-46,5256831	-23,5120904	4021	0,0497	0,0575	7414	5163	2251
L09713	3	-46,5202416	-23,5000815	2013	0,149	0,0863	3488	2617	871
L09714	1	-46,5267033	-23,5028825	2319	0,0431	0,0288	4701	2945	1756
L09715	1	-46,5417660	-23,5078996	2268	0,0441	0,0288	4139	2897	1242
L09716	6	-46,5307769	-23,5112782	2975	0,2017	0,1726	5262	3745	1517
L09717	3	-46,4987106	-23,5049643	2292	0,1309	0,0863	3848	2901	947
L09719	1	-46,5199592	-23,4989882	906	0,1104	0,0288	1573	1175	398
L09722	1	-46,5308186	-23,5118465	1247	0,0802	0,0288	2089	1595	494
L09752	1	-46,4842871	-23,5209250	1143	0,0875	0,0288	2000	1551	449
L09754	3	-46,4761598	-23,5359998	2662	0,1127	0,0863	4728	3332	1396
L09755	2	-46,4808207	-23,5172670	2520	0,0794	0,0575	4399	3291	1108
L09756	7	-46,5035712	-23,5158497	3180	0,2201	0,2014	5593	4105	1488
L09758	2	-46,4840632	-23,5126634	2966	0,0674	0,0575	5485	3744	1741
L09759	2	-46,4893072	-23,5119538	2407	0,0831	0,0575	4544	3045	1499
L09761	2	-46,4834160	-23,5237351	1233	0,1622	0,0575	2151	1608	543
L09762	2	-46,4813689	-23,5374258	3181	0,0629	0,0575	5713	4094	1619
L09763	1	-46,4896747	-23,5160828	2228	0,0449	0,0288	3691	2807	884
L09764	1	-46,4678340	-23,5355610	3575	0,028	0,0288	6685	4497	2188
L09765	2	-46,4693922	-23,5224683	3655	0,0547	0,0575	6254	4742	1512
L09766	1	-46,4880409	-23,5223342	3475	0,0288	0,0288	6125	4652	1473
L09767	3	-46,5095837	-23,5191133	2136	0,1404	0,0863	3746	2741	1005
L09768	2	-46,4792021	-23,5282349	2012	0,0994	0,0575	3434	2685	749
L09769	1	-46,4765549	-23,5327711	2321	0,0431	0,0288	4173	2902	1271
L09770	1	-46,5081371	-23,5141476	2763	0,0362	0,0288	5024	3413	1611
L09771	2	-46,4943893	-23,5089738	3192	0,0627	0,0575	5877	3982	1895
L09772	1	-46,4729202	-23,5342395	2773	0,0361	0,0288	4787	3486	1301
L09774	1	-46,4773989	-23,5179212	1534	0,0652	0,0288	2929	1929	1000
L09776	2	-46,4755638	-23,5306278	1099	0,182	0,0575	1825	1398	427
L09780	3	-46,4939673	-23,5195032	2596	0,1156	0,0863	4433	3417	1016
L09782	2	-46,5030330	-23,5134156	1288	0,1553	0,0575	2007	1602	405
L09923	2	-46,4212855	-23,4882306	1531	0,1306	0,0575	2520	1972	548
L09924	2	-46,4044363	-23,5213143	2034	0,0983	0,0575	3716	2844	872
L09925	5	-46,4289892	-23,4865951	4098	0,122	0,1438	7255	5323	1932
L09926	5	-46,4100903	-23,4872826	3946	0,1267	0,1438	6777	5183	1594
L09927	2	-46,4105791	-23,5212702	3639	0,055	0,0575	6418	4656	1762
L09928	1	-46,4200714	-23,4802190	3350	0,0299	0,0288	5654	4131	1523
L09929	6	-46,4136703	-23,4837091	3959	0,1516	0,1726	6588	5137	1451
L09930	2	-46,4160982	-23,5152778	3213	0,0622	0,0575	5343	4160	1183
L09931	5	-46,4248518	-23,4746436	3594	0,1391	0,1438	5847	4535	1312
L09932	1	-46,4170900	-23,5033830	2547	0,0393	0,0288	4564	3380	1184
L09933	9	-46,4324856	-23,4898223	2690	0,3346	0,2589	4807	3562	1245
L09934	4	-46,4079760	-23,4926871	4280	0,0935	0,1151	7364	5388	1976
L09935	6	-46,4135985	-23,4998743	4252	0,1411	0,1726	7458	5385	2073
L09936	2	-46,4103530	-23,5225647	2103	0,0951	0,0575	3821	2877	944
L09937	1	-46,4180284	-23,4905184	3021	0,0331	0,0288	5041	3920	1121
L09939	4	-46,4058353	-23,5217846	3328	0,1202	0,1151	5634	4378	1256
L09941	3	-46,4089885	-23,5011168	2267	0,1323	0,0863	3907	3021	886
L09942	4	-46,4066823	-23,5098630	3334	0,12	0,1151	5872	4480	1392
L09943	6	-46,4100104	-23,4972377	3575	0,1678	0,1726	6284	4540	1744
L09944	1	-46,4089885	-23,5099210	2792	0,0358	0,0288	4837	3753	1084
L09945	5	-46,4180582	-23,4867289	3677	0,136	0,1438	6336	4651	1685
L09947	2	-46,4192075	-23,4763812	780	0,2564	0,0575	1317	1002	315
L09949	5	-46,4214494	-23,4876594	3612	0,1384	0,1438	6099	4488	1611
L09951	1	-46,4265698	-23,4780423	1572	0,0636	0,0288	2602	2034	568
L09952	2	-46,4147903	-23,4834509	2133	0,0938	0,0575	3499	2769	730
L09953	1	-46,4731140	-23,5114910	2130	0,0469	0,0288	3810	2793	1017
L09954	2	-46,4581061	-23,4953823	1804	0,1109	0,0575	3147	2304	843
L09955	1	-46,4581061	-23,4953823	1783	0,0561	0,0288	3145	2251	894
L09956	5	-46,4586839	-23,5113158	2441	0,2048	0,1438	4199	3148	1051
L09957	1	-46,4581172	-23,4840344	741	0,135	0,0288	1493	995	498
L09959	1	-46,4626811	-23,5121755	2874	0,0348	0,0288	5221	3497	1724
L09960	2	-46,4662456	-23,5033514	2103	0,0951	0,0575	3666	2754	912
L09962	1	-46,4551140	-23,5001057	2153	0,0464	0,0288	3785	2650	1135
L09963	2	-46,4697092	-23,5174500	2760	0,0725	0,0575	4709	3527	1182
L09964	1	-46,4478293	-23,5112363	2288	0,0437	0,0288	3975	3015	960
L09965	2	-46,4559263	-23,4911459	2451	0,0816	0,0575	4152	3143	1009
L09966	1	-46,4707463	-23,5183632	1412	0,0708	0,0288	2465	1865	600
L09967	1	-46,4485753	-23,5009963	2271	0,044	0,0288	3893	2812	1081
L09969	4	-46,4652162	-23,5011465	2204	0,1815	0,1151	3832	2745	1087
L09970	4	-46,4560056	-23,5122728	3898	0,1026	0,1151	6534	5016	1518
L09971	4	-46,4610139	-23,4967947	2718	0,1472	0,1151	4758	3458	1300
L09972	4	-46,4663780	-23,5115601	2666	0,15	0,1151	4869	3367	1502
L09973	6	-46,4696520	-23,5041190	2277	0,2635	0,1726	3842	2928	914
L09974	2	-46,4458454	-23,5101744	1031	0,194	0,0575	1684	1326	358
L09979	12	-46,4533158	-23,4993370	3973	0,302	0,3452	6808	4929	1879
L10132	1	-46,7445881	-23,4500351	3272	0,0306	0,0288	5780	4132	1648
L10133	3	-46,7369336	-23,4466755	2437	0,1231	0,0863	3928	3008	920
L10134	2	-46,7361616	-23,4500614	2869	0,0697	0,0575	5129	3556	1573
L10135	5	-46,7502212	-23,4398778	2289	0,2184	0,1438	3989	2990	999
L10136	3	-46,7342707	-23,4485696	2255	0,133	0,0863	3877	2856	1021
L10137	2	-46,7356785	-23,4445684	1110	0,1802	0,0575	1850	1400	450
L10138	4	-46,7498728	-23,4458752	1878	0,213	0,1151	3193	2426	767
L10139	2	-46,7581248	-23,4814649	2609	0,0767	0,0575	4345	3256	1089
L10140	2	-46,7462176	-23,4551621	1903	0,1051	0,0575	3307	2338	969
L10142	2	-46,7493180	-23,4872341	3224	0,062	0,0575	6110	4046	2064
L10143	6	-46,7327693	-23,4440969	2479	0,242	0,1726	4439	3210	1229
L10144	2	-46,7399232	-23,4365548	2333	0,0857	0,0575	3666	2924	742
L10145	1	-46,7525083	-23,4519450	1441	0,0694	0,0288	2514	1880	634
L10146	5	-46,7518624	-23,4341802	2704	0,1849	0,1438	4539	3584	955
L10147	1	-46,7433597	-23,4559128	2088	0,0479	0,0288	3915	2589	1326
L10148	2	-46,7311790	-23,4454790	2341	0,0854	0,0575	3944	2990	954
L10149	4	-46,7466848	-23,4441827	3405	0,1175	0,1151	5816	4442	1374
L10150	2	-46,7376300	-23,4559550	1157	0,1729	0,0575	1989	1497	492
L10151	2	-46,7566652	-23,4897825	2092	0,0956	0,0575	3515	2634	881
L10152	1	-46,7319051	-23,4391779	3819	0,0262	0,0288	6289	4770	1519
L10153	4	-46,7291158	-23,4519438	2823	0,1417	0,1151	4774	3497	1277
L10155	2	-46,7295407	-23,4509098	1159	0,1726	0,0575	2001	1487	514
L10158	5	-46,3926354	-23,5832254	1568	0,3189	0,1438	2736	1965	771
L10159	1	-46,3986638	-23,5652267	1792	0,0558	0,0288	2935	2258	677
L10161	2	-46,4041961	-23,5809663	1876	0,1066	0,0575	3205	2396	809
L10162	4	-46,4037340	-23,5668844	2580	0,155	0,1151	4380	3282	1098
L10163	1	-46,3993980	-23,5747215	2015	0,0496	0,0288	3611	2678	933
L10164	3	-46,4000259	-23,5999090	3063	0,0979	0,0863	5283	3824	1459
L10166	1	-46,4073307	-23,5666032	3346	0,0299	0,0288	5875	4258	1617
L10168	3	-46,3812048	-23,5863795	1619	0,1853	0,0863	2724	2074	650
L10169	2	-46,4441227	-23,5965195	3830	0,0522	0,0575	6692	4988	1704
L10173	1	-46,4070213	-23,5656205	2817	0,0355	0,0288	4782	3657	1125
L10174	2	-46,4394834	-23,5946999	2672	0,0749	0,0575	4565	3397	1168
L10175	1	-46,4239217	-23,6195549	2758	0,0363	0,0288	4547	3517	1030
L10176	3	-46,4272779	-23,6121140	2705	0,1109	0,0863	4404	3473	931
L10177	2	-46,4190164	-23,6146521	2988	0,0669	0,0575	5509	4074	1435
L10178	5	-46,4094033	-23,5851215	3329	0,1502	0,1438	5585	4174	1411
L10179	2	-46,3916580	-23,5781044	2563	0,078	0,0575	4718	3343	1375
L10180	1	-46,4062685	-23,5831792	1633	0,0612	0,0288	2765	2101	664
L10182	1	-46,4165108	-23,5924694	2887	0,0346	0,0288	4796	3618	1178
L10184	2	-46,3942223	-23,5789990	3555	0,0563	0,0575	6001	4511	1490
L10185	2	-46,4231640	-23,5985590	1231	0,1625	0,0575	2022	1583	439
L10187	1	-46,3967077	-23,5644405	2905	0,0344	0,0288	5094	3653	1441
L10188	2	-46,4191310	-23,5953088	1697	0,1179	0,0575	2949	2195	754
L10190	2	-46,4063933	-23,5926393	3470	0,0576	0,0575	6064	4335	1729
L10191	3	-46,4081455	-23,5938557	2942	0,102	0,0863	4794	3605	1189
L10193	2	-46,4414315	-23,5961736	2959	0,0676	0,0575	5227	3738	1489
L10194	2	-46,3915721	-23,5870657	3661	0,0546	0,0575	5997	4550	1447
L10197	2	-46,3997870	-23,5705358	1901	0,1052	0,0575	3155	2448	707
L10198	3	-46,4014360	-23,5912442	4177	0,0718	0,0863	6889	5203	1686
L10199	1	-46,3975433	-23,6095547	3461	0,0289	0,0288	5769	4227	1542
L10200	1	-46,4077080	-23,5934470	2037	0,0491	0,0288	3462	2558	904
L10201	2	-46,4342227	-23,5757888	1260	0,1587	0,0575	2285	1597	688
L10204	2	-46,4437362	-23,5536130	3367	0,0594	0,0575	5872	4414	1458
L10205	1	-46,4339366	-23,5523973	953	0,1049	0,0288	1561	1199	362
L10206	3	-46,4374003	-23,5499344	2591	0,1158	0,0863	4412	3400	1012
L10207	3	-46,4402616	-23,5431917	2833	0,1059	0,0863	4781	3684	1097
L10208	11	-46,4337487	-23,5491681	3521	0,3124	0,3165	6483	4451	2032
L10209	1	-46,4412380	-23,5517239	2465	0,0406	0,0288	4185	3101	1084
L10210	3	-46,4355290	-23,5413160	4313	0,0696	0,0863	7351	5434	1917
L10211	6	-46,4410384	-23,5384069	4053	0,148	0,1726	7309	5151	2158
L10212	2	-46,4277510	-23,5498460	3585	0,0558	0,0575	6336	4627	1709
L10213	4	-46,4350193	-23,5546910	4684	0,0854	0,1151	8573	6058	2515
L10214	1	-46,4333967	-23,5385367	1399	0,0715	0,0288	2572	1879	693
L10215	2	-46,4375782	-23,5533997	2536	0,0789	0,0575	4483	3244	1239
L10216	5	-46,4285496	-23,5394983	3748	0,1334	0,1438	6636	4916	1720
L10218	2	-46,4175328	-23,5652073	2492	0,0803	0,0575	4332	3281	1051
L10219	1	-46,4216949	-23,5880443	2893	0,0346	0,0288	4936	3772	1164
L10220	1	-46,4161442	-23,5651315	3039	0,0329	0,0288	5389	3972	1417
L10221	1	-46,4326224	-23,5463241	531	0,1883	0,0288	906	716	190
L10222	6	-46,4387810	-23,5470846	1896	0,3165	0,1726	3138	2443	695
L10311	2	-46,7438418	-23,6469973	3989	0,0501	0,0575	6890	4938	1952
L10314	1	-46,7374229	-23,6602461	3948	0,0253	0,0288	6700	4839	1861
L10315	2	-46,7329180	-23,6456264	3655	0,0547	0,0575	6542	4487	2055
L10316	1	-46,7406208	-23,6440978	2363	0,0423	0,0288	4428	2886	1542
L10319	1	-46,7322309	-23,6212240	7028	0,0142	0,0288	12398	8767	3631
L10320	2	-46,7456339	-23,6149639	1637	0,1222	0,0575	2637	1931	706
L10321	2	-46,7373128	-23,6532119	4481	0,0446	0,0575	7802	5537	2265
L10323	1	-46,7448452	-23,6511623	3217	0,0311	0,0288	5549	3996	1553
L10324	1	-46,7404239	-23,6491380	3708	0,027	0,0288	6560	4602	1958
L10325	1	-46,7462436	-23,6209695	4031	0,0248	0,0288	7403	4961	2442
L10331	1	-46,7579377	-23,6506764	1781	0,0561	0,0288	3012	2171	841
L10333	1	-46,7411845	-23,6324928	2557	0,0391	0,0288	4483	2941	1542
L10334	2	-46,7309023	-23,6590081	3965	0,0504	0,0575	6583	4851	1732
L10335	4	-46,7470038	-23,6574330	4546	0,088	0,1151	7984	5664	2320
L10337	1	-46,7498793	-23,6122189	1138	0,0879	0,0288	1735	1321	414
L10338	1	-46,7534411	-23,6571085	1904	0,0525	0,0288	3281	2446	835
L10341	1	-46,7410953	-23,6309880	1989	0,0503	0,0288	3371	2272	1099
L10491	1	-46,6063628	-23,6334842	2562	0,039	0,0288	4662	3165	1497
L10492	1	-46,6086090	-23,6438400	4118	0,0243	0,0288	7089	5189	1900
L10493	1	-46,6004969	-23,6242367	3658	0,0273	0,0288	6286	4333	1953
L10494	3	-46,6056518	-23,6282751	4556	0,0658	0,0863	7496	5612	1884
L10497	1	-46,6090050	-23,6525822	4417	0,0226	0,0288	7225	5438	1787
L10499	1	-46,5946428	-23,6480920	1049	0,0953	0,0288	1738	1365	373
L10500	3	-46,6198639	-23,6259356	4553	0,0659	0,0863	8580	5593	2987
L10501	1	-46,6131234	-23,6336255	3411	0,0293	0,0288	6193	4182	2011
L10502	1	-46,6166660	-23,6283520	2618	0,0382	0,0288	4677	3342	1335
L10505	2	-46,6259535	-23,6310077	2563	0,078	0,0575	4493	3160	1333
L10506	1	-46,5972438	-23,6398797	2835	0,0353	0,0288	4669	3551	1118
L10507	1	-46,6088981	-23,6130570	3204	0,0312	0,0288	5234	3891	1343
L10508	2	-46,6226811	-23,6322515	4079	0,049	0,0575	7342	5130	2212
L10509	1	-46,6042492	-23,6485675	2893	0,0346	0,0288	4670	3547	1123
L10511	6	-46,5988854	-23,6473033	3074	0,1952	0,1726	4952	3868	1084
L10512	2	-46,6126960	-23,6136070	2782	0,0719	0,0575	4566	3356	1210
L10513	1	-46,6148883	-23,6223499	2743	0,0365	0,0288	4986	3378	1608
L10515	4	-46,5935567	-23,6451630	3108	0,1287	0,1151	5258	3966	1292
L10516	5	-46,6134748	-23,6571470	3833	0,1304	0,1438	5910	4608	1302
L10517	1	-46,6050459	-23,6252795	2397	0,0417	0,0288	4071	2968	1103
L10609	2	-46,4834938	-23,5654763	1529	0,1308	0,0575	2675	2050	625
L10610	4	-46,4812016	-23,5483731	3878	0,1031	0,1151	6716	5098	1618
L10611	4	-46,4696904	-23,5681129	5770	0,0693	0,1151	11060	7441	3619
L10612	2	-46,4871909	-23,5625475	3428	0,0583	0,0575	5997	4558	1439
L10613	5	-46,4813947	-23,5513733	2971	0,1683	0,1438	4901	3803	1098
L10614	2	-46,4765220	-23,5538502	1616	0,1238	0,0575	2992	2135	857
L10615	1	-46,4563702	-23,5747489	3354	0,0298	0,0288	5745	4207	1538
L10616	2	-46,4850436	-23,5755403	2607	0,0767	0,0575	4518	3409	1109
L10618	10	-46,4876555	-23,5528722	3863	0,2589	0,2877	7214	4790	2424
L10619	1	-46,4735226	-23,5580480	2559	0,0391	0,0288	4469	3296	1173
L10620	3	-46,4864496	-23,5496384	3089	0,0971	0,0863	5680	3970	1710
L10621	1	-46,4798018	-23,5438419	3988	0,0251	0,0288	7410	5062	2348
L10622	1	-46,4616617	-23,5574890	4046	0,0247	0,0288	7280	5166	2114
L10623	1	-46,4610673	-23,5638539	2685	0,0372	0,0288	4646	3537	1109
L10624	1	-46,4474483	-23,5693701	1987	0,0503	0,0288	3374	2526	848
L10625	4	-46,4714895	-23,5528836	3285	0,1218	0,1151	5837	4288	1549
L10626	1	-46,4918596	-23,5564505	1317	0,0759	0,0288	2318	1776	542
L10627	5	-46,4652985	-23,5546299	3666	0,1364	0,1438	6843	4619	2224
L10628	5	-46,4787958	-23,5757265	2501	0,1999	0,1438	4279	3187	1092
L10629	2	-46,4814410	-23,5690400	3111	0,0643	0,0575	5332	4086	1246
L10632	1	-46,4857928	-23,5493032	1457	0,0686	0,0288	2432	1835	597
L10633	1	-46,4580781	-23,5527746	2129	0,047	0,0288	3815	2839	976
L10636	2	-46,6847532	-23,6873203	930	0,2151	0,0575	1484	1150	334
L10640	1	-46,6617264	-23,6818653	1107	0,0903	0,0288	2052	1463	589
L10641	1	-46,6436362	-23,7008286	3775	0,0265	0,0288	6742	4811	1931
L10642	2	-46,6355906	-23,7135071	1785	0,112	0,0575	3599	2383	1216
L10643	1	-46,6714350	-23,6978615	2344	0,0427	0,0288	4232	2899	1333
L10644	1	-46,6556236	-23,6824021	2836	0,0353	0,0288	4936	3557	1379
L10645	4	-46,6362933	-23,7001858	2822	0,1417	0,1151	5118	3730	1388
L10646	2	-46,6646874	-23,6848562	3387	0,059	0,0575	6111	4324	1787
L10647	3	-46,6809971	-23,6837327	3113	0,0964	0,0863	5197	3757	1440
L10649	1	-46,6574272	-23,6831739	3484	0,0287	0,0288	6377	4622	1755
L10650	2	-46,6524439	-23,6886719	3624	0,0552	0,0575	6394	4556	1838
L10652	2	-46,6774173	-23,6820430	4275	0,0468	0,0575	7370	5418	1952
L10653	3	-46,6580576	-23,7104493	3879	0,0773	0,0863	6559	4846	1713
L10654	1	-46,6484762	-23,6909018	2269	0,0441	0,0288	3946	2781	1165
L10655	2	-46,6834503	-23,6829378	2922	0,0684	0,0575	5153	3581	1572
L10657	1	-46,6712450	-23,6947528	3201	0,0312	0,0288	5811	4046	1765
L10659	2	-46,6595246	-23,6891350	2763	0,0724	0,0575	4753	3468	1285
L10660	8	-46,6730061	-23,6875554	2843	0,2814	0,2301	5133	3531	1602
L10661	3	-46,6761983	-23,6715815	3187	0,0941	0,0863	5530	3861	1669
L10662	4	-46,6553293	-23,6948602	2865	0,1396	0,1151	5307	3647	1660
L10663	1	-46,6656946	-23,6912971	3280	0,0305	0,0288	5926	4159	1767
L10664	6	-46,6822506	-23,6859937	2727	0,22	0,1726	4800	3284	1516
L10665	1	-46,6401401	-23,7021728	2226	0,0449	0,0288	3949	2934	1015
L10668	2	-46,6754475	-23,6898357	1623	0,1232	0,0575	2747	2004	743
L10670	2	-46,6532948	-23,6930429	4054	0,0493	0,0575	7018	5197	1821
L10672	1	-46,6554638	-23,6936711	1054	0,0949	0,0288	1736	1348	388
L10673	1	-46,6724425	-23,6892896	1555	0,0643	0,0288	2572	1965	607
L10712	1	-46,5930087	-23,4922966	801	0,1248	0,0288	1363	1022	341
L10713	3	-46,5785229	-23,4851103	1775	0,169	0,0863	3031	2287	744
L10717	2	-46,5630814	-23,4738195	2767	0,0723	0,0575	5120	3441	1679
L10718	2	-46,5859510	-23,4876316	2245	0,0891	0,0575	4064	2964	1100
L10719	2	-46,5812144	-23,4890395	2814	0,0711	0,0575	4897	3512	1385
L10721	1	-46,5753210	-23,4806909	3112	0,0321	0,0288	5709	3924	1785
L10722	1	-46,5624088	-23,4783293	2298	0,0435	0,0288	4490	2893	1597
L10723	1	-46,5874208	-23,4972108	3391	0,0295	0,0288	6308	4248	2060
L10724	1	-46,5897661	-23,4836253	3533	0,0283	0,0288	6457	4363	2094
L10725	1	-46,5743549	-23,4975157	1855	0,0539	0,0288	3076	2333	743
L10727	4	-46,5724481	-23,4898866	3376	0,1185	0,1151	6286	4313	1973
L10728	2	-46,5798590	-23,4856546	3035	0,0659	0,0575	5717	3858	1859
L10730	1	-46,5677498	-23,4890100	1919	0,0521	0,0288	3223	2470	753
L10731	4	-46,5732850	-23,4796325	3704	0,108	0,1151	7087	4869	2218
L10732	7	-46,5717637	-23,4775916	2749	0,2546	0,2014	4752	3504	1248
L10734	2	-46,5710103	-23,4865175	2594	0,0771	0,0575	4572	3267	1305
L10735	3	-46,5734783	-23,4926878	3047	0,0985	0,0863	5191	3808	1383
L10736	4	-46,5681819	-23,4784924	3650	0,1096	0,1151	6352	4719	1633
L10737	1	-46,5819128	-23,4810310	2931	0,0341	0,0288	5742	3793	1949
L10738	3	-46,5972000	-23,4951209	2600	0,1154	0,0863	4771	3258	1513
L10741	2	-46,5010529	-23,6213622	3848	0,052	0,0575	6829	5091	1738
L10742	3	-46,4935076	-23,6091331	3091	0,0971	0,0863	5399	3979	1420
L10744	8	-46,5101702	-23,6058819	5877	0,1361	0,2301	10885	7744	3141
L10745	1	-46,5040533	-23,6054351	4046	0,0247	0,0288	7138	5324	1814
L10746	1	-46,4876384	-23,6218370	1995	0,0501	0,0288	3308	2519	789
L10748	1	-46,5058043	-23,6251616	1553	0,0644	0,0288	2754	2135	619
L10749	7	-46,5009514	-23,5953008	3234	0,2165	0,2014	5657	4320	1337
L10751	3	-46,5061790	-23,6170608	3511	0,0854	0,0863	6321	4673	1648
L10752	1	-46,4907070	-23,6054790	4502	0,0222	0,0288	7815	5884	1931
L10754	4	-46,5130142	-23,6093532	2664	0,1502	0,1151	4782	3440	1342
L10755	5	-46,5095210	-23,5996670	3646	0,1371	0,1438	6483	4687	1796
L10756	1	-46,5031776	-23,6019735	4100	0,0244	0,0288	6948	5368	1580
L10757	3	-46,5082245	-23,6128851	3263	0,0919	0,0863	5872	4151	1721
L10758	1	-46,5007848	-23,6042677	3731	0,0268	0,0288	6630	4687	1943
L10759	1	-46,5020070	-23,6161748	3261	0,0307	0,0288	6105	4125	1980
L10764	1	-46,4893958	-23,6137160	2190	0,0457	0,0288	3625	2783	842
L10765	1	-46,4965013	-23,6166543	3324	0,0301	0,0288	6076	4282	1794
L10766	1	-46,4983849	-23,5987055	3171	0,0315	0,0288	5783	4036	1747
L10769	1	-46,6633740	-23,4626370	1208	0,0828	0,0288	2100	1567	533
L10771	1	-46,6343175	-23,4756514	2471	0,0405	0,0288	3986	2974	1012
L10772	1	-46,6412490	-23,4854900	1860	0,0538	0,0288	2866	2221	645
L10773	4	-46,6378689	-23,4793297	3726	0,1074	0,1151	5957	4473	1484
L10774	1	-46,6386490	-23,4679230	2796	0,0358	0,0288	4464	3356	1108
L10775	2	-46,6524305	-23,4634896	1565	0,1278	0,0575	2720	2016	704
L10776	2	-46,6622866	-23,4787799	1314	0,1522	0,0575	2207	1705	502
L10777	5	-46,6334518	-23,4764864	2961	0,1689	0,1438	5466	3552	1914
L10778	4	-46,6714017	-23,4574567	4417	0,0906	0,1151	7852	5784	2068
L10779	6	-46,6398944	-23,4854805	2414	0,2486	0,1726	4899	3028	1871
L10780	3	-46,6459828	-23,4561450	2090	0,1435	0,0863	3524	2632	892
L10781	8	-46,6492631	-23,4694520	4305	0,1858	0,2301	7868	5458	2410
L10785	1	-46,6647421	-23,4572438	3367	0,0297	0,0288	6195	4418	1777
L10786	2	-46,6509458	-23,4833087	1389	0,144	0,0575	2199	1761	438
L10787	1	-46,6597938	-23,4579944	3590	0,0279	0,0288	6710	4563	2147
L10788	8	-46,6521748	-23,4881391	2843	0,2814	0,2301	5381	3583	1798
L10789	3	-46,6351309	-23,4713832	3445	0,0871	0,0863	6308	4270	2038
L10790	1	-46,6685780	-23,4641456	1708	0,0585	0,0288	2905	2222	683
L10791	4	-46,6510885	-23,4620515	3736	0,1071	0,1151	6918	4639	2279
L10792	8	-46,6392692	-23,4685393	2749	0,291	0,2301	4914	3299	1615
L10793	3	-46,6540520	-23,4791841	2694	0,1114	0,0863	4415	3409	1006
L10794	7	-46,6467400	-23,4764270	3174	0,2205	0,2014	5910	4120	1790
L10796	3	-46,6434663	-23,4580215	2754	0,1089	0,0863	4853	3483	1370
L10797	2	-46,6582380	-23,4574276	3510	0,057	0,0575	6233	4568	1665
L10798	2	-46,6350691	-23,4720027	1005	0,199	0,0575	1587	1213	374
L10799	3	-46,6467390	-23,4772016	1155	0,2597	0,0863	1950	1447	503
L10802	1	-46,6456752	-23,4760563	951	0,1052	0,0288	1582	1196	386
L10803	1	-46,6313732	-23,4672637	1642	0,0609	0,0288	2751	2004	747
