cod_local	QT_VOTOS	longitude	latitude	LOC_VALID	%_LOC_V	%_CAND	QT_APTOS	QT_COMPARECIMENTO	QT_ABSTENCOES
L00002	3	-46,6458082	-23,5644282	2271	0,1321	0,4049	3779	2548	1231
L00003	9	-46,6455650	-23,5547500	3290	0,2736	1,2146	5696	3792	1904
L00004	5	-46,6511260	-23,5652103	5298	0,0944	0,6748	9838	5921	3917
L00005	2	-46,6603762	-23,5406137	4082	0,049	0,2699	8248	4503	3745
L00006	2	-46,6471893	-23,5496488	4359	0,0459	0,2699	8358	5061	3297
L00007	2	-46,6432717	-23,5529543	1958	0,1021	0,2699	3791	2317	1474
L00008	3	-46,6464095	-23,5560819	3643	0,0823	0,4049	6983	4278	2705
L00010	1	-46,6355899	-23,5623979	2996	0,0334	0,135	5666	3638	2028
L00011	5	-46,6535747	-23,5498948	3808	0,1313	0,6748	7072	4407	2665
L00012	5	-46,6461964	-23,5700830	3252	0,1538	0,6748	6283	3656	2627
L00013	1	-46,6421456	-23,5572933	2899	0,0345	0,135	5416	3426	1990
L00015	1	-46,6368132	-23,5574886	3591	0,0278	0,135	7151	4273	2878
L00016	3	-46,6361305	-23,5497845	2669	0,1124	0,4049	5297	3132	2165
L00018	3	-46,6419109	-23,5592168	3389	0,0885	0,4049	7001	3906	3095
L00021	4	-46,6419109	-23,5592168	3437	0,1164	0,5398	6548	4013	2535
L00022	9	-46,6521240	-23,5458002	10350	0,087	1,2146	18525	11583	6942
L00023	3	-46,6498912	-23,5493645	2834	0,1059	0,4049	4909	3201	1708
L00024	1	-46,6497533	-23,5485991	1896	0,0527	0,135	3234	2130	1104
L00025	1	-46,6380154	-23,5642161	2151	0,0465	0,135	3803	2547	1256
L00027	1	-46,6368084	-23,5498480	2635	0,038	0,135	5430	3072	2358
L00029	4	-46,6858903	-23,5271427	1846	0,2167	0,5398	2661	2067	594
L00030	3	-46,6716846	-23,5278546	4168	0,072	0,4049	8123	4653	3470
L00031	8	-46,6872489	-23,5323018	3785	0,2114	1,0796	5622	4272	1350
L00032	1	-46,6564979	-23,5376940	1668	0,06	0,135	2471	1844	627
L00034	4	-46,6605264	-23,5415277	5254	0,0761	0,5398	7993	5767	2226
L00035	3	-46,6800459	-23,5481021	3932	0,0763	0,4049	6405	4313	2092
L00037	3	-46,6566164	-23,5307137	3471	0,0864	0,4049	6463	3952	2511
L00038	1	-46,6844226	-23,5340373	3156	0,0317	0,135	5271	3545	1726
L00039	3	-46,6663954	-23,5361229	5419	0,0554	0,4049	8062	5901	2161
L00041	1	-46,6798996	-23,5306990	2132	0,0469	0,135	3296	2395	901
L00042	1	-46,6513283	-23,5415864	1556	0,0643	0,135	2631	1843	788
L00043	3	-46,6853794	-23,5386780	2698	0,1112	0,4049	4613	3033	1580
L00044	3	-46,6566305	-23,5207777	1534	0,1956	0,4049	2722	1815	907
L00045	2	-46,6523017	-23,5318175	2128	0,094	0,2699	3940	2485	1455
L00046	5	-46,6555734	-23,5283610	2335	0,2141	0,6748	4656	2795	1861
L00047	1	-46,6419486	-23,5325337	1033	0,0968	0,135	1992	1229	763
L00048	5	-46,6841353	-23,5370181	2501	0,1999	0,6748	3771	2812	959
L00049	13	-46,6806583	-23,5307166	4578	0,284	1,7544	8065	5186	2879
L00050	2	-46,6531096	-23,5391595	3449	0,058	0,2699	6577	4007	2570
L00051	2	-46,6946005	-23,5421890	3052	0,0655	0,2699	5602	3572	2030
L00052	6	-46,6832663	-23,5289919	4888	0,1227	0,8097	8677	5629	3048
L00053	1	-46,6630845	-23,5450242	5945	0,0168	0,135	9970	6457	3513
L00055	3	-46,6566164	-23,5307137	5271	0,0569	0,4049	9323	6035	3288
L00056	1	-46,6508278	-23,5375343	2409	0,0415	0,135	4853	2751	2102
L00057	3	-46,6510689	-23,5302066	2410	0,1245	0,4049	4093	2814	1279
L00058	2	-46,6432297	-23,5320752	3161	0,0633	0,2699	6470	3731	2739
L00060	18	-46,6711550	-23,5381000	10857	0,1658	2,4291	17946	11853	6093
L00062	2	-46,6375237	-23,5287430	2256	0,0887	0,2699	4421	2765	1656
L00064	1	-46,6278434	-23,5475185	2980	0,0336	0,135	5641	3584	2057
L00065	1	-46,6385252	-23,5376549	2229	0,0449	0,135	4267	2744	1523
L00068	1	-46,6432775	-23,5262231	2815	0,0355	0,135	5403	3409	1994
L00069	8	-46,6240453	-23,5332439	1765	0,4533	1,0796	3469	2192	1277
L00071	3	-46,6341197	-23,5306628	2982	0,1006	0,4049	5785	3615	2170
L00075	4	-46,6325856	-23,5295792	4103	0,0975	0,5398	8045	4955	3090
L00077	2	-46,6228821	-23,5238878	3089	0,0647	0,2699	5985	3756	2229
L00078	1	-46,6212238	-23,5429654	2774	0,036	0,135	5496	3398	2098
L00083	1	-46,5997287	-23,5410220	3324	0,0301	0,135	6501	4011	2490
L00084	1	-46,5895134	-23,5593568	5301	0,0189	0,135	8807	6387	2420
L00085	1	-46,5978907	-23,5552089	4372	0,0229	0,135	8050	5269	2781
L00086	1	-46,6000356	-23,5353560	2856	0,035	0,135	5171	3468	1703
L00087	1	-46,5842762	-23,5514675	2993	0,0334	0,135	5617	3662	1955
L00090	1	-46,5652413	-23,5675233	2503	0,04	0,135	4461	3203	1258
L00101	2	-46,5902071	-23,5606910	4284	0,0467	0,2699	7988	5172	2816
L00102	1	-46,5979424	-23,5532296	4622	0,0216	0,135	8563	5548	3015
L00103	1	-46,5812316	-23,5700009	4342	0,023	0,135	7905	5265	2640
L00109	1	-46,6685837	-23,5678112	2042	0,049	0,135	3574	2207	1367
L00110	1	-46,6602508	-23,5695486	2517	0,0397	0,135	4741	2759	1982
L00111	2	-46,6590182	-23,5634584	7550	0,0265	0,2699	13488	8273	5215
L00112	1	-46,6747793	-23,5889660	1465	0,0683	0,135	2322	1627	695
L00113	2	-46,6642690	-23,5638420	4708	0,0425	0,2699	8733	5175	3558
L00116	1	-46,6726051	-23,5816669	2385	0,0419	0,135	4109	2634	1475
L00120	1	-46,6758302	-23,6004582	2006	0,0499	0,135	3761	2276	1485
L00124	1	-46,6605835	-23,5566944	5697	0,0176	0,135	10701	6297	4404
L00125	4	-46,6822891	-23,5834680	4924	0,0812	0,5398	9066	5408	3658
L00127	1	-46,6605835	-23,5566944	6318	0,0158	0,135	11459	6999	4460
L00129	2	-46,6486232	-23,5813704	3537	0,0565	0,2699	5654	3970	1684
L00131	2	-46,6442337	-23,5847251	4116	0,0486	0,2699	7035	4617	2418
L00134	3	-46,6358455	-23,5895447	4856	0,0618	0,4049	8425	5454	2971
L00135	2	-46,6431906	-23,5719338	4487	0,0446	0,2699	7477	5015	2462
L00136	1	-46,6234512	-23,5608329	4167	0,024	0,135	7421	4897	2524
L00139	1	-46,6500347	-23,5703394	1246	0,0803	0,135	1910	1375	535
L00142	2	-46,6119113	-23,5742236	2504	0,0799	0,2699	4454	2944	1510
L00143	1	-46,6414511	-23,5858080	2718	0,0368	0,135	4786	3093	1693
L00144	4	-46,6356180	-23,5786976	2260	0,177	0,5398	3961	2589	1372
L00145	2	-46,6350220	-23,5881065	3012	0,0664	0,2699	5263	3410	1853
L00146	1	-46,6223857	-23,5681693	2480	0,0403	0,135	4585	2913	1672
L00148	1	-46,6273889	-23,5872670	4439	0,0225	0,135	7836	5122	2714
L00150	2	-46,6299014	-23,5758099	4050	0,0494	0,2699	6863	4657	2206
L00152	1	-46,6459660	-23,5746810	3017	0,0331	0,135	4888	3361	1527
L00154	4	-46,6235069	-23,5745404	4329	0,0924	0,5398	7193	5134	2059
L00157	5	-46,6389836	-23,5697573	5176	0,0966	0,6748	8809	5934	2875
L00533	1	-46,7766842	-23,6810185	3832	0,0261	0,135	6561	4847	1714
L05532	2	-46,7034029	-23,6447800	2886	0,0693	0,2699	4752	3201	1551
L05533	1	-46,7012118	-23,6454413	2673	0,0374	0,135	4610	2961	1649
L05536	3	-46,6821350	-23,6631782	5321	0,0564	0,4049	8921	6173	2748
L05537	1	-46,6842291	-23,6383685	2076	0,0482	0,135	2987	2240	747
L05542	1	-46,7071520	-23,6499060	3093	0,0323	0,135	5733	3640	2093
L05543	1	-46,6875690	-23,6745424	2821	0,0354	0,135	4627	3474	1153
L05544	2	-46,7020955	-23,6297201	1019	0,1963	0,2699	1646	1149	497
L05546	1	-46,6816306	-23,6713892	1359	0,0736	0,135	2062	1643	419
L05548	1	-46,6996076	-23,6331312	1978	0,0506	0,135	3388	2288	1100
L05549	2	-46,7057350	-23,6332760	4550	0,044	0,2699	7718	5073	2645
L05550	1	-46,6945706	-23,6304883	5120	0,0195	0,135	8978	5840	3138
L05563	5	-46,4331534	-23,4945484	2753	0,1816	0,6748	4924	3393	1531
L05580	1	-46,4367093	-23,5286893	3428	0,0292	0,135	6257	4314	1943
L05583	1	-46,4325849	-23,5321585	3488	0,0287	0,135	6128	4395	1733
L05590	2	-46,4560761	-23,5496358	3285	0,0609	0,2699	6239	4284	1955
L05607	1	-46,4470139	-23,5216112	1268	0,0789	0,135	2275	1708	567
L05616	3	-46,6281182	-23,4912871	3378	0,0888	0,4049	5313	3930	1383
L05618	1	-46,6270210	-23,5057810	1824	0,0548	0,135	3578	2176	1402
L05621	1	-46,6332236	-23,4899666	5271	0,019	0,135	8744	6129	2615
L05623	1	-46,6405537	-23,5023028	2520	0,0397	0,135	4590	2978	1612
L05625	1	-46,6261164	-23,4898514	2978	0,0336	0,135	5488	3556	1932
L05626	1	-46,6278934	-23,4963679	2077	0,0481	0,135	3746	2434	1312
L05628	1	-46,6157633	-23,4933572	2589	0,0386	0,135	4750	3013	1737
L05639	2	-46,6239120	-23,4891654	1527	0,131	0,2699	2617	1818	799
L05645	5	-46,7037676	-23,5217140	2362	0,2117	0,6748	4257	2725	1532
L05646	2	-46,7000457	-23,5224777	2592	0,0772	0,2699	4343	2970	1373
L05647	4	-46,7273840	-23,5310160	1602	0,2497	0,5398	2410	1810	600
L05649	2	-46,7178181	-23,5361638	1874	0,1067	0,2699	2784	2102	682
L05650	6	-46,7098479	-23,5204991	2248	0,2669	0,8097	3855	2539	1316
L05651	1	-46,7004969	-23,5385244	1604	0,0623	0,135	2858	1850	1008
L05653	5	-46,7091294	-23,5350839	1807	0,2767	0,6748	3207	2079	1128
L05657	3	-46,6883851	-23,5246954	2280	0,1316	0,4049	3964	2619	1345
L05663	1	-46,7053463	-23,5246614	2188	0,0457	0,135	4237	2584	1653
L05666	1	-46,7036723	-23,5400795	2096	0,0477	0,135	3593	2404	1189
L05667	8	-46,6875289	-23,5240849	2857	0,28	1,0796	4734	3347	1387
L05669	1	-46,7164216	-23,5283737	1777	0,0563	0,135	3016	2011	1005
L05670	2	-46,7041160	-23,5315757	2953	0,0677	0,2699	5089	3434	1655
L05672	1	-46,7311891	-23,5069529	1946	0,0514	0,135	3336	2311	1025
L05678	1	-46,7498669	-23,4969079	2593	0,0386	0,135	4758	3251	1507
L05681	4	-46,6949470	-23,5283220	1938	0,2064	0,5398	3100	2183	917
L05686	1	-46,7064510	-23,5301730	1194	0,0838	0,135	1873	1372	501
L05688	3	-46,7278581	-23,5209253	3285	0,0913	0,4049	5542	3799	1743
L05691	1	-46,7186092	-23,5246136	1648	0,0607	0,135	2675	1868	807
L05693	1	-46,6769917	-23,5570934	4108	0,0243	0,135	6768	4547	2221
L05696	1	-46,6826600	-23,5737124	2813	0,0355	0,135	4397	3021	1376
L05697	2	-46,6950038	-23,5603746	3405	0,0587	0,2699	5468	3675	1793
L05698	2	-46,7044200	-23,5423500	1912	0,1046	0,2699	2816	2116	700
L05700	1	-46,7170159	-23,5510140	4888	0,0205	0,135	7257	5167	2090
L05701	5	-46,6827189	-23,5583923	2882	0,1735	0,6748	4777	3189	1588
L05704	2	-46,7169080	-23,5430685	2482	0,0806	0,2699	4378	2777	1601
L05705	7	-46,6896585	-23,5656255	3181	0,2201	0,9447	5968	3546	2422
L05706	5	-46,6827388	-23,5501422	2508	0,1994	0,6748	4043	2732	1311
L05707	1	-46,7072431	-23,5459153	2353	0,0425	0,135	3966	2589	1377
L05708	2	-46,6938161	-23,5563030	2004	0,0998	0,2699	3625	2231	1394
L05709	3	-46,6896173	-23,5508030	2889	0,1038	0,4049	4742	3138	1604
L05710	5	-46,6788148	-23,5592954	3381	0,1479	0,6748	5828	3742	2086
L05711	3	-46,6940900	-23,5501725	1686	0,1779	0,4049	2686	1891	795
L05712	2	-46,6912249	-23,5538578	1310	0,1527	0,2699	1948	1434	514
L05713	2	-46,6816743	-23,5708583	3367	0,0594	0,2699	5931	3590	2341
L05714	2	-46,6896585	-23,5656255	1173	0,1705	0,2699	1972	1294	678
L05715	2	-46,6918510	-23,5514540	1237	0,1617	0,2699	1953	1335	618
L05716	1	-46,6975056	-23,5623803	2545	0,0393	0,135	4027	2825	1202
L05717	2	-46,6818722	-23,5560723	2822	0,0709	0,2699	4697	3062	1635
L05718	3	-46,6823120	-23,5625230	2934	0,1022	0,4049	4770	3236	1534
L05719	2	-46,6976578	-23,5648688	2714	0,0737	0,2699	4719	3052	1667
L05724	1	-46,5270161	-23,5293151	2599	0,0385	0,135	4443	3201	1242
L05726	1	-46,4882070	-23,5327782	863	0,1159	0,135	1543	1100	443
L05736	1	-46,5179226	-23,5228086	3663	0,0273	0,135	6711	4640	2071
L05737	1	-46,4989941	-23,5275262	2079	0,0481	0,135	3862	2632	1230
L05740	2	-46,5095310	-23,5250203	3929	0,0509	0,2699	7326	4889	2437
L05750	2	-46,5686249	-23,5424482	4557	0,0439	0,2699	7587	5295	2292
L05751	1	-46,5757522	-23,5380963	4097	0,0244	0,135	6495	4845	1650
L05752	2	-46,5494401	-23,5441268	4128	0,0484	0,2699	7403	5019	2384
L05756	3	-46,5564250	-23,5331500	2613	0,1148	0,4049	4568	3155	1413
L05760	3	-46,4984532	-23,5847269	4733	0,0634	0,4049	8851	6109	2742
L05776	1	-46,5726461	-23,5512878	2634	0,038	0,135	4333	3190	1143
L05784	1	-46,5810636	-23,5390713	1123	0,089	0,135	1806	1332	474
L05794	2	-46,5433831	-23,5503063	4135	0,0484	0,2699	6973	5037	1936
L05796	1	-46,5581932	-23,5503944	4508	0,0222	0,135	6964	5342	1622
L05801	2	-46,5968739	-23,5084251	2820	0,0709	0,2699	5313	3529	1784
L05806	1	-46,5685781	-23,5119963	4184	0,0239	0,135	7823	5387	2436
L05807	4	-46,5779360	-23,5053673	3549	0,1127	0,5398	6465	4410	2055
L05808	1	-46,5892786	-23,5184715	2964	0,0337	0,135	5799	3706	2093
L05814	1	-46,6049224	-23,5160697	1794	0,0557	0,135	3377	2233	1144
L05820	1	-46,5663467	-23,5211065	3363	0,0297	0,135	6296	4358	1938
L05823	1	-46,5847505	-23,5062429	2469	0,0405	0,135	4405	3039	1366
L05828	2	-46,6007196	-23,5005481	2697	0,0742	0,2699	4882	3315	1567
L05843	1	-46,6732228	-23,5017435	1901	0,0526	0,135	3104	2323	781
L05848	2	-46,6506305	-23,5026837	3720	0,0538	0,2699	6771	4492	2279
L05851	2	-46,6632938	-23,5087770	4242	0,0471	0,2699	7237	4966	2271
L05854	1	-46,6559225	-23,4706050	3589	0,0279	0,135	6533	4491	2042
L05860	1	-46,6806536	-23,4985927	2933	0,0341	0,135	5335	3608	1727
L05862	1	-46,6805862	-23,5028507	5531	0,0181	0,135	9763	6800	2963
L05864	1	-46,6729030	-23,5109220	2299	0,0435	0,135	4247	2858	1389
L05868	1	-46,6710286	-23,4857719	2636	0,0379	0,135	4932	3370	1562
L05869	1	-46,6506816	-23,5123597	1285	0,0778	0,135	2257	1556	701
L05873	1	-46,6545485	-23,4716736	1878	0,0532	0,135	2977	2288	689
L05890	3	-46,6048373	-23,4642332	3719	0,0807	0,4049	6880	4577	2303
L05892	1	-46,6200080	-23,4826288	3225	0,031	0,135	5990	3879	2111
L05893	1	-46,5880090	-23,4446471	973	0,1028	0,135	1866	1339	527
L05897	2	-46,5851276	-23,4502408	3003	0,0666	0,2699	5429	3962	1467
L05898	1	-46,6085609	-23,4656759	1854	0,0539	0,135	3105	2277	828
L05899	1	-46,6056454	-23,4658408	3170	0,0315	0,135	5858	3789	2069
L05911	1	-46,5953507	-23,4480324	2669	0,0375	0,135	4700	3478	1222
L05925	1	-46,5735437	-23,5894829	2983	0,0335	0,135	4660	3569	1091
L05926	1	-46,5852470	-23,5802350	4531	0,0221	0,135	8206	5391	2815
L05929	2	-46,5585843	-23,5972769	3198	0,0625	0,2699	6011	4129	1882
L05932	2	-46,5660422	-23,6040127	2344	0,0853	0,2699	4184	2990	1194
L05938	1	-46,5607547	-23,6059835	2674	0,0374	0,135	5130	3444	1686
L05942	1	-46,5766081	-23,5796376	2512	0,0398	0,135	4766	3082	1684
L05943	1	-46,5480300	-23,5998140	3286	0,0304	0,135	5695	4099	1596
L05951	1	-46,5702281	-23,5758520	1372	0,0729	0,135	2658	1731	927
L05954	1	-46,5808524	-23,5927084	2296	0,0436	0,135	3895	2825	1070
L05955	1	-46,5775910	-23,5732024	1606	0,0623	0,135	2687	2013	674
L05958	1	-46,5654838	-23,5972434	2924	0,0342	0,135	5305	3683	1622
L05965	1	-46,6619780	-23,6090200	3849	0,026	0,135	6946	4334	2612
L05966	1	-46,6599239	-23,6127900	4523	0,0221	0,135	8055	5113	2942
L05967	2	-46,6885280	-23,6126750	4170	0,048	0,2699	6900	4718	2182
L05974	1	-46,6641427	-23,6002288	6184	0,0162	0,135	10325	6924	3401
L05979	3	-46,6580933	-23,6013714	3443	0,0871	0,4049	5874	3827	2047
L05982	1	-46,6821455	-23,6155051	5201	0,0192	0,135	8875	5878	2997
L05985	5	-46,6850791	-23,6183057	3742	0,1336	0,6748	6558	4258	2300
L05987	1	-46,6726843	-23,6097127	3510	0,0285	0,135	5718	3982	1736
L05988	1	-46,6679674	-23,6420583	3208	0,0312	0,135	5082	3709	1373
L05991	1	-46,6608489	-23,6330376	3246	0,0308	0,135	5977	3853	2124
L05992	1	-46,6629476	-23,6161029	1424	0,0702	0,135	2755	1641	1114
L05995	1	-46,6692023	-23,5986819	4821	0,0207	0,135	7627	5289	2338
L05996	1	-46,6390563	-23,5354119	3573	0,028	0,135	6373	4095	2278
L05997	1	-46,6475368	-23,6025329	2704	0,037	0,135	4279	2988	1291
L06002	1	-46,6235160	-23,6123380	3568	0,028	0,135	6002	4132	1870
L06005	1	-46,6362090	-23,6170540	2367	0,0422	0,135	3816	2777	1039
L06006	1	-46,6360133	-23,6258929	2395	0,0418	0,135	4157	2791	1366
L06010	1	-46,6214969	-23,5987034	3306	0,0302	0,135	5715	3957	1758
L06014	2	-46,6273692	-23,6096467	1882	0,1063	0,2699	3682	2300	1382
L06016	1	-46,6492475	-23,5982808	2316	0,0432	0,135	4108	2664	1444
L06017	1	-46,6348198	-23,6125399	2346	0,0426	0,135	4142	2720	1422
L06019	1	-46,6449004	-23,6103211	2557	0,0391	0,135	4643	2988	1655
L06020	1	-46,6201994	-23,6074833	1448	0,0691	0,135	2183	1677	506
L06025	1	-46,6389693	-23,6190507	3888	0,0257	0,135	6569	4406	2163
L06027	2	-46,6300558	-23,5928665	2573	0,0777	0,2699	4339	2922	1417
L06029	1	-46,6492868	-23,6040214	2036	0,0491	0,135	3024	2307	717
L06031	1	-46,5834188	-23,6215419	2911	0,0344	0,135	5114	3726	1388
L06038	1	-46,6043324	-23,5881805	4423	0,0226	0,135	7818	5323	2495
L06050	1	-46,5889064	-23,6343276	2672	0,0374	0,135	4589	3469	1120
L06053	1	-46,6021325	-23,6063749	1386	0,0722	0,135	2568	1713	855
L06054	1	-46,6080780	-23,6028560	3098	0,0323	0,135	5810	3763	2047
L06055	2	-46,6096977	-23,5916041	2870	0,0697	0,2699	5430	3473	1957
L06064	1	-46,5956377	-23,5958120	1677	0,0596	0,135	3055	2103	952
L06065	2	-46,6119497	-23,5892321	3011	0,0664	0,2699	5516	3638	1878
L06067	1	-46,6098374	-23,5932998	5055	0,0198	0,135	8453	5954	2499
L06660	1	-46,7041000	-23,7108340	1608	0,0622	0,135	2717	1945	772
L06664	1	-46,7020763	-23,6853645	3332	0,03	0,135	5602	4031	1571
L06665	1	-46,6964372	-23,6925377	2324	0,043	0,135	3819	2859	960
L06672	3	-46,7004276	-23,7112720	3395	0,0884	0,4049	6059	4083	1976
L06678	1	-46,7003248	-23,7336023	2433	0,0411	0,135	3957	3049	908
L06682	1	-46,7022612	-23,7224803	3236	0,0309	0,135	5448	4015	1433
L06683	1	-46,6987338	-23,7098273	2586	0,0387	0,135	4747	3089	1658
L06687	1	-46,6995340	-23,7330324	2757	0,0363	0,135	4736	3370	1366
L06689	3	-46,7031746	-23,6922472	2879	0,1042	0,4049	4842	3413	1429
L06698	1	-46,7036392	-23,6912906	1005	0,0995	0,135	1575	1209	366
L07583	1	-46,6477955	-23,6558420	3661	0,0273	0,135	6289	4390	1899
L07664	1	-46,7296043	-23,4932746	3302	0,0303	0,135	5686	4020	1666
L07666	1	-46,7187075	-23,4795423	4684	0,0213	0,135	9004	6008	2996
L07669	3	-46,7461037	-23,4816392	3660	0,082	0,4049	6759	4550	2209
L07674	1	-46,7340887	-23,4861415	1145	0,0873	0,135	1962	1407	555
L07678	2	-46,7265335	-23,4891389	1972	0,1014	0,2699	3537	2347	1190
L07701	1	-46,4889435	-23,4985564	3277	0,0305	0,135	5967	4095	1872
L07703	1	-46,4731818	-23,5027056	2186	0,0457	0,135	3519	2750	769
L07715	1	-46,7054395	-23,4973447	1332	0,0751	0,135	2162	1641	521
L07723	1	-46,7155090	-23,4737413	2363	0,0423	0,135	4249	3098	1151
L07726	1	-46,6978976	-23,4998743	2271	0,044	0,135	4256	2757	1499
L07731	1	-46,6997557	-23,4958002	3556	0,0281	0,135	6178	4337	1841
L07743	1	-46,7214900	-23,4681351	742	0,1348	0,135	1290	983	307
L07753	1	-46,7766842	-23,6395528	2690	0,0372	0,135	4737	3519	1218
L07767	1	-46,7490615	-23,6345587	3174	0,0315	0,135	5702	4133	1569
L07771	1	-46,7622591	-23,6469894	2666	0,0375	0,135	4394	3333	1061
L07773	2	-46,7538973	-23,6349349	4025	0,0497	0,2699	6657	5039	1618
L08194	1	-46,7194106	-23,5935367	4012	0,0249	0,135	6747	4420	2327
L08195	3	-46,7277361	-23,6045363	3437	0,0873	0,4049	5923	4007	1916
L08196	2	-46,7208297	-23,6076803	2840	0,0704	0,2699	4752	3330	1422
L08199	3	-46,7202481	-23,5763764	1751	0,1713	0,4049	3121	1996	1125
L08201	2	-46,7313899	-23,5980074	3354	0,0596	0,2699	5937	3987	1950
L08204	1	-46,7468132	-23,6034358	3032	0,033	0,135	5249	3566	1683
L08209	1	-46,7308370	-23,5944510	2715	0,0368	0,135	4573	3264	1309
L08210	1	-46,7240153	-23,5828984	1486	0,0673	0,135	2370	1711	659
L08211	2	-46,7570506	-23,5977877	2938	0,0681	0,2699	5449	3746	1703
L08213	2	-46,7052007	-23,6074205	2725	0,0734	0,2699	4343	3206	1137
L08221	1	-46,7053802	-23,5795572	2467	0,0405	0,135	4338	2752	1586
L08233	1	-46,5151760	-23,5433139	1746	0,0573	0,135	3085	2237	848
L08268	2	-46,5382964	-23,5663555	2910	0,0687	0,2699	5207	3628	1579
L08272	1	-46,5288323	-23,5727122	2238	0,0447	0,135	4229	2897	1332
L08277	1	-46,5470381	-23,5724329	1679	0,0596	0,135	3154	2109	1045
L08278	2	-46,5421410	-23,5610590	3394	0,0589	0,2699	6342	4245	2097
L08281	1	-46,5410608	-23,5606823	3255	0,0307	0,135	5649	4123	1526
L08283	1	-46,5276225	-23,5710305	2727	0,0367	0,135	5111	3464	1647
L08284	2	-46,5527913	-23,5614550	3182	0,0629	0,2699	5966	3914	2052
L08285	2	-46,5421019	-23,5584414	1912	0,1046	0,2699	3129	2348	781
L08294	1	-46,5977750	-23,4858511	966	0,1035	0,135	1572	1230	342
L08302	1	-46,5835571	-23,4654238	2768	0,0361	0,135	5668	3556	2112
L08303	1	-46,5951874	-23,4707467	2344	0,0427	0,135	4346	2893	1453
L08309	1	-46,5870109	-23,4731635	2255	0,0443	0,135	4250	2778	1472
L08314	2	-46,6000523	-23,4896398	3153	0,0634	0,2699	5703	3872	1831
L08320	1	-46,5866345	-23,4663679	2991	0,0334	0,135	5086	3758	1328
L08330	2	-46,5220144	-23,6090632	4420	0,0452	0,2699	8006	5587	2419
L08335	1	-46,5288900	-23,6093393	3208	0,0312	0,135	5889	4085	1804
L08338	1	-46,5148744	-23,5961389	3454	0,029	0,135	6476	4342	2134
L08340	1	-46,5365552	-23,5957785	3050	0,0328	0,135	5865	3909	1956
L08344	1	-46,5190849	-23,6068070	2708	0,0369	0,135	4764	3597	1167
L08345	1	-46,5147192	-23,6040731	1897	0,0527	0,135	3330	2446	884
L08356	1	-46,6748209	-23,6629694	2548	0,0392	0,135	4677	3256	1421
L08365	1	-46,6383547	-23,6857440	3713	0,0269	0,135	6684	4675	2009
L08367	1	-46,6760160	-23,6550423	3987	0,0251	0,135	6800	4757	2043
L08371	1	-46,6452777	-23,6816754	2288	0,0437	0,135	4435	3097	1338
L08382	2	-46,3763198	-23,4939856	3628	0,0551	0,2699	6476	4624	1852
L08387	2	-46,3754478	-23,4964448	3203	0,0624	0,2699	5688	4215	1473
L08417	1	-46,3806444	-23,5150740	2751	0,0364	0,135	4718	3665	1053
L08438	2	-46,4254538	-23,5250259	3705	0,054	0,2699	6437	4786	1651
L08852	1	-46,7044580	-23,7593862	2527	0,0396	0,135	4290	3181	1109
L08885	1	-46,7826347	-23,7426504	5319	0,0188	0,135	9184	6673	2511
L08929	1	-46,7383672	-23,6748485	1967	0,0508	0,135	3174	2419	755
L08937	2	-46,7398408	-23,6738654	4636	0,0431	0,2699	7955	5725	2230
L08940	1	-46,7643695	-23,6705361	2617	0,0382	0,135	4716	3439	1277
L08944	1	-46,7869811	-23,6550768	3281	0,0305	0,135	5927	4213	1714
L08945	2	-46,7595495	-23,6741975	3422	0,0584	0,2699	5713	4273	1440
L08967	2	-46,7303740	-23,5725520	896	0,2232	0,2699	1446	1029	417
L08969	1	-46,7387859	-23,5794283	2272	0,044	0,135	3703	2689	1014
L08977	1	-46,7667060	-23,5859640	590	0,1695	0,135	1027	762	265
L08979	2	-46,7659213	-23,5803246	1496	0,1337	0,2699	2293	1792	501
L08987	1	-46,7591098	-23,5417165	2410	0,0415	0,135	4045	2988	1057
L08989	1	-46,7421886	-23,5732813	4364	0,0229	0,135	7754	5121	2633
L08990	2	-46,7660251	-23,5891918	3308	0,0605	0,2699	5815	4319	1496
L08991	1	-46,7687542	-23,5959462	2154	0,0464	0,135	3725	2823	902
L09000	3	-46,7292351	-23,5745661	3100	0,0968	0,4049	5436	3579	1857
L09004	1	-46,7583340	-23,5575440	3682	0,0272	0,135	5975	4245	1730
L09007	1	-46,7358487	-23,5809482	3036	0,0329	0,135	5300	3546	1754
L09008	1	-46,7530566	-23,5528242	2689	0,0372	0,135	4923	3222	1701
L09010	1	-46,7580485	-23,5857090	3186	0,0314	0,135	6188	4045	2143
L09020	1	-46,7515200	-23,5447730	1016	0,0984	0,135	1828	1298	530
L09022	1	-46,7590170	-23,5574330	1081	0,0925	0,135	1638	1228	410
L09024	1	-46,7609168	-23,5790059	916	0,1092	0,135	1524	1133	391
L09025	1	-46,7904907	-23,5952751	1505	0,0664	0,135	2487	1890	597
L09027	1	-46,7228401	-23,5715849	2029	0,0493	0,135	3117	2297	820
L09034	6	-46,7138143	-23,5687160	6650	0,0902	0,8097	11871	7672	4199
L09041	1	-46,4824676	-23,6012239	2857	0,035	0,135	5384	3613	1771
L09048	1	-46,4688977	-23,6112514	1324	0,0755	0,135	2334	1709	625
L09071	1	-46,4822288	-23,6131431	2033	0,0492	0,135	3694	2600	1094
L09075	1	-46,4854339	-23,6126187	1607	0,0622	0,135	2865	2088	777
L09101	1	-46,6966832	-23,4469548	4193	0,0238	0,135	7420	5285	2135
L09120	1	-46,7026753	-23,4471028	1959	0,051	0,135	3520	2602	918
L09336	1	-46,7167371	-23,7695068	4256	0,0235	0,135	7217	5340	1877
L09368	1	-46,7095920	-23,7408252	1645	0,0608	0,135	2849	2040	809
L09650	1	-46,7167070	-23,4450305	2708	0,0369	0,135	4712	3446	1266
L09651	1	-46,7918881	-23,4360240	1363	0,0734	0,135	2182	1702	480
L09654	1	-46,7924236	-23,4385264	2360	0,0424	0,135	4480	3143	1337
L09660	2	-46,7415768	-23,4083171	2643	0,0757	0,2699	4472	3454	1018
L09677	2	-46,7928284	-23,4298912	2395	0,0835	0,2699	3987	2948	1039
L09687	1	-46,7169255	-23,4553166	2697	0,0371	0,135	4650	3488	1162
L09702	1	-46,5462397	-23,5116021	3181	0,0314	0,135	5845	4123	1722
L09708	1	-46,5011972	-23,4910374	3598	0,0278	0,135	5673	4513	1160
L09715	1	-46,5417660	-23,5078996	2268	0,0441	0,135	4139	2897	1242
L09716	2	-46,5307769	-23,5112782	2975	0,0672	0,2699	5262	3745	1517
L09717	4	-46,4987106	-23,5049643	2292	0,1745	0,5398	3848	2901	947
L09758	1	-46,4840632	-23,5126634	2966	0,0337	0,135	5485	3744	1741
L09759	1	-46,4893072	-23,5119538	2407	0,0415	0,135	4544	3045	1499
L09775	1	-46,4645114	-23,5281457	1180	0,0847	0,135	1886	1481	405
L09783	1	-46,4752420	-23,5235190	4447	0,0225	0,135	7421	5633	1788
L09945	1	-46,4180582	-23,4867289	3677	0,0272	0,135	6336	4651	1685
L09959	1	-46,4626811	-23,5121755	2874	0,0348	0,135	5221	3497	1724
L09970	1	-46,4560056	-23,5122728	3898	0,0257	0,135	6534	5016	1518
L09972	1	-46,4663780	-23,5115601	2666	0,0375	0,135	4869	3367	1502
L10130	1	-46,7515284	-23,4909867	3496	0,0286	0,135	6108	4518	1590
L10136	1	-46,7342707	-23,4485696	2255	0,0443	0,135	3877	2856	1021
L10139	1	-46,7581248	-23,4814649	2609	0,0383	0,135	4345	3256	1089
L10142	1	-46,7493180	-23,4872341	3224	0,031	0,135	6110	4046	2064
L10144	3	-46,7399232	-23,4365548	2333	0,1286	0,4049	3666	2924	742
L10204	2	-46,4437362	-23,5536130	3367	0,0594	0,2699	5872	4414	1458
L10210	1	-46,4355290	-23,5413160	4313	0,0232	0,135	7351	5434	1917
L10211	1	-46,4410384	-23,5384069	4053	0,0247	0,135	7309	5151	2158
L10215	1	-46,4375782	-23,5533997	2536	0,0394	0,135	4483	3244	1239
L10311	1	-46,7438418	-23,6469973	3989	0,0251	0,135	6890	4938	1952
L10314	1	-46,7374229	-23,6602461	3948	0,0253	0,135	6700	4839	1861
L10315	1	-46,7329180	-23,6456264	3655	0,0274	0,135	6542	4487	2055
L10320	1	-46,7456339	-23,6149639	1637	0,0611	0,135	2637	1931	706
L10323	1	-46,7448452	-23,6511623	3217	0,0311	0,135	5549	3996	1553
L10333	1	-46,7411845	-23,6324928	2557	0,0391	0,135	4483	2941	1542
L10342	1	-46,7280051	-23,6215451	3199	0,0313	0,135	5761	3985	1776
L10496	1	-46,6171064	-23,6170233	2347	0,0426	0,135	4315	2704	1611
L10497	1	-46,6090050	-23,6525822	4417	0,0226	0,135	7225	5438	1787
L10501	1	-46,6131234	-23,6336255	3411	0,0293	0,135	6193	4182	2011
L10504	2	-46,6101359	-23,6467725	2446	0,0818	0,2699	4304	2974	1330
L10508	2	-46,6226811	-23,6322515	4079	0,049	0,2699	7342	5130	2212
L10516	1	-46,6134748	-23,6571470	3833	0,0261	0,135	5910	4608	1302
L10518	1	-46,6185590	-23,6207827	1571	0,0637	0,135	2530	1910	620
L10610	3	-46,4812016	-23,5483731	3878	0,0774	0,4049	6716	5098	1618
L10619	1	-46,4735226	-23,5580480	2559	0,0391	0,135	4469	3296	1173
L10621	2	-46,4798018	-23,5438419	3988	0,0502	0,2699	7410	5062	2348
L10639	1	-46,6668566	-23,6825593	3864	0,0259	0,135	6372	4667	1705
L10652	1	-46,6774173	-23,6820430	4275	0,0234	0,135	7370	5418	1952
L10664	2	-46,6822506	-23,6859937	2727	0,0733	0,2699	4800	3284	1516
L10718	2	-46,5859510	-23,4876316	2245	0,0891	0,2699	4064	2964	1100
L10721	1	-46,5753210	-23,4806909	3112	0,0321	0,135	5709	3924	1785
L10731	1	-46,5732850	-23,4796325	3704	0,027	0,135	7087	4869	2218
L10742	1	-46,4935076	-23,6091331	3091	0,0324	0,135	5399	3979	1420
L10744	3	-46,5101702	-23,6058819	5877	0,051	0,4049	10885	7744	3141
L10747	1	-46,5153124	-23,6258598	2667	0,0375	0,135	4720	3501	1219
L10749	1	-46,5009514	-23,5953008	3234	0,0309	0,135	5657	4320	1337
L10754	1	-46,5130142	-23,6093532	2664	0,0375	0,135	4782	3440	1342
L10756	3	-46,5031776	-23,6019735	4100	0,0732	0,4049	6948	5368	1580
L10758	1	-46,5007848	-23,6042677	3731	0,0268	0,135	6630	4687	1943
L10759	1	-46,5020070	-23,6161748	3261	0,0307	0,135	6105	4125	1980
L10762	1	-46,5016183	-23,6011869	3850	0,026	0,135	6508	4865	1643
L10764	1	-46,4893958	-23,6137160	2190	0,0457	0,135	3625	2783	842
L10765	1	-46,4965013	-23,6166543	3324	0,0301	0,135	6076	4282	1794
L10773	1	-46,6378689	-23,4793297	3726	0,0268	0,135	5957	4473	1484
L10774	2	-46,6386490	-23,4679230	2796	0,0715	0,2699	4464	3356	1108
L10777	1	-46,6334518	-23,4764864	2961	0,0338	0,135	5466	3552	1914
L10781	1	-46,6492631	-23,4694520	4305	0,0232	0,135	7868	5458	2410
L10782	1	-46,6285532	-23,4710309	2053	0,0487	0,135	3411	2494	917
L10789	1	-46,6351309	-23,4713832	3445	0,029	0,135	6308	4270	2038
L10796	1	-46,6434663	-23,4580215	2754	0,0363	0,135	4853	3483	1370
L10798	2	-46,6350691	-23,4720027	1005	0,199	0,2699	1587	1213	374
L10803	1	-46,6313732	-23,4672637	1642	0,0609	0,135	2751	2004	747
