cod_local	QT_VOTOS	longitude	latitude	LOC_VALID	%_LOC_V	%_CAND	QT_APTOS	QT_COMPARECIMENTO	QT_ABSTENCOES
L00004	1	-46,6511260	-23,5652103	5298	0,0189	0,0652	9838	5921	3917
L00006	2	-46,6471893	-23,5496488	4359	0,0459	0,1305	8358	5061	3297
L00007	1	-46,6432717	-23,5529543	1958	0,0511	0,0652	3791	2317	1474
L00009	1	-46,6401698	-23,5538581	823	0,1215	0,0652	1409	943	466
L00010	1	-46,6355899	-23,5623979	2996	0,0334	0,0652	5666	3638	2028
L00012	1	-46,6461964	-23,5700830	3252	0,0308	0,0652	6283	3656	2627
L00013	1	-46,6421456	-23,5572933	2899	0,0345	0,0652	5416	3426	1990
L00014	1	-46,6289218	-23,5548030	2700	0,037	0,0652	5182	3459	1723
L00015	2	-46,6368132	-23,5574886	3591	0,0557	0,1305	7151	4273	2878
L00016	2	-46,6361305	-23,5497845	2669	0,0749	0,1305	5297	3132	2165
L00018	1	-46,6419109	-23,5592168	3389	0,0295	0,0652	7001	3906	3095
L00019	1	-46,6376429	-23,5607300	2664	0,0375	0,0652	5259	3125	2134
L00021	3	-46,6419109	-23,5592168	3437	0,0873	0,1957	6548	4013	2535
L00023	1	-46,6498912	-23,5493645	2834	0,0353	0,0652	4909	3201	1708
L00033	1	-46,6545420	-23,5418060	2940	0,034	0,0652	4562	3313	1249
L00049	1	-46,6806583	-23,5307166	4578	0,0218	0,0652	8065	5186	2879
L00050	1	-46,6531096	-23,5391595	3449	0,029	0,0652	6577	4007	2570
L00060	1	-46,6711550	-23,5381000	10857	0,0092	0,0652	17946	11853	6093
L00068	2	-46,6432775	-23,5262231	2815	0,071	0,1305	5403	3409	1994
L00069	2	-46,6240453	-23,5332439	1765	0,1133	0,1305	3469	2192	1277
L00084	2	-46,5895134	-23,5593568	5301	0,0377	0,1305	8807	6387	2420
L00085	1	-46,5978907	-23,5552089	4372	0,0229	0,0652	8050	5269	2781
L00086	1	-46,6000356	-23,5353560	2856	0,035	0,0652	5171	3468	1703
L00089	2	-46,5902871	-23,5470008	2261	0,0885	0,1305	4286	2820	1466
L00101	3	-46,5902071	-23,5606910	4284	0,07	0,1957	7988	5172	2816
L00106	1	-46,5939719	-23,5375195	4328	0,0231	0,0652	6924	5149	1775
L00109	1	-46,6685837	-23,5678112	2042	0,049	0,0652	3574	2207	1367
L00116	1	-46,6726051	-23,5816669	2385	0,0419	0,0652	4109	2634	1475
L00122	2	-46,6734804	-23,5826449	2473	0,0809	0,1305	4205	2672	1533
L00127	1	-46,6605835	-23,5566944	6318	0,0158	0,0652	11459	6999	4460
L00133	3	-46,6320497	-23,5811282	2750	0,1091	0,1957	4986	3131	1855
L00135	1	-46,6431906	-23,5719338	4487	0,0223	0,0652	7477	5015	2462
L00145	1	-46,6350220	-23,5881065	3012	0,0332	0,0652	5263	3410	1853
L00152	1	-46,6459660	-23,5746810	3017	0,0331	0,0652	4888	3361	1527
L00153	1	-46,6399206	-23,5899717	4323	0,0231	0,0652	6624	4826	1798
L00157	2	-46,6389836	-23,5697573	5176	0,0386	0,1305	8809	5934	2875
L00537	1	-46,7846410	-23,6975287	3599	0,0278	0,0652	6096	4448	1648
L00544	1	-46,7734160	-23,6802425	3538	0,0283	0,0652	6419	4341	2078
L00550	1	-46,7755198	-23,6742186	2704	0,037	0,0652	4775	3448	1327
L05538	1	-46,6809074	-23,6663068	3075	0,0325	0,0652	5073	3651	1422
L05539	2	-46,7155893	-23,6513354	1889	0,1059	0,1305	3179	2190	989
L05540	1	-46,7098940	-23,6536635	1724	0,058	0,0652	3235	2032	1203
L05560	1	-46,4200805	-23,5177469	783	0,1277	0,0652	1422	1053	369
L05570	1	-46,4345329	-23,5094734	3688	0,0271	0,0652	6309	4565	1744
L05573	1	-46,4192720	-23,4963124	2328	0,043	0,0652	4347	2982	1365
L05580	3	-46,4367093	-23,5286893	3428	0,0875	0,1957	6257	4314	1943
L05581	3	-46,4522081	-23,5171617	3935	0,0762	0,1957	6924	5015	1909
L05590	1	-46,4560761	-23,5496358	3285	0,0304	0,0652	6239	4284	1955
L05592	2	-46,4528483	-23,5265608	3373	0,0593	0,1305	6254	4448	1806
L05593	4	-46,4528982	-23,5182408	3494	0,1145	0,2609	6309	4695	1614
L05598	4	-46,4625526	-23,5168760	2035	0,1966	0,2609	3550	2651	899
L05603	2	-46,4430227	-23,5314831	2610	0,0766	0,1305	4621	3404	1217
L05608	1	-46,4565300	-23,5399000	1319	0,0758	0,0652	2270	1658	612
L05610	2	-46,4554689	-23,5282555	6146	0,0325	0,1305	10609	7693	2916
L05611	1	-46,6300964	-23,5033502	2831	0,0353	0,0652	4847	3284	1563
L05614	2	-46,6407233	-23,4948591	1725	0,1159	0,1305	2839	2166	673
L05615	2	-46,6333996	-23,5019647	1282	0,156	0,1305	2094	1527	567
L05616	2	-46,6281182	-23,4912871	3378	0,0592	0,1305	5313	3930	1383
L05618	1	-46,6270210	-23,5057810	1824	0,0548	0,0652	3578	2176	1402
L05621	3	-46,6332236	-23,4899666	5271	0,0569	0,1957	8744	6129	2615
L05624	3	-46,6161131	-23,5004170	2563	0,1171	0,1957	4896	3055	1841
L05629	1	-46,6242804	-23,4770119	2556	0,0391	0,0652	4643	3161	1482
L05631	1	-46,6446670	-23,4910726	1627	0,0615	0,0652	3161	2027	1134
L05633	1	-46,6227676	-23,4899879	1740	0,0575	0,0652	3090	2057	1033
L05634	1	-46,6264580	-23,4818440	1908	0,0524	0,0652	3707	2335	1372
L05638	1	-46,6330906	-23,4915684	3666	0,0273	0,0652	6121	4251	1870
L05639	1	-46,6239120	-23,4891654	1527	0,0655	0,0652	2617	1818	799
L05644	3	-46,7293968	-23,5276493	3559	0,0843	0,1957	5915	4024	1891
L05646	1	-46,7000457	-23,5224777	2592	0,0386	0,0652	4343	2970	1373
L05649	1	-46,7178181	-23,5361638	1874	0,0534	0,0652	2784	2102	682
L05650	2	-46,7098479	-23,5204991	2248	0,089	0,1305	3855	2539	1316
L05653	1	-46,7091294	-23,5350839	1807	0,0553	0,0652	3207	2079	1128
L05657	1	-46,6883851	-23,5246954	2280	0,0439	0,0652	3964	2619	1345
L05660	1	-46,7231084	-23,5262770	2294	0,0436	0,0652	3992	2673	1319
L05666	2	-46,7036723	-23,5400795	2096	0,0954	0,1305	3593	2404	1189
L05667	2	-46,6875289	-23,5240849	2857	0,07	0,1305	4734	3347	1387
L05670	1	-46,7041160	-23,5315757	2953	0,0339	0,0652	5089	3434	1655
L05681	1	-46,6949470	-23,5283220	1938	0,0516	0,0652	3100	2183	917
L05684	1	-46,7467587	-23,5136239	575	0,1739	0,0652	907	713	194
L05686	1	-46,7064510	-23,5301730	1194	0,0838	0,0652	1873	1372	501
L05690	1	-46,7375360	-23,4985190	1175	0,0851	0,0652	1781	1384	397
L05706	1	-46,6827388	-23,5501422	2508	0,0399	0,0652	4043	2732	1311
L05709	1	-46,6896173	-23,5508030	2889	0,0346	0,0652	4742	3138	1604
L05723	1	-46,5331739	-23,5220975	2306	0,0434	0,0652	3823	2837	986
L05733	2	-46,5480210	-23,5212900	2116	0,0945	0,1305	4002	2723	1279
L05742	4	-46,5211173	-23,5214041	2853	0,1402	0,2609	5266	3603	1663
L05746	1	-46,5505175	-23,5250578	1516	0,066	0,0652	2837	1855	982
L05752	1	-46,5494401	-23,5441268	4128	0,0242	0,0652	7403	5019	2384
L05755	1	-46,5179584	-23,5638358	3205	0,0312	0,0652	5295	4046	1249
L05756	1	-46,5564250	-23,5331500	2613	0,0383	0,0652	4568	3155	1413
L05757	1	-46,5403970	-23,5459183	2015	0,0496	0,0652	3549	2496	1053
L05760	2	-46,4984532	-23,5847269	4733	0,0423	0,1305	8851	6109	2742
L05763	1	-46,5178296	-23,5802614	2728	0,0367	0,0652	4620	3507	1113
L05766	2	-46,5138214	-23,5842903	1916	0,1044	0,1305	3190	2507	683
L05781	1	-46,5589094	-23,5412357	2005	0,0499	0,0652	3920	2483	1437
L05786	1	-46,5327843	-23,5461447	1839	0,0544	0,0652	3271	2275	996
L05792	1	-46,5620492	-23,5418287	1124	0,089	0,0652	1793	1351	442
L05796	1	-46,5581932	-23,5503944	4508	0,0222	0,0652	6964	5342	1622
L05797	1	-46,5602785	-23,5363132	5811	0,0172	0,0652	9848	6857	2991
L05798	2	-46,5834851	-23,5000601	913	0,2191	0,1305	1615	1122	493
L05800	6	-46,6048519	-23,5043234	2579	0,2326	0,3914	4629	3241	1388
L05801	3	-46,5968739	-23,5084251	2820	0,1064	0,1957	5313	3529	1784
L05802	1	-46,6013419	-23,5076564	3312	0,0302	0,0652	6027	4063	1964
L05804	6	-46,5729009	-23,5009851	2656	0,2259	0,3914	4990	3348	1642
L05806	4	-46,5685781	-23,5119963	4184	0,0956	0,2609	7823	5387	2436
L05807	5	-46,5779360	-23,5053673	3549	0,1409	0,3262	6465	4410	2055
L05808	2	-46,5892786	-23,5184715	2964	0,0675	0,1305	5799	3706	2093
L05810	2	-46,5928674	-23,5005803	3037	0,0659	0,1305	5514	3674	1840
L05811	1	-46,5847966	-23,5140241	2439	0,041	0,0652	4518	2999	1519
L05812	1	-46,5733059	-23,5126116	2290	0,0437	0,0652	4034	2934	1100
L05815	4	-46,5904721	-23,5159874	2393	0,1672	0,2609	4362	2917	1445
L05816	6	-46,5824545	-23,5151915	4574	0,1312	0,3914	8444	5563	2881
L05817	2	-46,6117405	-23,5017844	2739	0,073	0,1305	5039	3341	1698
L05818	4	-46,5907052	-23,5016081	2983	0,1341	0,2609	5429	3613	1816
L05819	1	-46,5825547	-23,5256742	2853	0,0351	0,0652	5154	3537	1617
L05820	2	-46,5663467	-23,5211065	3363	0,0595	0,1305	6296	4358	1938
L05821	1	-46,5830638	-23,5000382	2451	0,0408	0,0652	4154	2865	1289
L05822	1	-46,5755961	-23,5193541	2191	0,0456	0,0652	3907	2794	1113
L05823	5	-46,5847505	-23,5062429	2469	0,2025	0,3262	4405	3039	1366
L05830	1	-46,5830638	-23,5000382	567	0,1764	0,0652	1125	688	437
L05832	2	-46,5754788	-23,5000239	1037	0,1929	0,1305	1570	1248	322
L05833	1	-46,6239380	-23,5087000	1035	0,0966	0,0652	1958	1312	646
L05838	2	-46,5930563	-23,5195686	3761	0,0532	0,1305	6624	4656	1968
L05839	2	-46,6096818	-23,5128587	1440	0,1389	0,1305	2550	1813	737
L05840	1	-46,6572517	-23,5114641	1179	0,0848	0,0652	1961	1422	539
L05843	1	-46,6732228	-23,5017435	1901	0,0526	0,0652	3104	2323	781
L05844	2	-46,6552440	-23,4837840	4064	0,0492	0,1305	6975	5136	1839
L05845	2	-46,6748489	-23,4996347	2821	0,0709	0,1305	4345	3361	984
L05846	3	-46,6811823	-23,4913790	3097	0,0969	0,1957	5454	4068	1386
L05848	1	-46,6506305	-23,5026837	3720	0,0269	0,0652	6771	4492	2279
L05850	1	-46,6672729	-23,4955761	2587	0,0387	0,0652	4487	3234	1253
L05853	1	-46,6576552	-23,4676225	2016	0,0496	0,0652	3658	2494	1164
L05854	3	-46,6559225	-23,4706050	3589	0,0836	0,1957	6533	4491	2042
L05856	2	-46,6576980	-23,5105636	3626	0,0552	0,1305	6816	4472	2344
L05857	1	-46,6610100	-23,4937600	3204	0,0312	0,0652	6028	4077	1951
L05860	1	-46,6806536	-23,4985927	2933	0,0341	0,0652	5335	3608	1727
L05861	1	-46,6633902	-23,4700233	2413	0,0414	0,0652	4175	2930	1245
L05862	1	-46,6805862	-23,5028507	5531	0,0181	0,0652	9763	6800	2963
L05864	1	-46,6729030	-23,5109220	2299	0,0435	0,0652	4247	2858	1389
L05866	1	-46,6545707	-23,4916062	2697	0,0371	0,0652	4880	3285	1595
L05869	2	-46,6506816	-23,5123597	1285	0,1556	0,1305	2257	1556	701
L05872	1	-46,6618430	-23,4656280	2879	0,0347	0,0652	4826	3497	1329
L05873	1	-46,6545485	-23,4716736	1878	0,0532	0,0652	2977	2288	689
L05876	2	-46,6599580	-23,5051240	2430	0,0823	0,1305	4034	2954	1080
L05877	1	-46,6612422	-23,4986956	1596	0,0627	0,0652	2824	1983	841
L05882	3	-46,6215526	-23,4621730	2370	0,1266	0,1957	3968	2787	1181
L05883	1	-46,6071629	-23,4804948	2403	0,0416	0,0652	4353	2845	1508
L05884	1	-46,6024410	-23,4546385	2320	0,0431	0,0652	3954	2867	1087
L05885	5	-46,6064554	-23,4772146	3669	0,1363	0,3262	6325	4434	1891
L05886	11	-46,5974438	-23,4545847	4312	0,2551	0,7175	8140	5407	2733
L05887	6	-46,6220405	-23,4613396	2348	0,2555	0,3914	4444	2795	1649
L05888	3	-46,5855959	-23,4389881	3768	0,0796	0,1957	6719	4916	1803
L05889	2	-46,6306396	-23,4568482	2624	0,0762	0,1305	4737	3252	1485
L05890	7	-46,6048373	-23,4642332	3719	0,1882	0,4566	6880	4577	2303
L05891	1	-46,5884421	-23,4440711	2609	0,0383	0,0652	4730	3437	1293
L05893	3	-46,5880090	-23,4446471	973	0,3083	0,1957	1866	1339	527
L05894	1	-46,6064995	-23,4765109	1719	0,0582	0,0652	2945	2156	789
L05895	5	-46,5968505	-23,4651601	3059	0,1635	0,3262	5869	3863	2006
L05896	4	-46,6110245	-23,4484688	2156	0,1855	0,2609	3544	2609	935
L05897	11	-46,5851276	-23,4502408	3003	0,3663	0,7175	5429	3962	1467
L05898	3	-46,6085609	-23,4656759	1854	0,1618	0,1957	3105	2277	828
L05899	3	-46,6056454	-23,4658408	3170	0,0946	0,1957	5858	3789	2069
L05900	1	-46,5803132	-23,4357702	2733	0,0366	0,0652	5108	3666	1442
L05902	9	-46,5890824	-23,4546164	3266	0,2756	0,5871	5800	4185	1615
L05903	7	-46,5972378	-23,4563706	2628	0,2664	0,4566	4890	3280	1610
L05904	5	-46,6195870	-23,4540240	1890	0,2646	0,3262	3278	2265	1013
L05905	5	-46,5872324	-23,4196031	2830	0,1767	0,3262	5422	3879	1543
L05906	1	-46,6048700	-23,4811680	2460	0,0407	0,0652	4808	3065	1743
L05907	2	-46,5829070	-23,4282440	1990	0,1005	0,1305	3589	2685	904
L05908	2	-46,5774727	-23,4379629	2559	0,0782	0,1305	4721	3325	1396
L05909	3	-46,5745264	-23,4316764	1629	0,1842	0,1957	3155	2181	974
L05910	3	-46,6108766	-23,4549274	2539	0,1182	0,1957	4480	2999	1481
L05911	2	-46,5953507	-23,4480324	2669	0,0749	0,1305	4700	3478	1222
L05913	9	-46,6248203	-23,4576182	3097	0,2906	0,5871	5869	3776	2093
L05914	2	-46,6046269	-23,4577565	2417	0,0827	0,1305	4627	3016	1611
L05915	1	-46,6095277	-23,4493251	985	0,1015	0,0652	1561	1165	396
L05916	2	-46,5772676	-23,4381432	1120	0,1786	0,1305	1985	1453	532
L05918	4	-46,6002385	-23,4553201	665	0,6015	0,2609	1114	830	284
L05919	1	-46,6120305	-23,4757531	1300	0,0769	0,0652	2166	1565	601
L05928	2	-46,5582100	-23,5739759	2347	0,0852	0,1305	4461	2967	1494
L05939	1	-46,5882111	-23,5851502	2486	0,0402	0,0652	4230	2908	1322
L05942	1	-46,5766081	-23,5796376	2512	0,0398	0,0652	4766	3082	1684
L05947	1	-46,5795917	-23,5926018	3241	0,0309	0,0652	5895	4000	1895
L05952	1	-46,5523937	-23,5873869	2979	0,0336	0,0652	5466	3759	1707
L05971	4	-46,6565440	-23,6161400	2071	0,1931	0,2609	3277	2385	892
L05986	1	-46,6440222	-23,6209368	2009	0,0498	0,0652	3782	2326	1456
L06002	1	-46,6235160	-23,6123380	3568	0,028	0,0652	6002	4132	1870
L06003	1	-46,6214935	-23,6221583	2425	0,0412	0,0652	3862	2803	1059
L06006	1	-46,6360133	-23,6258929	2395	0,0418	0,0652	4157	2791	1366
L06009	1	-46,6344182	-23,5944514	2798	0,0357	0,0652	4833	3210	1623
L06011	2	-46,6255542	-23,6092089	2648	0,0755	0,1305	4891	3146	1745
L06012	2	-46,6319660	-23,6059990	2471	0,0809	0,1305	4092	2850	1242
L06014	1	-46,6273692	-23,6096467	1882	0,0531	0,0652	3682	2300	1382
L06015	1	-46,6448925	-23,6100010	2447	0,0409	0,0652	4269	2836	1433
L06016	1	-46,6492475	-23,5982808	2316	0,0432	0,0652	4108	2664	1444
L06017	1	-46,6348198	-23,6125399	2346	0,0426	0,0652	4142	2720	1422
L06019	2	-46,6449004	-23,6103211	2557	0,0782	0,1305	4643	2988	1655
L06020	1	-46,6201994	-23,6074833	1448	0,0691	0,0652	2183	1677	506
L06022	1	-46,6399802	-23,6207015	7560	0,0132	0,0652	11823	8719	3104
L06023	1	-46,6389150	-23,6157370	2881	0,0347	0,0652	4965	3266	1699
L06026	1	-46,6383254	-23,5955707	3315	0,0302	0,0652	5603	3692	1911
L06030	2	-46,6079927	-23,5824240	1637	0,1222	0,1305	2785	1978	807
L06032	1	-46,6120690	-23,5882350	2927	0,0342	0,0652	5450	3505	1945
L06033	1	-46,6024192	-23,6158702	2415	0,0414	0,0652	4140	2950	1190
L06037	1	-46,6027120	-23,6151290	1762	0,0568	0,0652	3240	2071	1169
L06046	1	-46,5830025	-23,6226329	2716	0,0368	0,0652	4830	3455	1375
L06047	1	-46,5866191	-23,6277500	3027	0,033	0,0652	5754	3872	1882
L06051	2	-46,6031399	-23,6063806	3228	0,062	0,1305	5899	4148	1751
L06053	2	-46,6021325	-23,6063749	1386	0,1443	0,1305	2568	1713	855
L06054	1	-46,6080780	-23,6028560	3098	0,0323	0,0652	5810	3763	2047
L06061	2	-46,5809811	-23,6100573	2017	0,0992	0,1305	3626	2610	1016
L06062	2	-46,5863383	-23,6186398	3309	0,0604	0,1305	5473	4075	1398
L06666	1	-46,7147308	-23,6702428	2788	0,0359	0,0652	5109	3374	1735
L06668	1	-46,7079679	-23,7294845	5089	0,0197	0,0652	8445	6409	2036
L06669	1	-46,6865884	-23,7095906	3707	0,027	0,0652	6138	4679	1459
L06680	1	-46,7011093	-23,7188128	4508	0,0222	0,0652	7833	5525	2308
L06692	1	-46,6859467	-23,7227536	1183	0,0845	0,0652	1917	1485	432
L06698	1	-46,7036392	-23,6912906	1005	0,0995	0,0652	1575	1209	366
L07575	3	-46,6365200	-23,6320743	4017	0,0747	0,1957	7103	4799	2304
L07576	1	-46,6349642	-23,6431290	2278	0,0439	0,0652	4207	2702	1505
L07579	3	-46,6444998	-23,6334867	4067	0,0738	0,1957	7242	4778	2464
L07581	3	-46,6363601	-23,6810716	3028	0,0991	0,1957	5287	3909	1378
L07584	2	-46,6320328	-23,6429320	2322	0,0861	0,1305	3693	2812	881
L07585	2	-46,6489412	-23,6630793	4484	0,0446	0,1305	7661	5544	2117
L07588	1	-46,6585002	-23,6601214	4100	0,0244	0,0652	7296	5008	2288
L07592	2	-46,6354223	-23,6496780	2351	0,0851	0,1305	4295	2944	1351
L07598	1	-46,6392154	-23,6408466	3709	0,027	0,0652	6533	4338	2195
L07599	1	-46,6460240	-23,6525414	3198	0,0313	0,0652	5298	3899	1399
L07661	1	-46,7108413	-23,4971928	1645	0,0608	0,0652	2799	2020	779
L07664	1	-46,7296043	-23,4932746	3302	0,0303	0,0652	5686	4020	1666
L07666	2	-46,7187075	-23,4795423	4684	0,0427	0,1305	9004	6008	2996
L07679	1	-46,7399355	-23,4854976	1669	0,0599	0,0652	2714	2024	690
L07696	1	-46,4669867	-23,4900232	2210	0,0452	0,0652	3851	2948	903
L07718	1	-46,6987243	-23,4958644	1305	0,0766	0,0652	2151	1595	556
L07719	1	-46,7107558	-23,4817647	814	0,1229	0,0652	1337	1027	310
L07721	5	-46,7021950	-23,4842550	3320	0,1506	0,3262	6150	4149	2001
L07722	2	-46,7100048	-23,4798680	2502	0,0799	0,1305	4590	3267	1323
L07727	1	-46,6972109	-23,4923489	2499	0,04	0,0652	4705	3018	1687
L07728	1	-46,6928374	-23,5037339	1919	0,0521	0,0652	3660	2388	1272
L07731	1	-46,6997557	-23,4958002	3556	0,0281	0,0652	6178	4337	1841
L07733	1	-46,7048817	-23,4913894	2387	0,0419	0,0652	4271	2986	1285
L07734	1	-46,7077799	-23,4872710	2185	0,0458	0,0652	3723	2810	913
L07739	1	-46,7128806	-23,4857983	3106	0,0322	0,0652	5261	3930	1331
L07742	2	-46,7004116	-23,5041947	1512	0,1323	0,1305	2764	1873	891
L07747	2	-46,6864477	-23,4984882	854	0,2342	0,1305	1465	1082	383
L07748	4	-46,7035579	-23,4832109	1227	0,326	0,2609	2074	1563	511
L07764	1	-46,7625103	-23,6349197	3815	0,0262	0,0652	6862	4883	1979
L08195	2	-46,7277361	-23,6045363	3437	0,0582	0,1305	5923	4007	1916
L08208	1	-46,7358364	-23,5961852	2323	0,043	0,0652	3857	2793	1064
L08209	1	-46,7308370	-23,5944510	2715	0,0368	0,0652	4573	3264	1309
L08212	1	-46,7546852	-23,5949824	2625	0,0381	0,0652	4694	3368	1326
L08213	1	-46,7052007	-23,6074205	2725	0,0367	0,0652	4343	3206	1137
L08223	1	-46,5031002	-23,5704138	1840	0,0543	0,0652	3025	2358	667
L08235	2	-46,4958682	-23,5663286	2328	0,0859	0,1305	4095	3031	1064
L08236	1	-46,4990570	-23,5735096	2833	0,0353	0,0652	4657	3582	1075
L08237	1	-46,5212577	-23,5434956	2878	0,0347	0,0652	5496	3656	1840
L08241	2	-46,4913846	-23,5478378	2076	0,0963	0,1305	3674	2778	896
L08244	1	-46,4849359	-23,5443559	2408	0,0415	0,0652	4352	3219	1133
L08245	1	-46,4984607	-23,5625811	3684	0,0271	0,0652	6646	4873	1773
L08247	2	-46,4906529	-23,5403308	4098	0,0488	0,1305	7785	5311	2474
L08252	3	-46,4996257	-23,5474295	2491	0,1204	0,1957	4201	3182	1019
L08260	2	-46,5041450	-23,5368140	2070	0,0966	0,1305	3558	2654	904
L08265	1	-46,5251630	-23,5338233	5108	0,0196	0,0652	9329	6208	3121
L08270	1	-46,5267515	-23,5750205	769	0,13	0,0652	1358	1007	351
L08274	1	-46,5439614	-23,5676780	2439	0,041	0,0652	5027	3105	1922
L08279	2	-46,5397986	-23,5751068	3183	0,0628	0,1305	5939	4067	1872
L08292	11	-46,5847312	-23,4571192	1974	0,5572	0,7175	3768	2560	1208
L08293	2	-46,6083813	-23,4903083	2174	0,092	0,1305	3215	2572	643
L08294	2	-46,5977750	-23,4858511	966	0,207	0,1305	1572	1230	342
L08295	2	-46,5903643	-23,4794354	1163	0,172	0,1305	1836	1454	382
L08296	10	-46,5867358	-23,4804731	3045	0,3284	0,6523	5362	3770	1592
L08297	6	-46,5922270	-23,4778802	3114	0,1927	0,3914	5691	3862	1829
L08298	4	-46,5964456	-23,4816480	2676	0,1495	0,2609	5140	3366	1774
L08299	5	-46,5792804	-23,4590009	1688	0,2962	0,3262	3422	2181	1241
L08300	10	-46,5778738	-23,4504834	1879	0,5322	0,6523	3503	2489	1014
L08301	64	-46,5806496	-23,4548081	4543	1,4088	4,1748	8491	6011	2480
L08302	7	-46,5835571	-23,4654238	2768	0,2529	0,4566	5668	3556	2112
L08303	9	-46,5951874	-23,4707467	2344	0,384	0,5871	4346	2893	1453
L08304	8	-46,5865198	-23,4701787	2754	0,2905	0,5219	5084	3408	1676
L08305	14	-46,5732891	-23,4514774	4266	0,3282	0,9132	8509	5988	2521
L08306	15	-46,5810523	-23,4735563	1953	0,768	0,9785	3282	2468	814
L08307	23	-46,5775231	-23,4668711	3245	0,7088	1,5003	6063	4171	1892
L08308	27	-46,5845419	-23,4570823	3848	0,7017	1,7613	7444	5062	2382
L08309	4	-46,5870109	-23,4731635	2255	0,1774	0,2609	4250	2778	1472
L08310	2	-46,5695747	-23,4643168	1609	0,1243	0,1305	2951	2225	726
L08311	24	-46,5815415	-23,4752510	2413	0,9946	1,5656	4364	2919	1445
L08312	19	-46,5846950	-23,4614040	3278	0,5796	1,2394	6142	4077	2065
L08313	2	-46,5922900	-23,4849578	1618	0,1236	0,1305	3176	1990	1186
L08314	1	-46,6000523	-23,4896398	3153	0,0317	0,0652	5703	3872	1831
L08315	3	-46,5745111	-23,4595761	955	0,3141	0,1957	1762	1337	425
L08316	7	-46,5765464	-23,4500907	995	0,7035	0,4566	1852	1370	482
L08318	1	-46,5839255	-23,4646554	989	0,1011	0,0652	1750	1236	514
L08320	15	-46,5866345	-23,4663679	2991	0,5015	0,9785	5086	3758	1328
L08321	5	-46,6023221	-23,4823452	4184	0,1195	0,3262	7555	5096	2459
L08325	1	-46,5316668	-23,6073717	2872	0,0348	0,0652	5114	3787	1327
L08333	1	-46,5151342	-23,5886563	3403	0,0294	0,0652	6060	4434	1626
L08337	2	-46,5124860	-23,5891800	2899	0,069	0,1305	5040	3740	1300
L08338	1	-46,5148744	-23,5961389	3454	0,029	0,0652	6476	4342	2134
L08340	1	-46,5365552	-23,5957785	3050	0,0328	0,0652	5865	3909	1956
L08351	1	-46,5255369	-23,5976545	4099	0,0244	0,0652	7280	5240	2040
L08352	1	-46,6695961	-23,6608635	1635	0,0612	0,0652	2532	1947	585
L08364	1	-46,6666281	-23,6643337	2350	0,0426	0,0652	4231	2884	1347
L08370	2	-46,6619825	-23,6713695	2545	0,0786	0,1305	4510	3118	1392
L08378	1	-46,4008120	-23,4977007	1709	0,0585	0,0652	3255	2338	917
L08381	1	-46,3943443	-23,5046166	3160	0,0316	0,0652	5695	4002	1693
L08389	1	-46,3884186	-23,5122760	2336	0,0428	0,0652	4350	3214	1136
L08394	1	-46,3870301	-23,4964237	3348	0,0299	0,0652	5936	4200	1736
L08396	1	-46,3830556	-23,4914097	2865	0,0349	0,0652	5005	3783	1222
L08398	3	-46,4040381	-23,5003398	2632	0,114	0,1957	4564	3375	1189
L08427	1	-46,4213722	-23,5297891	4764	0,021	0,0652	7765	5959	1806
L08428	1	-46,3882687	-23,5454378	2086	0,0479	0,0652	3720	2817	903
L08435	1	-46,4142302	-23,5447436	2123	0,0471	0,0652	4075	2620	1455
L08439	1	-46,4207673	-23,5460751	2866	0,0349	0,0652	5637	3838	1799
L08443	1	-46,4155334	-23,5455554	1247	0,0802	0,0652	2181	1603	578
L08446	2	-46,4185555	-23,5307546	2258	0,0886	0,1305	4003	2970	1033
L08453	2	-46,4234233	-23,5381049	2084	0,096	0,1305	3936	2769	1167
L08460	1	-46,4151119	-23,5465924	925	0,1081	0,0652	1672	1159	513
L08848	1	-46,6708362	-23,7427238	3254	0,0307	0,0652	5197	4056	1141
L08850	1	-46,6964318	-23,7396716	3205	0,0312	0,0652	5411	4075	1336
L08860	1	-46,6895040	-23,7350676	2726	0,0367	0,0652	4411	3424	987
L08876	1	-46,6681724	-23,7475017	2547	0,0393	0,0652	4140	3222	918
L08897	1	-46,7579085	-23,6866996	1823	0,0549	0,0652	3092	2340	752
L08902	1	-46,7420691	-23,6929780	3706	0,027	0,0652	6165	4741	1424
L08904	1	-46,7658122	-23,6917667	2592	0,0386	0,0652	4485	3296	1189
L08908	1	-46,7789630	-23,7147600	3404	0,0294	0,0652	5872	4422	1450
L08909	2	-46,7343899	-23,6780392	4253	0,047	0,1305	6926	5231	1695
L08913	1	-46,7553528	-23,6757960	3255	0,0307	0,0652	5943	4082	1861
L08922	2	-46,7486749	-23,6678597	2396	0,0835	0,1305	3958	3033	925
L08949	2	-46,7514131	-23,6635812	2498	0,0801	0,1305	4346	3049	1297
L08969	1	-46,7387859	-23,5794283	2272	0,044	0,0652	3703	2689	1014
L08970	2	-46,7496719	-23,5825103	2692	0,0743	0,1305	4652	3312	1340
L08972	1	-46,7892721	-23,6004866	3302	0,0303	0,0652	5905	4260	1645
L08975	1	-46,7386988	-23,5779575	1738	0,0575	0,0652	2783	2052	731
L08982	4	-46,7512554	-23,5452190	2973	0,1345	0,2609	5291	3603	1688
L08983	1	-46,7950827	-23,6026719	3496	0,0286	0,0652	6021	4411	1610
L08984	1	-46,7484555	-23,5435228	2932	0,0341	0,0652	5430	3759	1671
L08986	1	-46,7497980	-23,5823512	2155	0,0464	0,0652	3952	2665	1287
L08987	2	-46,7591098	-23,5417165	2410	0,083	0,1305	4045	2988	1057
L08992	3	-46,7930101	-23,5823718	1863	0,161	0,1957	3504	2473	1031
L08994	3	-46,7816430	-23,5898970	4658	0,0644	0,1957	8134	5717	2417
L08995	1	-46,7651750	-23,5677029	1499	0,0667	0,0652	2613	1892	721
L08997	1	-46,7980731	-23,5944710	1381	0,0724	0,0652	2493	1727	766
L08998	1	-46,7616411	-23,5738108	3264	0,0306	0,0652	5781	3909	1872
L08999	1	-46,7748594	-23,5743052	2796	0,0358	0,0652	5077	3810	1267
L09000	1	-46,7292351	-23,5745661	3100	0,0323	0,0652	5436	3579	1857
L09002	2	-46,7911802	-23,5945477	2463	0,0812	0,1305	4395	2990	1405
L09005	1	-46,7525361	-23,5755947	2603	0,0384	0,0652	4580	3179	1401
L09013	1	-46,7909036	-23,5841478	1364	0,0733	0,0652	2357	1795	562
L09020	2	-46,7515200	-23,5447730	1016	0,1969	0,1305	1828	1298	530
L09025	3	-46,7904907	-23,5952751	1505	0,1993	0,1957	2487	1890	597
L09030	4	-46,7523220	-23,5457302	936	0,4274	0,2609	1788	1263	525
L09033	1	-46,7356399	-23,5512016	1927	0,0519	0,0652	3298	2406	892
L09034	1	-46,7138143	-23,5687160	6650	0,015	0,0652	11871	7672	4199
L09045	1	-46,4515686	-23,6112921	2639	0,0379	0,0652	4345	3304	1041
L09051	1	-46,4517184	-23,6021242	3466	0,0289	0,0652	6290	4630	1660
L09061	1	-46,4681630	-23,6266932	2245	0,0445	0,0652	4236	3031	1205
L09078	1	-46,4574058	-23,6320001	2934	0,0341	0,0652	5182	3779	1403
L09080	1	-46,4532396	-23,6020534	2820	0,0355	0,0652	4742	3542	1200
L09094	2	-46,7117310	-23,4620560	3852	0,0519	0,1305	7063	5062	2001
L09097	1	-46,6833436	-23,4716951	3420	0,0292	0,0652	6292	4301	1991
L09099	3	-46,6998285	-23,4605103	2820	0,1064	0,1957	4930	3583	1347
L09100	2	-46,6986546	-23,4803642	3036	0,0659	0,1305	5415	3789	1626
L09101	5	-46,6966832	-23,4469548	4193	0,1192	0,3262	7420	5285	2135
L09102	8	-46,6877814	-23,4600022	3235	0,2473	0,5219	5834	4249	1585
L09105	3	-46,6983080	-23,4693623	4632	0,0648	0,1957	8469	5835	2634
L09106	1	-46,7001172	-23,4558324	1378	0,0726	0,0652	2670	1869	801
L09108	4	-46,6874952	-23,4598553	1493	0,2679	0,2609	2681	1920	761
L09109	1	-46,7072163	-23,4599973	3074	0,0325	0,0652	5299	3983	1316
L09110	1	-46,6932484	-23,4764397	3726	0,0268	0,0652	6985	4801	2184
L09111	1	-46,6780978	-23,4504874	2994	0,0334	0,0652	5456	3938	1518
L09112	1	-46,6975146	-23,4687553	3273	0,0306	0,0652	6109	4041	2068
L09113	5	-46,6882642	-23,4736711	3556	0,1406	0,3262	6282	4605	1677
L09115	1	-46,7003948	-23,4748538	1533	0,0652	0,0652	2655	1984	671
L09117	3	-46,7020440	-23,4580940	3715	0,0808	0,1957	6828	4901	1927
L09118	3	-46,6795279	-23,4641832	7883	0,0381	0,1957	15183	10348	4835
L09119	2	-46,6862656	-23,4703417	2113	0,0947	0,1305	4014	2752	1262
L09120	1	-46,7026753	-23,4471028	1959	0,051	0,0652	3520	2602	918
L09121	1	-46,6774616	-23,4736278	2374	0,0421	0,0652	4175	3125	1050
L09122	1	-46,6856934	-23,4537721	134	0,7463	0,0652	270	172	98
L09123	2	-46,6775348	-23,4595275	3138	0,0637	0,1305	5462	4143	1319
L09124	1	-46,6736651	-23,4709745	2675	0,0374	0,0652	4617	3454	1163
L09125	1	-46,6906963	-23,4692644	2790	0,0358	0,0652	5131	3574	1557
L09126	2	-46,6908864	-23,4686604	3640	0,0549	0,1305	6924	4603	2321
L09127	4	-46,6881097	-23,4507951	3748	0,1067	0,2609	6670	4918	1752
L09128	1	-46,6783972	-23,4823657	2002	0,05	0,0652	3343	2538	805
L09129	3	-46,6940812	-23,4585925	3967	0,0756	0,1957	6922	5126	1796
L09131	3	-46,6897540	-23,4625830	1174	0,2555	0,1957	2058	1546	512
L09132	2	-46,6750425	-23,4517869	1995	0,1003	0,1305	3463	2543	920
L09134	1	-46,6848409	-23,4554709	3273	0,0306	0,0652	5723	4296	1427
L09137	1	-46,6974031	-23,4623180	3119	0,0321	0,0652	5897	3958	1939
L09138	1	-46,6809709	-23,4669256	2642	0,0379	0,0652	4579	3416	1163
L09139	1	-46,6817321	-23,4657822	721	0,1387	0,0652	1209	945	264
L09140	2	-46,6847958	-23,4501963	1360	0,1471	0,1305	2370	1722	648
L09142	2	-46,6871539	-23,4821017	1630	0,1227	0,1305	2758	2043	715
L09146	1	-46,6902385	-23,4621836	572	0,1748	0,0652	1001	722	279
L09327	1	-46,7068713	-23,8607984	3425	0,0292	0,0652	5439	4161	1278
L09343	1	-46,6900236	-23,7830902	3546	0,0282	0,0652	5915	4466	1449
L09345	1	-46,7226984	-23,7765320	3746	0,0267	0,0652	6480	4713	1767
L09353	1	-46,7400817	-23,8783745	1743	0,0574	0,0652	3113	2365	748
L09365	2	-46,7247768	-23,8302856	2009	0,0996	0,1305	3395	2519	876
L09375	1	-46,7273286	-23,8287482	1211	0,0826	0,0652	1981	1489	492
L09377	1	-46,7365620	-23,7988400	2015	0,0496	0,0652	3368	2542	826
L09644	1	-46,7595246	-23,4046073	6764	0,0148	0,0652	12622	8645	3977
L09645	3	-46,7119327	-23,4419746	3269	0,0918	0,1957	5682	4161	1521
L09646	1	-46,7549560	-23,4068430	2871	0,0348	0,0652	5297	3589	1708
L09650	1	-46,7167070	-23,4450305	2708	0,0369	0,0652	4712	3446	1266
L09659	1	-46,7160862	-23,4514401	2588	0,0386	0,0652	4894	3251	1643
L09668	1	-46,7091840	-23,4464830	1307	0,0765	0,0652	2147	1657	490
L09683	1	-46,7943213	-23,4324396	3095	0,0323	0,0652	4938	3901	1037
L09684	1	-46,7449950	-23,4008390	1788	0,0559	0,0652	3003	2296	707
L09687	2	-46,7169255	-23,4553166	2697	0,0742	0,1305	4650	3488	1162
L09688	1	-46,7166746	-23,4347728	1683	0,0594	0,0652	2857	2153	704
L09701	1	-46,5067684	-23,5021411	4523	0,0221	0,0652	8238	6120	2118
L09716	1	-46,5307769	-23,5112782	2975	0,0336	0,0652	5262	3745	1517
L09721	1	-46,5168781	-23,5117373	706	0,1416	0,0652	1241	933	308
L09753	1	-46,4717218	-23,5340019	1145	0,0873	0,0652	1944	1432	512
L09756	1	-46,5035712	-23,5158497	3180	0,0314	0,0652	5593	4105	1488
L09762	1	-46,4813689	-23,5374258	3181	0,0314	0,0652	5713	4094	1619
L09764	1	-46,4678340	-23,5355610	3575	0,028	0,0652	6685	4497	2188
L09766	3	-46,4880409	-23,5223342	3475	0,0863	0,1957	6125	4652	1473
L09767	1	-46,5095837	-23,5191133	2136	0,0468	0,0652	3746	2741	1005
L09776	1	-46,4755638	-23,5306278	1099	0,091	0,0652	1825	1398	427
L09782	1	-46,5030330	-23,5134156	1288	0,0776	0,0652	2007	1602	405
L09783	2	-46,4752420	-23,5235190	4447	0,045	0,1305	7421	5633	1788
L09927	1	-46,4105791	-23,5212702	3639	0,0275	0,0652	6418	4656	1762
L09929	1	-46,4136703	-23,4837091	3959	0,0253	0,0652	6588	5137	1451
L09931	3	-46,4248518	-23,4746436	3594	0,0835	0,1957	5847	4535	1312
L09934	1	-46,4079760	-23,4926871	4280	0,0234	0,0652	7364	5388	1976
L09936	1	-46,4103530	-23,5225647	2103	0,0476	0,0652	3821	2877	944
L09937	1	-46,4180284	-23,4905184	3021	0,0331	0,0652	5041	3920	1121
L09944	1	-46,4089885	-23,5099210	2792	0,0358	0,0652	4837	3753	1084
L09951	1	-46,4265698	-23,4780423	1572	0,0636	0,0652	2602	2034	568
L09952	1	-46,4147903	-23,4834509	2133	0,0469	0,0652	3499	2769	730
L09953	1	-46,4731140	-23,5114910	2130	0,0469	0,0652	3810	2793	1017
L09956	3	-46,4586839	-23,5113158	2441	0,1229	0,1957	4199	3148	1051
L09959	2	-46,4626811	-23,5121755	2874	0,0696	0,1305	5221	3497	1724
L09963	1	-46,4697092	-23,5174500	2760	0,0362	0,0652	4709	3527	1182
L09964	1	-46,4478293	-23,5112363	2288	0,0437	0,0652	3975	3015	960
L09970	1	-46,4560056	-23,5122728	3898	0,0257	0,0652	6534	5016	1518
L09975	1	-46,4600054	-23,5113119	1114	0,0898	0,0652	2009	1504	505
L10132	1	-46,7445881	-23,4500351	3272	0,0306	0,0652	5780	4132	1648
L10133	1	-46,7369336	-23,4466755	2437	0,041	0,0652	3928	3008	920
L10146	2	-46,7518624	-23,4341802	2704	0,074	0,1305	4539	3584	955
L10149	1	-46,7466848	-23,4441827	3405	0,0294	0,0652	5816	4442	1374
L10151	1	-46,7566652	-23,4897825	2092	0,0478	0,0652	3515	2634	881
L10155	1	-46,7295407	-23,4509098	1159	0,0863	0,0652	2001	1487	514
L10166	2	-46,4073307	-23,5666032	3346	0,0598	0,1305	5875	4258	1617
L10169	1	-46,4441227	-23,5965195	3830	0,0261	0,0652	6692	4988	1704
L10172	1	-46,3911438	-23,5781477	2553	0,0392	0,0652	4332	3191	1141
L10173	1	-46,4070213	-23,5656205	2817	0,0355	0,0652	4782	3657	1125
L10178	1	-46,4094033	-23,5851215	3329	0,03	0,0652	5585	4174	1411
L10179	1	-46,3916580	-23,5781044	2563	0,039	0,0652	4718	3343	1375
L10184	1	-46,3942223	-23,5789990	3555	0,0281	0,0652	6001	4511	1490
L10186	1	-46,4353757	-23,6050958	3112	0,0321	0,0652	5433	4073	1360
L10187	2	-46,3967077	-23,5644405	2905	0,0688	0,1305	5094	3653	1441
L10190	1	-46,4063933	-23,5926393	3470	0,0288	0,0652	6064	4335	1729
L10193	1	-46,4414315	-23,5961736	2959	0,0338	0,0652	5227	3738	1489
L10195	1	-46,4005020	-23,5933829	2950	0,0339	0,0652	5001	3717	1284
L10201	1	-46,4342227	-23,5757888	1260	0,0794	0,0652	2285	1597	688
L10205	2	-46,4339366	-23,5523973	953	0,2099	0,1305	1561	1199	362
L10212	1	-46,4277510	-23,5498460	3585	0,0279	0,0652	6336	4627	1709
L10220	1	-46,4161442	-23,5651315	3039	0,0329	0,0652	5389	3972	1417
L10222	1	-46,4387810	-23,5470846	1896	0,0527	0,0652	3138	2443	695
L10316	1	-46,7406208	-23,6440978	2363	0,0423	0,0652	4428	2886	1542
L10323	4	-46,7448452	-23,6511623	3217	0,1243	0,2609	5549	3996	1553
L10330	1	-46,7277244	-23,6232924	3496	0,0286	0,0652	6463	4523	1940
L10335	1	-46,7470038	-23,6574330	4546	0,022	0,0652	7984	5664	2320
L10342	1	-46,7280051	-23,6215451	3199	0,0313	0,0652	5761	3985	1776
L10490	1	-46,6284261	-23,6359969	856	0,1168	0,0652	1484	1078	406
L10491	3	-46,6063628	-23,6334842	2562	0,1171	0,1957	4662	3165	1497
L10492	2	-46,6086090	-23,6438400	4118	0,0486	0,1305	7089	5189	1900
L10493	2	-46,6004969	-23,6242367	3658	0,0547	0,1305	6286	4333	1953
L10494	3	-46,6056518	-23,6282751	4556	0,0658	0,1957	7496	5612	1884
L10497	2	-46,6090050	-23,6525822	4417	0,0453	0,1305	7225	5438	1787
L10501	1	-46,6131234	-23,6336255	3411	0,0293	0,0652	6193	4182	2011
L10502	1	-46,6166660	-23,6283520	2618	0,0382	0,0652	4677	3342	1335
L10503	2	-46,6068182	-23,6262334	2963	0,0675	0,1305	5466	3635	1831
L10504	1	-46,6101359	-23,6467725	2446	0,0409	0,0652	4304	2974	1330
L10505	6	-46,6259535	-23,6310077	2563	0,2341	0,3914	4493	3160	1333
L10506	1	-46,5972438	-23,6398797	2835	0,0353	0,0652	4669	3551	1118
L10508	2	-46,6226811	-23,6322515	4079	0,049	0,1305	7342	5130	2212
L10509	1	-46,6042492	-23,6485675	2893	0,0346	0,0652	4670	3547	1123
L10513	2	-46,6148883	-23,6223499	2743	0,0729	0,1305	4986	3378	1608
L10514	3	-46,6067712	-23,6385971	3445	0,0871	0,1957	5811	4310	1501
L10516	1	-46,6134748	-23,6571470	3833	0,0261	0,0652	5910	4608	1302
L10613	2	-46,4813947	-23,5513733	2971	0,0673	0,1305	4901	3803	1098
L10620	3	-46,4864496	-23,5496384	3089	0,0971	0,1957	5680	3970	1710
L10621	1	-46,4798018	-23,5438419	3988	0,0251	0,0652	7410	5062	2348
L10635	2	-46,6440127	-23,7047708	4681	0,0427	0,1305	8880	6015	2865
L10648	1	-46,6336174	-23,7033308	3476	0,0288	0,0652	6288	4717	1571
L10652	1	-46,6774173	-23,6820430	4275	0,0234	0,0652	7370	5418	1952
L10660	1	-46,6730061	-23,6875554	2843	0,0352	0,0652	5133	3531	1602
L10670	1	-46,6532948	-23,6930429	4054	0,0247	0,0652	7018	5197	1821
L10673	1	-46,6724425	-23,6892896	1555	0,0643	0,0652	2572	1965	607
L10712	2	-46,5930087	-23,4922966	801	0,2497	0,1305	1363	1022	341
L10713	7	-46,5785229	-23,4851103	1775	0,3944	0,4566	3031	2287	744
L10715	10	-46,5738210	-23,4767120	1723	0,5804	0,6523	3005	2230	775
L10716	14	-46,5727801	-23,4924991	1031	1,3579	0,9132	1733	1305	428
L10717	28	-46,5630814	-23,4738195	2767	1,0119	1,8265	5120	3441	1679
L10718	6	-46,5859510	-23,4876316	2245	0,2673	0,3914	4064	2964	1100
L10719	8	-46,5812144	-23,4890395	2814	0,2843	0,5219	4897	3512	1385
L10720	2	-46,5857185	-23,4923051	2198	0,091	0,1305	3984	2779	1205
L10721	23	-46,5753210	-23,4806909	3112	0,7391	1,5003	5709	3924	1785
L10722	17	-46,5624088	-23,4783293	2298	0,7398	1,1089	4490	2893	1597
L10723	4	-46,5874208	-23,4972108	3391	0,118	0,2609	6308	4248	2060
L10724	4	-46,5897661	-23,4836253	3533	0,1132	0,2609	6457	4363	2094
L10725	10	-46,5743549	-23,4975157	1855	0,5391	0,6523	3076	2333	743
L10726	6	-46,5861292	-23,4922494	2903	0,2067	0,3914	5395	3706	1689
L10727	21	-46,5724481	-23,4898866	3376	0,622	1,3699	6286	4313	1973
L10728	8	-46,5798590	-23,4856546	3035	0,2636	0,5219	5717	3858	1859
L10729	8	-46,5663550	-23,4727960	1160	0,6897	0,5219	1998	1537	461
L10730	17	-46,5677498	-23,4890100	1919	0,8859	1,1089	3223	2470	753
L10731	37	-46,5732850	-23,4796325	3704	0,9989	2,4136	7087	4869	2218
L10732	28	-46,5717637	-23,4775916	2749	1,0186	1,8265	4752	3504	1248
L10733	2	-46,5670163	-23,4806621	504	0,3968	0,1305	877	667	210
L10734	32	-46,5710103	-23,4865175	2594	1,2336	2,0874	4572	3267	1305
L10735	11	-46,5734783	-23,4926878	3047	0,361	0,7175	5191	3808	1383
L10736	33	-46,5681819	-23,4784924	3650	0,9041	2,1526	6352	4719	1633
L10737	24	-46,5819128	-23,4810310	2931	0,8188	1,5656	5742	3793	1949
L10738	4	-46,5972000	-23,4951209	2600	0,1538	0,2609	4771	3258	1513
L10739	3	-46,5718860	-23,4872077	470	0,6383	0,1957	790	612	178
L10740	6	-46,5845600	-23,4797190	1829	0,328	0,3914	3200	2370	830
L10742	1	-46,4935076	-23,6091331	3091	0,0324	0,0652	5399	3979	1420
L10744	2	-46,5101702	-23,6058819	5877	0,034	0,1305	10885	7744	3141
L10747	2	-46,5153124	-23,6258598	2667	0,075	0,1305	4720	3501	1219
L10749	1	-46,5009514	-23,5953008	3234	0,0309	0,0652	5657	4320	1337
L10760	1	-46,4938454	-23,6105292	2751	0,0364	0,0652	4899	3482	1417
L10767	1	-46,5096661	-23,6117172	1613	0,062	0,0652	2708	2079	629
L10769	2	-46,6633740	-23,4626370	1208	0,1656	0,1305	2100	1567	533
L10771	1	-46,6343175	-23,4756514	2471	0,0405	0,0652	3986	2974	1012
L10773	1	-46,6378689	-23,4793297	3726	0,0268	0,0652	5957	4473	1484
L10774	3	-46,6386490	-23,4679230	2796	0,1073	0,1957	4464	3356	1108
L10776	4	-46,6622866	-23,4787799	1314	0,3044	0,2609	2207	1705	502
L10777	1	-46,6334518	-23,4764864	2961	0,0338	0,0652	5466	3552	1914
L10778	2	-46,6714017	-23,4574567	4417	0,0453	0,1305	7852	5784	2068
L10780	1	-46,6459828	-23,4561450	2090	0,0478	0,0652	3524	2632	892
L10781	2	-46,6492631	-23,4694520	4305	0,0465	0,1305	7868	5458	2410
L10783	1	-46,6504436	-23,4737052	1529	0,0654	0,0652	2559	1936	623
L10784	3	-46,6538036	-23,4559206	2010	0,1493	0,1957	3602	2586	1016
L10785	2	-46,6647421	-23,4572438	3367	0,0594	0,1305	6195	4418	1777
L10789	2	-46,6351309	-23,4713832	3445	0,0581	0,1305	6308	4270	2038
L10791	1	-46,6510885	-23,4620515	3736	0,0268	0,0652	6918	4639	2279
L10792	2	-46,6392692	-23,4685393	2749	0,0728	0,1305	4914	3299	1615
L10793	3	-46,6540520	-23,4791841	2694	0,1114	0,1957	4415	3409	1006
L10794	2	-46,6467400	-23,4764270	3174	0,063	0,1305	5910	4120	1790
L10795	2	-46,6448499	-23,4728933	2607	0,0767	0,1305	4567	3376	1191
L10796	3	-46,6434663	-23,4580215	2754	0,1089	0,1957	4853	3483	1370
L10797	1	-46,6582380	-23,4574276	3510	0,0285	0,0652	6233	4568	1665
L10799	1	-46,6467390	-23,4772016	1155	0,0866	0,0652	1950	1447	503
L10802	2	-46,6456752	-23,4760563	951	0,2103	0,1305	1582	1196	386
L10803	1	-46,6313732	-23,4672637	1642	0,0609	0,0652	2751	2004	747
