cod_local	QT_VOTOS	longitude	latitude	LOC_VALID	%_LOC_V	%_CAND	QT_APTOS	QT_COMPARECIMENTO	QT_ABSTENCOES
L00003	3	-46,6455650	-23,5547500	3290	0,0912	0,2392	5696	3792	1904
L00005	1	-46,6603762	-23,5406137	4082	0,0245	0,0797	8248	4503	3745
L00010	1	-46,6355899	-23,5623979	2996	0,0334	0,0797	5666	3638	2028
L00012	1	-46,6461964	-23,5700830	3252	0,0308	0,0797	6283	3656	2627
L00013	2	-46,6421456	-23,5572933	2899	0,069	0,1595	5416	3426	1990
L00015	1	-46,6368132	-23,5574886	3591	0,0278	0,0797	7151	4273	2878
L00016	3	-46,6361305	-23,5497845	2669	0,1124	0,2392	5297	3132	2165
L00018	1	-46,6419109	-23,5592168	3389	0,0295	0,0797	7001	3906	3095
L00020	2	-46,6376429	-23,5607300	2293	0,0872	0,1595	5052	2698	2354
L00022	2	-46,6521240	-23,5458002	10350	0,0193	0,1595	18525	11583	6942
L00023	1	-46,6498912	-23,5493645	2834	0,0353	0,0797	4909	3201	1708
L00024	2	-46,6497533	-23,5485991	1896	0,1055	0,1595	3234	2130	1104
L00028	2	-46,6528053	-23,5234860	651	0,3072	0,1595	1201	806	395
L00034	1	-46,6605264	-23,5415277	5254	0,019	0,0797	7993	5767	2226
L00037	1	-46,6566164	-23,5307137	3471	0,0288	0,0797	6463	3952	2511
L00039	1	-46,6663954	-23,5361229	5419	0,0185	0,0797	8062	5901	2161
L00047	1	-46,6419486	-23,5325337	1033	0,0968	0,0797	1992	1229	763
L00048	1	-46,6841353	-23,5370181	2501	0,04	0,0797	3771	2812	959
L00049	1	-46,6806583	-23,5307166	4578	0,0218	0,0797	8065	5186	2879
L00050	1	-46,6531096	-23,5391595	3449	0,029	0,0797	6577	4007	2570
L00055	2	-46,6566164	-23,5307137	5271	0,0379	0,1595	9323	6035	3288
L00057	2	-46,6510689	-23,5302066	2410	0,083	0,1595	4093	2814	1279
L00061	1	-46,6666956	-23,5298372	3408	0,0293	0,0797	6305	3946	2359
L00064	4	-46,6278434	-23,5475185	2980	0,1342	0,319	5641	3584	2057
L00070	1	-46,6134834	-23,5400667	2964	0,0337	0,0797	5594	3588	2006
L00071	1	-46,6341197	-23,5306628	2982	0,0335	0,0797	5785	3615	2170
L00074	1	-46,6370866	-23,5384772	2847	0,0351	0,0797	6133	3437	2696
L00077	1	-46,6228821	-23,5238878	3089	0,0324	0,0797	5985	3756	2229
L00084	1	-46,5895134	-23,5593568	5301	0,0189	0,0797	8807	6387	2420
L00085	1	-46,5978907	-23,5552089	4372	0,0229	0,0797	8050	5269	2781
L00089	2	-46,5902871	-23,5470008	2261	0,0885	0,1595	4286	2820	1466
L00091	1	-46,5964833	-23,5637925	3169	0,0316	0,0797	6188	3786	2402
L00092	1	-46,5828225	-23,5542479	3888	0,0257	0,0797	7164	4714	2450
L00093	1	-46,5813248	-23,5619799	3706	0,027	0,0797	6970	4489	2481
L00096	2	-46,5697601	-23,5636527	4049	0,0494	0,1595	7290	5070	2220
L00099	2	-46,5683158	-23,5701115	2161	0,0925	0,1595	3989	2770	1219
L00100	1	-46,5637915	-23,5715671	2872	0,0348	0,0797	5130	3619	1511
L00101	2	-46,5902071	-23,5606910	4284	0,0467	0,1595	7988	5172	2816
L00106	1	-46,5939719	-23,5375195	4328	0,0231	0,0797	6924	5149	1775
L00108	2	-46,5976041	-23,5519593	6779	0,0295	0,1595	11883	7994	3889
L00112	1	-46,6747793	-23,5889660	1465	0,0683	0,0797	2322	1627	695
L00116	2	-46,6726051	-23,5816669	2385	0,0839	0,1595	4109	2634	1475
L00117	1	-46,6709040	-23,5923207	3151	0,0317	0,0797	5443	3456	1987
L00121	1	-46,6790390	-23,5798975	3855	0,0259	0,0797	7199	4264	2935
L00124	1	-46,6605835	-23,5566944	5697	0,0176	0,0797	10701	6297	4404
L00125	1	-46,6822891	-23,5834680	4924	0,0203	0,0797	9066	5408	3658
L00127	1	-46,6605835	-23,5566944	6318	0,0158	0,0797	11459	6999	4460
L00130	1	-46,6437100	-23,5775691	2213	0,0452	0,0797	3690	2443	1247
L00132	1	-46,6416210	-23,5785510	4598	0,0217	0,0797	7651	5166	2485
L00133	1	-46,6320497	-23,5811282	2750	0,0364	0,0797	4986	3131	1855
L00136	2	-46,6234512	-23,5608329	4167	0,048	0,1595	7421	4897	2524
L00141	1	-46,6308086	-23,5650323	5144	0,0194	0,0797	9743	6059	3684
L00142	1	-46,6119113	-23,5742236	2504	0,0399	0,0797	4454	2944	1510
L00153	1	-46,6399206	-23,5899717	4323	0,0231	0,0797	6624	4826	1798
L00154	1	-46,6235069	-23,5745404	4329	0,0231	0,0797	7193	5134	2059
L00157	1	-46,6389836	-23,5697573	5176	0,0193	0,0797	8809	5934	2875
L00536	1	-46,7920187	-23,6867819	3212	0,0311	0,0797	5561	4120	1441
L00539	1	-46,7886237	-23,6861459	4146	0,0241	0,0797	7243	5328	1915
L00542	2	-46,7901616	-23,6750896	3768	0,0531	0,1595	6810	4643	2167
L00544	1	-46,7734160	-23,6802425	3538	0,0283	0,0797	6419	4341	2078
L00549	1	-46,7905836	-23,6983913	3552	0,0282	0,0797	6142	4535	1607
L00550	1	-46,7755198	-23,6742186	2704	0,037	0,0797	4775	3448	1327
L00553	1	-46,7839538	-23,6721527	1679	0,0596	0,0797	2758	2071	687
L00556	1	-46,7765383	-23,6680796	2361	0,0424	0,0797	3983	2908	1075
L00559	1	-46,7951730	-23,6802102	2040	0,049	0,0797	3413	2489	924
L05532	2	-46,7034029	-23,6447800	2886	0,0693	0,1595	4752	3201	1551
L05542	1	-46,7071520	-23,6499060	3093	0,0323	0,0797	5733	3640	2093
L05545	1	-46,6998999	-23,6559182	2564	0,039	0,0797	3946	2911	1035
L05547	1	-46,7031531	-23,6485078	2502	0,04	0,0797	4597	2896	1701
L05550	4	-46,6945706	-23,6304883	5120	0,0781	0,319	8978	5840	3138
L05551	2	-46,7022860	-23,6510126	4767	0,042	0,1595	8841	5514	3327
L05553	2	-46,4351534	-23,5022679	3506	0,057	0,1595	6236	4381	1855
L05554	1	-46,4441795	-23,4982353	3546	0,0282	0,0797	6065	4260	1805
L05555	1	-46,4398111	-23,5068607	1270	0,0787	0,0797	2259	1566	693
L05556	5	-46,4403512	-23,4942325	2553	0,1958	0,3987	4433	3067	1366
L05558	1	-46,4234630	-23,5085168	3758	0,0266	0,0797	6529	4735	1794
L05563	2	-46,4331534	-23,4945484	2753	0,0726	0,1595	4924	3393	1531
L05564	3	-46,4259779	-23,5162635	4083	0,0735	0,2392	6687	5009	1678
L05565	3	-46,4195668	-23,5172129	2191	0,1369	0,2392	3749	2826	923
L05566	1	-46,4352447	-23,5020281	2851	0,0351	0,0797	4735	3521	1214
L05567	1	-46,4215117	-23,5013996	3622	0,0276	0,0797	6083	4594	1489
L05568	4	-46,4300003	-23,4998815	2971	0,1346	0,319	5227	3654	1573
L05569	2	-46,4407439	-23,4944067	1547	0,1293	0,1595	2737	1890	847
L05570	2	-46,4345329	-23,5094734	3688	0,0542	0,1595	6309	4565	1744
L05571	3	-46,4218866	-23,5204965	2679	0,112	0,2392	4440	3324	1116
L05572	1	-46,4193422	-23,5228558	2139	0,0468	0,0797	3993	2664	1329
L05574	2	-46,4424219	-23,4946443	1702	0,1175	0,1595	3011	2169	842
L05576	1	-46,4220218	-23,5011268	1232	0,0812	0,0797	1990	1570	420
L05577	1	-46,4390699	-23,4987794	622	0,1608	0,0797	1101	766	335
L05578	5	-46,4526050	-23,5387875	2564	0,195	0,3987	4882	3187	1695
L05580	1	-46,4367093	-23,5286893	3428	0,0292	0,0797	6257	4314	1943
L05581	3	-46,4522081	-23,5171617	3935	0,0762	0,2392	6924	5015	1909
L05582	2	-46,4362612	-23,5281919	1912	0,1046	0,1595	3481	2438	1043
L05584	2	-46,4623208	-23,5289299	3239	0,0617	0,1595	5568	4191	1377
L05585	2	-46,4451845	-23,5472188	2365	0,0846	0,1595	4123	3094	1029
L05587	1	-46,4443497	-23,5387667	3161	0,0316	0,0797	5471	4127	1344
L05589	11	-46,4544868	-23,5471412	2039	0,5395	0,8772	3417	2606	811
L05590	9	-46,4560761	-23,5496358	3285	0,274	0,7177	6239	4284	1955
L05591	3	-46,4544144	-23,5410443	3621	0,0829	0,2392	6839	4640	2199
L05592	1	-46,4528483	-23,5265608	3373	0,0296	0,0797	6254	4448	1806
L05593	2	-46,4528982	-23,5182408	3494	0,0572	0,1595	6309	4695	1614
L05595	7	-46,4580805	-23,5512840	2564	0,273	0,5582	4400	3342	1058
L05596	1	-46,4536228	-23,5552304	3671	0,0272	0,0797	6672	4852	1820
L05598	3	-46,4625526	-23,5168760	2035	0,1474	0,2392	3550	2651	899
L05599	2	-46,4443340	-23,5321000	3793	0,0527	0,1595	6860	4712	2148
L05600	3	-46,4589975	-23,5302914	3067	0,0978	0,2392	5494	3916	1578
L05601	2	-46,4359061	-23,5226454	2327	0,0859	0,1595	4159	3108	1051
L05602	1	-46,4402958	-23,5148095	3394	0,0295	0,0797	6298	4377	1921
L05603	1	-46,4430227	-23,5314831	2610	0,0383	0,0797	4621	3404	1217
L05608	1	-46,4565300	-23,5399000	1319	0,0758	0,0797	2270	1658	612
L05610	2	-46,4554689	-23,5282555	6146	0,0325	0,1595	10609	7693	2916
L05611	2	-46,6300964	-23,5033502	2831	0,0706	0,1595	4847	3284	1563
L05613	1	-46,6310064	-23,5025938	1028	0,0973	0,0797	2041	1205	836
L05616	1	-46,6281182	-23,4912871	3378	0,0296	0,0797	5313	3930	1383
L05618	2	-46,6270210	-23,5057810	1824	0,1096	0,1595	3578	2176	1402
L05619	2	-46,6476795	-23,4929598	1994	0,1003	0,1595	3788	2470	1318
L05622	1	-46,6256600	-23,4972860	1960	0,051	0,0797	3358	2341	1017
L05625	1	-46,6261164	-23,4898514	2978	0,0336	0,0797	5488	3556	1932
L05626	2	-46,6278934	-23,4963679	2077	0,0963	0,1595	3746	2434	1312
L05631	1	-46,6446670	-23,4910726	1627	0,0615	0,0797	3161	2027	1134
L05634	1	-46,6264580	-23,4818440	1908	0,0524	0,0797	3707	2335	1372
L05635	2	-46,6142540	-23,4901233	2048	0,0977	0,1595	3470	2399	1071
L05638	2	-46,6330906	-23,4915684	3666	0,0546	0,1595	6121	4251	1870
L05656	1	-46,7433720	-23,4969505	2765	0,0362	0,0797	4919	3437	1482
L05657	1	-46,6883851	-23,5246954	2280	0,0439	0,0797	3964	2619	1345
L05658	2	-46,7052733	-23,5150700	2442	0,0819	0,1595	4469	2893	1576
L05668	1	-46,7212419	-23,5119029	1112	0,0899	0,0797	2192	1343	849
L05669	1	-46,7164216	-23,5283737	1777	0,0563	0,0797	3016	2011	1005
L05673	2	-46,7244140	-23,5363009	2278	0,0878	0,1595	4168	2682	1486
L05676	3	-46,7424159	-23,5202320	790	0,3797	0,2392	1426	991	435
L05678	1	-46,7498669	-23,4969079	2593	0,0386	0,0797	4758	3251	1507
L05688	1	-46,7278581	-23,5209253	3285	0,0304	0,0797	5542	3799	1743
L05702	2	-46,7020044	-23,5462734	1456	0,1374	0,1595	1995	1533	462
L05705	2	-46,6896585	-23,5656255	3181	0,0629	0,1595	5968	3546	2422
L05711	1	-46,6940900	-23,5501725	1686	0,0593	0,0797	2686	1891	795
L05712	1	-46,6912249	-23,5538578	1310	0,0763	0,0797	1948	1434	514
L05719	1	-46,6976578	-23,5648688	2714	0,0368	0,0797	4719	3052	1667
L05722	4	-46,5000225	-23,5253888	2828	0,1414	0,319	4665	3627	1038
L05723	2	-46,5331739	-23,5220975	2306	0,0867	0,1595	3823	2837	986
L05724	1	-46,5270161	-23,5293151	2599	0,0385	0,0797	4443	3201	1242
L05727	2	-46,5492590	-23,5262720	2649	0,0755	0,1595	4685	3161	1524
L05729	2	-46,5386362	-23,5224127	3595	0,0556	0,1595	7112	4601	2511
L05734	1	-46,5478984	-23,5284411	2172	0,046	0,0797	4014	2746	1268
L05735	2	-46,4932640	-23,5309670	2238	0,0894	0,1595	4145	2862	1283
L05736	6	-46,5179226	-23,5228086	3663	0,1638	0,4785	6711	4640	2071
L05737	1	-46,4989941	-23,5275262	2079	0,0481	0,0797	3862	2632	1230
L05738	2	-46,5333555	-23,5182551	2464	0,0812	0,1595	4343	3015	1328
L05739	1	-46,4991515	-23,5296706	3000	0,0333	0,0797	5527	3909	1618
L05740	1	-46,5095310	-23,5250203	3929	0,0255	0,0797	7326	4889	2437
L05742	3	-46,5211173	-23,5214041	2853	0,1052	0,2392	5266	3603	1663
L05743	1	-46,5487021	-23,5239078	1983	0,0504	0,0797	3819	2477	1342
L05747	1	-46,5214246	-23,5293125	1229	0,0814	0,0797	2257	1504	753
L05750	2	-46,5686249	-23,5424482	4557	0,0439	0,1595	7587	5295	2292
L05752	3	-46,5494401	-23,5441268	4128	0,0727	0,2392	7403	5019	2384
L05754	1	-46,5702535	-23,5486528	3035	0,0329	0,0797	4571	3526	1045
L05758	1	-46,5162500	-23,5737164	2339	0,0428	0,0797	3728	2933	795
L05760	3	-46,4984532	-23,5847269	4733	0,0634	0,2392	8851	6109	2742
L05762	1	-46,5116367	-23,5763889	1262	0,0792	0,0797	2597	1618	979
L05763	1	-46,5178296	-23,5802614	2728	0,0367	0,0797	4620	3507	1113
L05768	1	-46,5794166	-23,5383741	2522	0,0397	0,0797	4651	2995	1656
L05772	1	-46,5679267	-23,5325642	2271	0,044	0,0797	4284	2700	1584
L05774	2	-46,5225365	-23,5551065	2202	0,0908	0,1595	4174	2786	1388
L05775	1	-46,5662223	-23,5472777	2792	0,0358	0,0797	5162	3308	1854
L05779	2	-46,5006634	-23,5840738	2450	0,0816	0,1595	4426	3133	1293
L05780	1	-46,5072844	-23,5706991	5535	0,0181	0,0797	10333	6962	3371
L05781	2	-46,5589094	-23,5412357	2005	0,0998	0,1595	3920	2483	1437
L05783	1	-46,5747550	-23,5436990	1751	0,0571	0,0797	2933	2099	834
L05786	1	-46,5327843	-23,5461447	1839	0,0544	0,0797	3271	2275	996
L05788	1	-46,5170255	-23,5575103	1578	0,0634	0,0797	3137	1967	1170
L05790	1	-46,5666544	-23,5322415	751	0,1332	0,0797	1423	890	533
L05792	2	-46,5620492	-23,5418287	1124	0,1779	0,1595	1793	1351	442
L05794	1	-46,5433831	-23,5503063	4135	0,0242	0,0797	6973	5037	1936
L05796	1	-46,5581932	-23,5503944	4508	0,0222	0,0797	6964	5342	1622
L05797	4	-46,5602785	-23,5363132	5811	0,0688	0,319	9848	6857	2991
L05816	2	-46,5824545	-23,5151915	4574	0,0437	0,1595	8444	5563	2881
L05817	1	-46,6117405	-23,5017844	2739	0,0365	0,0797	5039	3341	1698
L05819	2	-46,5825547	-23,5256742	2853	0,0701	0,1595	5154	3537	1617
L05820	1	-46,5663467	-23,5211065	3363	0,0297	0,0797	6296	4358	1938
L05826	1	-46,5569370	-23,5174260	1028	0,0973	0,0797	1887	1420	467
L05834	1	-46,5964032	-23,5194682	1589	0,0629	0,0797	2795	1963	832
L05844	1	-46,6552440	-23,4837840	4064	0,0246	0,0797	6975	5136	1839
L05845	1	-46,6748489	-23,4996347	2821	0,0354	0,0797	4345	3361	984
L05853	2	-46,6576552	-23,4676225	2016	0,0992	0,1595	3658	2494	1164
L05855	1	-46,6512743	-23,4915758	3689	0,0271	0,0797	6598	4579	2019
L05856	1	-46,6576980	-23,5105636	3626	0,0276	0,0797	6816	4472	2344
L05858	1	-46,6602290	-23,5040336	1694	0,059	0,0797	3175	2048	1127
L05893	1	-46,5880090	-23,4446471	973	0,1028	0,0797	1866	1339	527
L05903	1	-46,5972378	-23,4563706	2628	0,0381	0,0797	4890	3280	1610
L05911	1	-46,5953507	-23,4480324	2669	0,0375	0,0797	4700	3478	1222
L05912	1	-46,6031271	-23,4684303	2532	0,0395	0,0797	4589	3126	1463
L05913	1	-46,6248203	-23,4576182	3097	0,0323	0,0797	5869	3776	2093
L05919	1	-46,6120305	-23,4757531	1300	0,0769	0,0797	2166	1565	601
L05926	1	-46,5852470	-23,5802350	4531	0,0221	0,0797	8206	5391	2815
L05930	1	-46,5620004	-23,5788819	2521	0,0397	0,0797	4889	3094	1795
L05933	1	-46,5471739	-23,5927268	3403	0,0294	0,0797	6295	4294	2001
L05936	1	-46,5703839	-23,5879450	1764	0,0567	0,0797	2906	2096	810
L05938	1	-46,5607547	-23,6059835	2674	0,0374	0,0797	5130	3444	1686
L05941	1	-46,5887796	-23,5755336	1948	0,0513	0,0797	3574	2324	1250
L05944	1	-46,5421787	-23,5921449	3003	0,0333	0,0797	5738	3791	1947
L05945	3	-46,5663969	-23,5940979	2754	0,1089	0,2392	5100	3435	1665
L05950	2	-46,5543296	-23,5793590	3947	0,0507	0,1595	7538	4962	2576
L05951	1	-46,5702281	-23,5758520	1372	0,0729	0,0797	2658	1731	927
L05953	1	-46,5568681	-23,6075908	1986	0,0504	0,0797	3562	2523	1039
L05954	1	-46,5808524	-23,5927084	2296	0,0436	0,0797	3895	2825	1070
L05956	1	-46,5394300	-23,5959940	2022	0,0495	0,0797	3634	2528	1106
L05957	1	-46,5450386	-23,5985655	1975	0,0506	0,0797	3567	2479	1088
L05959	1	-46,5810310	-23,5900310	2339	0,0428	0,0797	4164	2855	1309
L05960	1	-46,5406419	-23,6043988	522	0,1916	0,0797	839	649	190
L05965	1	-46,6619780	-23,6090200	3849	0,026	0,0797	6946	4334	2612
L05968	2	-46,6685076	-23,6131455	3538	0,0565	0,1595	6251	3963	2288
L05969	4	-46,6882980	-23,6116910	2974	0,1345	0,319	5627	3387	2240
L05970	1	-46,6673187	-23,6261976	2521	0,0397	0,0797	4330	2895	1435
L05974	1	-46,6641427	-23,6002288	6184	0,0162	0,0797	10325	6924	3401
L05980	1	-46,6536700	-23,6386552	2086	0,0479	0,0797	3437	2526	911
L05985	1	-46,6850791	-23,6183057	3742	0,0267	0,0797	6558	4258	2300
L05987	1	-46,6726843	-23,6097127	3510	0,0285	0,0797	5718	3982	1736
L05997	1	-46,6475368	-23,6025329	2704	0,037	0,0797	4279	2988	1291
L05998	2	-46,6284912	-23,6138398	2408	0,0831	0,1595	3730	2799	931
L06000	1	-46,6362275	-23,5988254	5755	0,0174	0,0797	9671	6446	3225
L06001	1	-46,6367820	-23,6023840	4353	0,023	0,0797	7231	4917	2314
L06005	3	-46,6362090	-23,6170540	2367	0,1267	0,2392	3816	2777	1039
L06010	1	-46,6214969	-23,5987034	3306	0,0302	0,0797	5715	3957	1758
L06015	1	-46,6448925	-23,6100010	2447	0,0409	0,0797	4269	2836	1433
L06020	1	-46,6201994	-23,6074833	1448	0,0691	0,0797	2183	1677	506
L06027	1	-46,6300558	-23,5928665	2573	0,0389	0,0797	4339	2922	1417
L06031	2	-46,5834188	-23,6215419	2911	0,0687	0,1595	5114	3726	1388
L06035	1	-46,6093832	-23,5888257	2646	0,0378	0,0797	4381	3053	1328
L06037	1	-46,6027120	-23,6151290	1762	0,0568	0,0797	3240	2071	1169
L06039	2	-46,6072382	-23,5903260	2134	0,0937	0,1595	3877	2517	1360
L06047	2	-46,5866191	-23,6277500	3027	0,0661	0,1595	5754	3872	1882
L06050	1	-46,5889064	-23,6343276	2672	0,0374	0,0797	4589	3469	1120
L06051	1	-46,6031399	-23,6063806	3228	0,031	0,0797	5899	4148	1751
L06052	1	-46,6023320	-23,6013361	2212	0,0452	0,0797	4121	2738	1383
L06053	1	-46,6021325	-23,6063749	1386	0,0722	0,0797	2568	1713	855
L06063	1	-46,5967273	-23,6269558	1159	0,0863	0,0797	1865	1435	430
L06065	2	-46,6119497	-23,5892321	3011	0,0664	0,1595	5516	3638	1878
L06660	1	-46,7041000	-23,7108340	1608	0,0622	0,0797	2717	1945	772
L06661	1	-46,7041000	-23,7108340	2709	0,0369	0,0797	4548	3262	1286
L06663	2	-46,7157832	-23,6718387	1948	0,1027	0,1595	3430	2333	1097
L06666	1	-46,7147308	-23,6702428	2788	0,0359	0,0797	5109	3374	1735
L06668	1	-46,7079679	-23,7294845	5089	0,0197	0,0797	8445	6409	2036
L06671	1	-46,7092435	-23,7150718	2233	0,0448	0,0797	3875	2681	1194
L06676	2	-46,6947263	-23,7122284	3026	0,0661	0,1595	5161	3620	1541
L06677	1	-46,7023442	-23,7336887	3497	0,0286	0,0797	6166	4530	1636
L06678	1	-46,7003248	-23,7336023	2433	0,0411	0,0797	3957	3049	908
L06679	1	-46,7081139	-23,6888596	3276	0,0305	0,0797	5643	3922	1721
L06685	1	-46,6955380	-23,7139433	789	0,1267	0,0797	1267	982	285
L06696	1	-46,7097890	-23,7283561	1131	0,0884	0,0797	1836	1425	411
L07570	1	-46,6536805	-23,6514550	731	0,1368	0,0797	1188	885	303
L07574	1	-46,6415339	-23,6443503	1932	0,0518	0,0797	3346	2359	987
L07575	1	-46,6365200	-23,6320743	4017	0,0249	0,0797	7103	4799	2304
L07579	2	-46,6444998	-23,6334867	4067	0,0492	0,1595	7242	4778	2464
L07580	1	-46,6579978	-23,6496781	3546	0,0282	0,0797	6231	4318	1913
L07581	2	-46,6363601	-23,6810716	3028	0,0661	0,1595	5287	3909	1378
L07586	1	-46,6662000	-23,6526625	4676	0,0214	0,0797	7861	5605	2256
L07587	1	-46,6389892	-23,6729739	4038	0,0248	0,0797	6961	5171	1790
L07589	1	-46,6494764	-23,6512620	1689	0,0592	0,0797	2887	2094	793
L07590	2	-46,6424477	-23,6679792	3909	0,0512	0,1595	7206	5039	2167
L07591	1	-46,6361421	-23,6802843	2687	0,0372	0,0797	4849	3510	1339
L07592	1	-46,6354223	-23,6496780	2351	0,0425	0,0797	4295	2944	1351
L07605	1	-46,6526971	-23,6532191	1424	0,0702	0,0797	2392	1763	629
L07606	1	-46,6363030	-23,6342640	1221	0,0819	0,0797	1867	1431	436
L07608	3	-46,6393798	-23,6345390	2222	0,135	0,2392	3456	2623	833
L07666	1	-46,7187075	-23,4795423	4684	0,0213	0,0797	9004	6008	2996
L07667	1	-46,7261678	-23,4829058	2616	0,0382	0,0797	4926	3233	1693
L07670	1	-46,7157223	-23,4910050	3437	0,0291	0,0797	6527	4354	2173
L07675	1	-46,7341179	-23,4868877	2381	0,042	0,0797	4269	2907	1362
L07676	1	-46,7132969	-23,4942851	2690	0,0372	0,0797	5011	3334	1677
L07683	3	-46,4716478	-23,4993793	1880	0,1596	0,2392	3092	2381	711
L07685	1	-46,4887224	-23,4892548	685	0,146	0,0797	1181	899	282
L07689	1	-46,4919582	-23,5063549	2108	0,0474	0,0797	3605	2714	891
L07690	2	-46,4825992	-23,5059494	1295	0,1544	0,1595	2134	1637	497
L07692	7	-46,4761134	-23,5015127	2666	0,2626	0,5582	4912	3325	1587
L07693	3	-46,4705358	-23,4926534	4113	0,0729	0,2392	7400	5306	2094
L07694	1	-46,4971517	-23,4840369	2951	0,0339	0,0797	4712	3627	1085
L07695	1	-46,4925761	-23,4889873	3199	0,0313	0,0797	5543	4116	1427
L07699	1	-46,4816039	-23,4998180	2953	0,0339	0,0797	5279	3696	1583
L07700	1	-46,4851971	-23,4905377	3489	0,0287	0,0797	6056	4395	1661
L07701	1	-46,4889435	-23,4985564	3277	0,0305	0,0797	5967	4095	1872
L07702	4	-46,4749626	-23,4875229	2327	0,1719	0,319	4070	2936	1134
L07703	7	-46,4731818	-23,5027056	2186	0,3202	0,5582	3519	2750	769
L07704	2	-46,4783102	-23,4996696	2270	0,0881	0,1595	4005	2861	1144
L07705	2	-46,4753246	-23,4969321	1922	0,1041	0,1595	3284	2392	892
L07706	1	-46,4963575	-23,4925264	630	0,1587	0,0797	1072	816	256
L07708	1	-46,4849725	-23,5032693	2712	0,0369	0,0797	5219	3402	1817
L07711	1	-46,4928392	-23,4853243	1271	0,0787	0,0797	2067	1641	426
L07713	1	-46,4966140	-23,4924641	1374	0,0728	0,0797	2302	1760	542
L07727	1	-46,6972109	-23,4923489	2499	0,04	0,0797	4705	3018	1687
L07734	2	-46,7077799	-23,4872710	2185	0,0915	0,1595	3723	2810	913
L07750	1	-46,7708337	-23,6299871	13605	0,0074	0,0797	25821	17652	8169
L07752	1	-46,7562863	-23,6156016	3810	0,0262	0,0797	6732	4937	1795
L07755	1	-46,7557573	-23,6290243	3980	0,0251	0,0797	6741	5172	1569
L07756	1	-46,7617923	-23,6408234	4236	0,0236	0,0797	7697	5404	2293
L07757	1	-46,7705606	-23,6467603	3321	0,0301	0,0797	5877	4308	1569
L07760	1	-46,7556667	-23,6404221	3739	0,0267	0,0797	6385	4685	1700
L07769	2	-46,7686119	-23,6296456	3708	0,0539	0,1595	6898	4781	2117
L07770	1	-46,7542153	-23,6198219	4129	0,0242	0,0797	7176	5149	2027
L07774	1	-46,7498755	-23,6363346	2769	0,0361	0,0797	4952	3627	1325
L08194	2	-46,7194106	-23,5935367	4012	0,0499	0,1595	6747	4420	2327
L08196	1	-46,7208297	-23,6076803	2840	0,0352	0,0797	4752	3330	1422
L08200	1	-46,7298173	-23,5966128	2551	0,0392	0,0797	4499	3046	1453
L08202	2	-46,7401597	-23,6037788	2287	0,0875	0,1595	4380	2818	1562
L08203	1	-46,7354209	-23,6007753	1634	0,0612	0,0797	2757	2030	727
L08204	1	-46,7468132	-23,6034358	3032	0,033	0,0797	5249	3566	1683
L08208	1	-46,7358364	-23,5961852	2323	0,043	0,0797	3857	2793	1064
L08209	1	-46,7308370	-23,5944510	2715	0,0368	0,0797	4573	3264	1309
L08216	1	-46,7591668	-23,5940175	1177	0,085	0,0797	1961	1510	451
L08220	1	-46,7456903	-23,6030840	1945	0,0514	0,0797	3106	2290	816
L08225	2	-46,5100191	-23,5446064	4128	0,0484	0,1595	7026	5147	1879
L08228	1	-46,5242269	-23,5438048	897	0,1115	0,0797	1494	1147	347
L08230	2	-46,5221139	-23,5406331	2745	0,0729	0,1595	5219	3471	1748
L08233	1	-46,5151760	-23,5433139	1746	0,0573	0,0797	3085	2237	848
L08234	1	-46,5317956	-23,5421192	3038	0,0329	0,0797	5442	3818	1624
L08235	1	-46,4958682	-23,5663286	2328	0,043	0,0797	4095	3031	1064
L08236	1	-46,4990570	-23,5735096	2833	0,0353	0,0797	4657	3582	1075
L08237	1	-46,5212577	-23,5434956	2878	0,0347	0,0797	5496	3656	1840
L08238	1	-46,5056207	-23,5405406	972	0,1029	0,0797	1635	1239	396
L08239	1	-46,5141185	-23,5517464	2105	0,0475	0,0797	3730	2686	1044
L08240	1	-46,4985710	-23,5542600	1414	0,0707	0,0797	2497	1881	616
L08242	1	-46,5020045	-23,5414163	2155	0,0464	0,0797	4183	2801	1382
L08244	5	-46,4849359	-23,5443559	2408	0,2076	0,3987	4352	3219	1133
L08247	2	-46,4906529	-23,5403308	4098	0,0488	0,1595	7785	5311	2474
L08248	1	-46,5330363	-23,5393366	1903	0,0525	0,0797	3430	2454	976
L08250	4	-46,5370743	-23,5335666	1855	0,2156	0,319	3292	2341	951
L08254	2	-46,5030630	-23,5515660	2892	0,0692	0,1595	5108	3701	1407
L08256	3	-46,5191281	-23,5450183	2851	0,1052	0,2392	5189	3512	1677
L08257	1	-46,4932714	-23,5642955	2006	0,0499	0,0797	3537	2652	885
L08258	1	-46,5095374	-23,5384628	2376	0,0421	0,0797	4461	3015	1446
L08260	1	-46,5041450	-23,5368140	2070	0,0483	0,0797	3558	2654	904
L08261	1	-46,5328060	-23,5351986	2423	0,0413	0,0797	4244	2978	1266
L08263	2	-46,5188258	-23,5451260	620	0,3226	0,1595	1101	755	346
L08264	1	-46,4940747	-23,5593746	897	0,1115	0,0797	1578	1194	384
L08265	7	-46,5251630	-23,5338233	5108	0,137	0,5582	9329	6208	3121
L08266	3	-46,5492719	-23,5643080	3744	0,0801	0,2392	6474	4613	1861
L08267	1	-46,5464060	-23,5700350	1922	0,052	0,0797	3132	2354	778
L08268	2	-46,5382964	-23,5663555	2910	0,0687	0,1595	5207	3628	1579
L08272	1	-46,5288323	-23,5727122	2238	0,0447	0,0797	4229	2897	1332
L08274	2	-46,5439614	-23,5676780	2439	0,082	0,1595	5027	3105	1922
L08275	2	-46,5344569	-23,5777136	2311	0,0865	0,1595	4317	2988	1329
L08276	1	-46,5458952	-23,5550134	2003	0,0499	0,0797	3017	2414	603
L08280	1	-46,5272729	-23,5842759	3215	0,0311	0,0797	5879	4206	1673
L08283	1	-46,5276225	-23,5710305	2727	0,0367	0,0797	5111	3464	1647
L08285	1	-46,5421019	-23,5584414	1912	0,0523	0,0797	3129	2348	781
L08286	1	-46,5228208	-23,5778668	2051	0,0488	0,0797	3585	2631	954
L08292	1	-46,5847312	-23,4571192	1974	0,0507	0,0797	3768	2560	1208
L08293	1	-46,6083813	-23,4903083	2174	0,046	0,0797	3215	2572	643
L08294	1	-46,5977750	-23,4858511	966	0,1035	0,0797	1572	1230	342
L08299	1	-46,5792804	-23,4590009	1688	0,0592	0,0797	3422	2181	1241
L08302	2	-46,5835571	-23,4654238	2768	0,0723	0,1595	5668	3556	2112
L08304	3	-46,5865198	-23,4701787	2754	0,1089	0,2392	5084	3408	1676
L08305	1	-46,5732891	-23,4514774	4266	0,0234	0,0797	8509	5988	2521
L08309	1	-46,5870109	-23,4731635	2255	0,0443	0,0797	4250	2778	1472
L08310	3	-46,5695747	-23,4643168	1609	0,1865	0,2392	2951	2225	726
L08314	2	-46,6000523	-23,4896398	3153	0,0634	0,1595	5703	3872	1831
L08319	1	-46,5865377	-23,4726386	407	0,2457	0,0797	689	493	196
L08321	2	-46,6023221	-23,4823452	4184	0,0478	0,1595	7555	5096	2459
L08328	1	-46,5218639	-23,6015171	3067	0,0326	0,0797	5474	3871	1603
L08332	3	-46,5276317	-23,6081073	3269	0,0918	0,2392	5625	4153	1472
L08333	2	-46,5151342	-23,5886563	3403	0,0588	0,1595	6060	4434	1626
L08334	1	-46,5237361	-23,5957342	4037	0,0248	0,0797	7533	5184	2349
L08336	6	-46,5384444	-23,6045283	3264	0,1838	0,4785	5992	4063	1929
L08340	1	-46,5365552	-23,5957785	3050	0,0328	0,0797	5865	3909	1956
L08343	2	-46,5377963	-23,5816242	3112	0,0643	0,1595	5858	3912	1946
L08354	1	-46,6718510	-23,6480180	3606	0,0277	0,0797	5953	4267	1686
L08356	1	-46,6748209	-23,6629694	2548	0,0392	0,0797	4677	3256	1421
L08357	1	-46,6566918	-23,6673339	2867	0,0349	0,0797	5558	3511	2047
L08359	1	-46,6440225	-23,6904889	4358	0,0229	0,0797	8287	5678	2609
L08362	1	-46,6599252	-23,6645331	3182	0,0314	0,0797	5899	3877	2022
L08364	1	-46,6666281	-23,6643337	2350	0,0426	0,0797	4231	2884	1347
L08367	1	-46,6760160	-23,6550423	3987	0,0251	0,0797	6800	4757	2043
L08370	1	-46,6619825	-23,6713695	2545	0,0393	0,0797	4510	3118	1392
L08374	1	-46,6583497	-23,6731895	2392	0,0418	0,0797	4435	3139	1296
L08380	4	-46,3955110	-23,5079850	4070	0,0983	0,319	7143	5356	1787
L08381	1	-46,3943443	-23,5046166	3160	0,0316	0,0797	5695	4002	1693
L08382	7	-46,3763198	-23,4939856	3628	0,1929	0,5582	6476	4624	1852
L08383	3	-46,3769440	-23,4873573	2331	0,1287	0,2392	4327	3221	1106
L08384	1	-46,3985890	-23,5096370	3537	0,0283	0,0797	6428	4541	1887
L08387	6	-46,3754478	-23,4964448	3203	0,1873	0,4785	5688	4215	1473
L08388	2	-46,3717432	-23,4962403	1681	0,119	0,1595	3000	2313	687
L08389	4	-46,3884186	-23,5122760	2336	0,1712	0,319	4350	3214	1136
L08391	2	-46,3965404	-23,5176660	3624	0,0552	0,1595	6265	4666	1599
L08392	3	-46,4006667	-23,5034363	3308	0,0907	0,2392	6122	4146	1976
L08393	1	-46,3905136	-23,4921738	2500	0,04	0,0797	4429	3299	1130
L08394	2	-46,3870301	-23,4964237	3348	0,0597	0,1595	5936	4200	1736
L08395	8	-46,3832792	-23,5056992	1754	0,4561	0,638	3113	2293	820
L08396	2	-46,3830556	-23,4914097	2865	0,0698	0,1595	5005	3783	1222
L08397	2	-46,3844165	-23,4797530	3246	0,0616	0,1595	5337	4090	1247
L08398	2	-46,4040381	-23,5003398	2632	0,076	0,1595	4564	3375	1189
L08400	1	-46,3850728	-23,5122978	3974	0,0252	0,0797	7123	5016	2107
L08403	1	-46,3988792	-23,5093492	2345	0,0426	0,0797	4153	3085	1068
L08404	4	-46,3922999	-23,4852473	2625	0,1524	0,319	4589	3442	1147
L08405	1	-46,3718376	-23,5014239	2671	0,0374	0,0797	4809	3768	1041
L08408	3	-46,3900305	-23,4923096	2762	0,1086	0,2392	5089	3777	1312
L08409	1	-46,4020530	-23,4932319	3373	0,0296	0,0797	6356	4333	2023
L08410	2	-46,3944620	-23,4902290	2920	0,0685	0,1595	5431	3694	1737
L08412	1	-46,3926599	-23,5078228	2908	0,0344	0,0797	5104	3773	1331
L08413	1	-46,3937105	-23,5156176	1095	0,0913	0,0797	2083	1525	558
L08414	2	-46,3950439	-23,4989421	2828	0,0707	0,1595	5125	3485	1640
L08417	1	-46,3806444	-23,5150740	2751	0,0364	0,0797	4718	3665	1053
L08421	1	-46,3873807	-23,5128291	521	0,1919	0,0797	935	707	228
L08422	4	-46,4003582	-23,5441270	1520	0,2632	0,319	2178	1462	716
L08425	1	-46,4057199	-23,5624173	3131	0,0319	0,0797	5663	4158	1505
L08426	3	-46,4008912	-23,5381934	3356	0,0894	0,2392	6116	4546	1570
L08428	5	-46,3882687	-23,5454378	2086	0,2397	0,3987	3720	2817	903
L08430	1	-46,4157806	-23,5492070	1808	0,0553	0,0797	3393	2325	1068
L08431	6	-46,4023983	-23,5435780	3363	0,1784	0,4785	5917	4490	1427
L08435	3	-46,4142302	-23,5447436	2123	0,1413	0,2392	4075	2620	1455
L08438	1	-46,4254538	-23,5250259	3705	0,027	0,0797	6437	4786	1651
L08441	3	-46,3973726	-23,5355326	2439	0,123	0,2392	4306	3101	1205
L08443	1	-46,4155334	-23,5455554	1247	0,0802	0,0797	2181	1603	578
L08444	3	-46,3977921	-23,5358129	2757	0,1088	0,2392	5165	3761	1404
L08445	1	-46,4037610	-23,5596980	3457	0,0289	0,0797	2665	1848	817
L08446	1	-46,4185555	-23,5307546	2258	0,0443	0,0797	4003	2970	1033
L08448	4	-46,4087514	-23,5527119	2094	0,191	0,319	4017	2779	1238
L08450	1	-46,4075993	-23,5541832	3404	0,0294	0,0797	5663	4220	1443
L08451	6	-46,3909828	-23,5442229	2400	0,25	0,4785	4283	3241	1042
L08452	1	-46,4116268	-23,5278328	3591	0,0278	0,0797	6073	4598	1475
L08453	1	-46,4234233	-23,5381049	2084	0,048	0,0797	3936	2769	1167
L08454	1	-46,4066295	-23,5366390	2713	0,0369	0,0797	4822	3590	1232
L08455	1	-46,4007548	-23,5495498	2353	0,0425	0,0797	4306	3004	1302
L08456	2	-46,4126165	-23,5416929	2557	0,0782	0,1595	4651	3173	1478
L08457	1	-46,3967810	-23,5545250	1819	0,055	0,0797	3404	2514	890
L08458	3	-46,4104297	-23,5438072	1432	0,2095	0,2392	2582	1817	765
L08463	1	-46,4145590	-23,5542970	860	0,1163	0,0797	1549	1145	404
L08464	1	-46,3928375	-23,5277915	1978	0,0506	0,0797	3363	2579	784
L08847	4	-46,7045504	-23,7542184	5925	0,0675	0,319	10150	7592	2558
L08850	1	-46,6964318	-23,7396716	3205	0,0312	0,0797	5411	4075	1336
L08854	1	-46,6901081	-23,7285932	1755	0,057	0,0797	3031	2265	766
L08855	1	-46,6862668	-23,7395049	2065	0,0484	0,0797	3450	2670	780
L08864	1	-46,6731203	-23,7622871	4632	0,0216	0,0797	7907	6053	1854
L08866	1	-46,6833302	-23,7528996	2031	0,0492	0,0797	3523	2593	930
L08871	1	-46,6684971	-23,7532554	4993	0,02	0,0797	8570	6421	2149
L08872	1	-46,6890875	-23,7386502	2798	0,0357	0,0797	4627	3538	1089
L08885	1	-46,7826347	-23,7426504	5319	0,0188	0,0797	9184	6673	2511
L08886	1	-46,7536488	-23,6769928	628	0,1592	0,0797	1106	834	272
L08892	1	-46,7732050	-23,6978420	1070	0,0935	0,0797	1790	1342	448
L08899	1	-46,7296989	-23,6686244	4808	0,0208	0,0797	7532	5810	1722
L08900	1	-46,7459944	-23,6760859	3870	0,0258	0,0797	6211	4807	1404
L08902	1	-46,7420691	-23,6929780	3706	0,027	0,0797	6165	4741	1424
L08903	1	-46,7549903	-23,6797057	2449	0,0408	0,0797	4419	3166	1253
L08922	1	-46,7486749	-23,6678597	2396	0,0417	0,0797	3958	3033	925
L08924	1	-46,7528366	-23,6745244	3179	0,0315	0,0797	5308	3981	1327
L08925	1	-46,7637275	-23,6860902	3526	0,0284	0,0797	6017	4176	1841
L08928	1	-46,7383011	-23,6797511	3519	0,0284	0,0797	5719	4390	1329
L08934	1	-46,7701634	-23,7200619	4256	0,0235	0,0797	7146	5402	1744
L08936	1	-46,7568865	-23,7221715	4624	0,0216	0,0797	7539	5712	1827
L08945	2	-46,7595495	-23,6741975	3422	0,0584	0,1595	5713	4273	1440
L08957	1	-46,7797422	-23,6633017	2939	0,034	0,0797	5299	3860	1439
L08962	1	-46,7552312	-23,6597385	2495	0,0401	0,0797	4466	3243	1223
L08982	1	-46,7512554	-23,5452190	2973	0,0336	0,0797	5291	3603	1688
L08987	1	-46,7591098	-23,5417165	2410	0,0415	0,0797	4045	2988	1057
L08990	1	-46,7660251	-23,5891918	3308	0,0302	0,0797	5815	4319	1496
L09006	1	-46,7920023	-23,5981368	2693	0,0371	0,0797	4763	3274	1489
L09008	1	-46,7530566	-23,5528242	2689	0,0372	0,0797	4923	3222	1701
L09013	1	-46,7909036	-23,5841478	1364	0,0733	0,0797	2357	1795	562
L09041	1	-46,4824676	-23,6012239	2857	0,035	0,0797	5384	3613	1771
L09043	1	-46,4541133	-23,6084711	2305	0,0434	0,0797	4116	3063	1053
L09044	1	-46,4785593	-23,5947194	2910	0,0344	0,0797	5416	3690	1726
L09046	3	-46,4451983	-23,6306149	3152	0,0952	0,2392	5392	4009	1383
L09047	1	-46,4438014	-23,6308046	2623	0,0381	0,0797	4519	3376	1143
L09048	2	-46,4688977	-23,6112514	1324	0,1511	0,1595	2334	1709	625
L09051	4	-46,4517184	-23,6021242	3466	0,1154	0,319	6290	4630	1660
L09054	2	-46,4796851	-23,6207251	2559	0,0782	0,1595	5002	3387	1615
L09055	3	-46,4697272	-23,6168476	2373	0,1264	0,2392	4452	3100	1352
L09060	1	-46,4915612	-23,5952026	2836	0,0353	0,0797	5085	3699	1386
L09064	1	-46,4444469	-23,6341908	3618	0,0276	0,0797	6385	4760	1625
L09066	1	-46,4621492	-23,6284570	2730	0,0366	0,0797	5142	3766	1376
L09067	1	-46,4707484	-23,6169001	1697	0,0589	0,0797	3007	2250	757
L09068	1	-46,4579281	-23,6104786	2371	0,0422	0,0797	4220	3084	1136
L09069	5	-46,4670370	-23,6008861	3027	0,1652	0,3987	5073	3872	1201
L09073	1	-46,4623540	-23,6265038	2947	0,0339	0,0797	5192	3866	1326
L09075	2	-46,4854339	-23,6126187	1607	0,1245	0,1595	2865	2088	777
L09077	3	-46,4645811	-23,6112224	3566	0,0841	0,2392	6521	4469	2052
L09078	1	-46,4574058	-23,6320001	2934	0,0341	0,0797	5182	3779	1403
L09079	2	-46,4516620	-23,6049100	1514	0,1321	0,1595	2644	1971	673
L09081	1	-46,4449590	-23,6045710	2945	0,034	0,0797	4772	3692	1080
L09083	1	-46,4464970	-23,6396360	2818	0,0355	0,0797	4787	3634	1153
L09085	1	-46,4719716	-23,6057020	3309	0,0302	0,0797	6370	4187	2183
L09086	1	-46,4803863	-23,6171679	501	0,1996	0,0797	831	661	170
L09089	1	-46,4760402	-23,6078220	1380	0,0725	0,0797	2541	1871	670
L09098	1	-46,7030593	-23,4716926	3193	0,0313	0,0797	5790	3980	1810
L09102	2	-46,6877814	-23,4600022	3235	0,0618	0,1595	5834	4249	1585
L09104	1	-46,6738756	-23,4613197	2864	0,0349	0,0797	4912	3725	1187
L09105	2	-46,6983080	-23,4693623	4632	0,0432	0,1595	8469	5835	2634
L09106	1	-46,7001172	-23,4558324	1378	0,0726	0,0797	2670	1869	801
L09111	1	-46,6780978	-23,4504874	2994	0,0334	0,0797	5456	3938	1518
L09114	2	-46,6740490	-23,4675988	995	0,201	0,1595	1554	1250	304
L09115	1	-46,7003948	-23,4748538	1533	0,0652	0,0797	2655	1984	671
L09117	1	-46,7020440	-23,4580940	3715	0,0269	0,0797	6828	4901	1927
L09118	2	-46,6795279	-23,4641832	7883	0,0254	0,1595	15183	10348	4835
L09121	2	-46,6774616	-23,4736278	2374	0,0842	0,1595	4175	3125	1050
L09123	1	-46,6775348	-23,4595275	3138	0,0319	0,0797	5462	4143	1319
L09125	1	-46,6906963	-23,4692644	2790	0,0358	0,0797	5131	3574	1557
L09128	2	-46,6783972	-23,4823657	2002	0,0999	0,1595	3343	2538	805
L09134	1	-46,6848409	-23,4554709	3273	0,0306	0,0797	5723	4296	1427
L09135	1	-46,6875898	-23,4827743	3242	0,0308	0,0797	6012	4001	2011
L09324	1	-46,6807410	-23,7669661	7735	0,0129	0,0797	13259	9980	3279
L09328	1	-46,7141076	-23,7756410	2776	0,036	0,0797	4851	3566	1285
L09329	2	-46,7322899	-23,8269933	2869	0,0697	0,1595	5349	3686	1663
L09331	1	-46,7035072	-23,7651387	3604	0,0277	0,0797	6158	4583	1575
L09335	2	-46,6948722	-23,7705062	2172	0,0921	0,1595	3674	2724	950
L09336	2	-46,7167371	-23,7695068	4256	0,047	0,1595	7217	5340	1877
L09338	2	-46,7047219	-23,7660765	3374	0,0593	0,1595	5373	4248	1125
L09345	1	-46,7226984	-23,7765320	3746	0,0267	0,0797	6480	4713	1767
L09357	1	-46,6847035	-23,7863114	4077	0,0245	0,0797	6645	5160	1485
L09360	1	-46,7119437	-23,7376852	1979	0,0505	0,0797	3356	2393	963
L09363	1	-46,6948722	-23,7705062	3781	0,0264	0,0797	6218	4781	1437
L09367	4	-46,7096936	-23,7717519	1892	0,2114	0,319	3177	2421	756
L09368	1	-46,7095920	-23,7408252	1645	0,0608	0,0797	2849	2040	809
L09369	2	-46,7035380	-23,7651320	3146	0,0636	0,1595	4942	3849	1093
L09370	1	-46,7127840	-23,7642340	2495	0,0401	0,0797	4004	3110	894
L09645	1	-46,7119327	-23,4419746	3269	0,0306	0,0797	5682	4161	1521
L09649	2	-46,7155247	-23,4498055	1779	0,1124	0,1595	3423	2452	971
L09651	1	-46,7918881	-23,4360240	1363	0,0734	0,0797	2182	1702	480
L09661	2	-46,7122032	-23,4487517	1353	0,1478	0,1595	2268	1720	548
L09665	1	-46,7886883	-23,4499804	1255	0,0797	0,0797	2182	1658	524
L09671	1	-46,7508213	-23,4136565	4987	0,0201	0,0797	8189	6303	1886
L09675	2	-46,7080670	-23,4494150	1143	0,175	0,1595	1981	1479	502
L09677	1	-46,7928284	-23,4298912	2395	0,0418	0,0797	3987	2948	1039
L09681	1	-46,7207482	-23,4436328	613	0,1631	0,0797	1027	783	244
L09683	2	-46,7943213	-23,4324396	3095	0,0646	0,1595	4938	3901	1037
L09688	1	-46,7166746	-23,4347728	1683	0,0594	0,0797	2857	2153	704
L09698	2	-46,5211510	-23,5024680	3117	0,0642	0,1595	5306	4002	1304
L09701	1	-46,5067684	-23,5021411	4523	0,0221	0,0797	8238	6120	2118
L09703	2	-46,5143098	-23,5025941	3250	0,0615	0,1595	6003	4205	1798
L09705	1	-46,4976882	-23,4974521	2912	0,0343	0,0797	5100	3739	1361
L09707	1	-46,5102750	-23,5075010	2667	0,0375	0,0797	4934	3455	1479
L09708	2	-46,5011972	-23,4910374	3598	0,0556	0,1595	5673	4513	1160
L09709	2	-46,5011218	-23,4970068	2480	0,0806	0,1595	4098	3151	947
L09710	1	-46,5314823	-23,5021289	2230	0,0448	0,0797	4095	2837	1258
L09711	1	-46,5256831	-23,5120904	4021	0,0249	0,0797	7414	5163	2251
L09716	1	-46,5307769	-23,5112782	2975	0,0336	0,0797	5262	3745	1517
L09718	1	-46,5280832	-23,5051057	531	0,1883	0,0797	1009	704	305
L09719	3	-46,5199592	-23,4989882	906	0,3311	0,2392	1573	1175	398
L09720	4	-46,5061927	-23,4971573	1578	0,2535	0,319	2480	1979	501
L09723	1	-46,5113293	-23,5018991	844	0,1185	0,0797	1412	1106	306
L09753	1	-46,4717218	-23,5340019	1145	0,0873	0,0797	1944	1432	512
L09755	1	-46,4808207	-23,5172670	2520	0,0397	0,0797	4399	3291	1108
L09756	1	-46,5035712	-23,5158497	3180	0,0314	0,0797	5593	4105	1488
L09758	4	-46,4840632	-23,5126634	2966	0,1349	0,319	5485	3744	1741
L09759	1	-46,4893072	-23,5119538	2407	0,0415	0,0797	4544	3045	1499
L09764	2	-46,4678340	-23,5355610	3575	0,0559	0,1595	6685	4497	2188
L09765	1	-46,4693922	-23,5224683	3655	0,0274	0,0797	6254	4742	1512
L09766	2	-46,4880409	-23,5223342	3475	0,0576	0,1595	6125	4652	1473
L09769	1	-46,4765549	-23,5327711	2321	0,0431	0,0797	4173	2902	1271
L09772	2	-46,4729202	-23,5342395	2773	0,0721	0,1595	4787	3486	1301
L09773	1	-46,4860731	-23,5267363	2945	0,034	0,0797	4827	3741	1086
L09780	2	-46,4939673	-23,5195032	2596	0,077	0,1595	4433	3417	1016
L09782	3	-46,5030330	-23,5134156	1288	0,2329	0,2392	2007	1602	405
L09783	2	-46,4752420	-23,5235190	4447	0,045	0,1595	7421	5633	1788
L09922	2	-46,4327528	-23,4878458	1190	0,1681	0,1595	2000	1568	432
L09923	9	-46,4212855	-23,4882306	1531	0,5879	0,7177	2520	1972	548
L09925	15	-46,4289892	-23,4865951	4098	0,366	1,1962	7255	5323	1932
L09926	3	-46,4100903	-23,4872826	3946	0,076	0,2392	6777	5183	1594
L09927	2	-46,4105791	-23,5212702	3639	0,055	0,1595	6418	4656	1762
L09928	1	-46,4200714	-23,4802190	3350	0,0299	0,0797	5654	4131	1523
L09930	1	-46,4160982	-23,5152778	3213	0,0311	0,0797	5343	4160	1183
L09932	1	-46,4170900	-23,5033830	2547	0,0393	0,0797	4564	3380	1184
L09933	3	-46,4324856	-23,4898223	2690	0,1115	0,2392	4807	3562	1245
L09934	4	-46,4079760	-23,4926871	4280	0,0935	0,319	7364	5388	1976
L09935	2	-46,4135985	-23,4998743	4252	0,047	0,1595	7458	5385	2073
L09936	1	-46,4103530	-23,5225647	2103	0,0476	0,0797	3821	2877	944
L09937	5	-46,4180284	-23,4905184	3021	0,1655	0,3987	5041	3920	1121
L09938	15	-46,4304864	-23,4825986	3466	0,4328	1,1962	5946	4422	1524
L09941	2	-46,4089885	-23,5011168	2267	0,0882	0,1595	3907	3021	886
L09943	1	-46,4100104	-23,4972377	3575	0,028	0,0797	6284	4540	1744
L09945	6	-46,4180582	-23,4867289	3677	0,1632	0,4785	6336	4651	1685
L09946	1	-46,4171324	-23,4973316	1552	0,0644	0,0797	2567	1991	576
L09948	1	-46,4030957	-23,5139436	1816	0,0551	0,0797	3163	2414	749
L09949	7	-46,4214494	-23,4876594	3612	0,1938	0,5582	6099	4488	1611
L09950	1	-46,4230488	-23,4832865	2543	0,0393	0,0797	4173	3288	885
L09951	1	-46,4265698	-23,4780423	1572	0,0636	0,0797	2602	2034	568
L09952	3	-46,4147903	-23,4834509	2133	0,1406	0,2392	3499	2769	730
L09953	1	-46,4731140	-23,5114910	2130	0,0469	0,0797	3810	2793	1017
L09954	2	-46,4581061	-23,4953823	1804	0,1109	0,1595	3147	2304	843
L09955	1	-46,4581061	-23,4953823	1783	0,0561	0,0797	3145	2251	894
L09959	1	-46,4626811	-23,5121755	2874	0,0348	0,0797	5221	3497	1724
L09960	11	-46,4662456	-23,5033514	2103	0,5231	0,8772	3666	2754	912
L09961	5	-46,4759909	-23,5120600	2556	0,1956	0,3987	4311	3397	914
L09962	5	-46,4551140	-23,5001057	2153	0,2322	0,3987	3785	2650	1135
L09963	1	-46,4697092	-23,5174500	2760	0,0362	0,0797	4709	3527	1182
L09964	1	-46,4478293	-23,5112363	2288	0,0437	0,0797	3975	3015	960
L09965	1	-46,4559263	-23,4911459	2451	0,0408	0,0797	4152	3143	1009
L09966	1	-46,4707463	-23,5183632	1412	0,0708	0,0797	2465	1865	600
L09967	5	-46,4485753	-23,5009963	2271	0,2202	0,3987	3893	2812	1081
L09969	8	-46,4652162	-23,5011465	2204	0,363	0,638	3832	2745	1087
L09970	4	-46,4560056	-23,5122728	3898	0,1026	0,319	6534	5016	1518
L09971	7	-46,4610139	-23,4967947	2718	0,2575	0,5582	4758	3458	1300
L09972	4	-46,4663780	-23,5115601	2666	0,15	0,319	4869	3367	1502
L09973	1	-46,4696520	-23,5041190	2277	0,0439	0,0797	3842	2928	914
L09974	1	-46,4458454	-23,5101744	1031	0,097	0,0797	1684	1326	358
L09976	2	-46,4713404	-23,5033227	186	1,0753	0,1595	293	238	55
L09977	4	-46,4632140	-23,5043519	858	0,4662	0,319	1459	1097	362
L09978	1	-46,4641580	-23,5015134	720	0,1389	0,0797	1207	909	298
L09979	4	-46,4533158	-23,4993370	3973	0,1007	0,319	6808	4929	1879
L10136	1	-46,7342707	-23,4485696	2255	0,0443	0,0797	3877	2856	1021
L10138	1	-46,7498728	-23,4458752	1878	0,0532	0,0797	3193	2426	767
L10143	1	-46,7327693	-23,4440969	2479	0,0403	0,0797	4439	3210	1229
L10144	1	-46,7399232	-23,4365548	2333	0,0429	0,0797	3666	2924	742
L10154	1	-46,7551396	-23,4729593	2006	0,0499	0,0797	3186	2474	712
L10158	3	-46,3926354	-23,5832254	1568	0,1913	0,2392	2736	1965	771
L10159	2	-46,3986638	-23,5652267	1792	0,1116	0,1595	2935	2258	677
L10162	4	-46,4037340	-23,5668844	2580	0,155	0,319	4380	3282	1098
L10163	1	-46,3993980	-23,5747215	2015	0,0496	0,0797	3611	2678	933
L10164	1	-46,4000259	-23,5999090	3063	0,0326	0,0797	5283	3824	1459
L10166	3	-46,4073307	-23,5666032	3346	0,0897	0,2392	5875	4258	1617
L10168	1	-46,3812048	-23,5863795	1619	0,0618	0,0797	2724	2074	650
L10169	6	-46,4441227	-23,5965195	3830	0,1567	0,4785	6692	4988	1704
L10172	1	-46,3911438	-23,5781477	2553	0,0392	0,0797	4332	3191	1141
L10173	5	-46,4070213	-23,5656205	2817	0,1775	0,3987	4782	3657	1125
L10175	1	-46,4239217	-23,6195549	2758	0,0363	0,0797	4547	3517	1030
L10177	1	-46,4190164	-23,6146521	2988	0,0335	0,0797	5509	4074	1435
L10178	1	-46,4094033	-23,5851215	3329	0,03	0,0797	5585	4174	1411
L10179	5	-46,3916580	-23,5781044	2563	0,1951	0,3987	4718	3343	1375
L10180	2	-46,4062685	-23,5831792	1633	0,1225	0,1595	2765	2101	664
L10182	2	-46,4165108	-23,5924694	2887	0,0693	0,1595	4796	3618	1178
L10183	1	-46,3957789	-23,5915363	2543	0,0393	0,0797	4545	3320	1225
L10184	1	-46,3942223	-23,5789990	3555	0,0281	0,0797	6001	4511	1490
L10185	6	-46,4231640	-23,5985590	1231	0,4874	0,4785	2022	1583	439
L10188	3	-46,4191310	-23,5953088	1697	0,1768	0,2392	2949	2195	754
L10191	1	-46,4081455	-23,5938557	2942	0,034	0,0797	4794	3605	1189
L10192	1	-46,4115162	-23,5827476	2764	0,0362	0,0797	4732	3574	1158
L10193	1	-46,4414315	-23,5961736	2959	0,0338	0,0797	5227	3738	1489
L10194	4	-46,3915721	-23,5870657	3661	0,1093	0,319	5997	4550	1447
L10195	1	-46,4005020	-23,5933829	2950	0,0339	0,0797	5001	3717	1284
L10196	1	-46,3972299	-23,5709308	246	0,4065	0,0797	432	321	111
L10197	1	-46,3997870	-23,5705358	1901	0,0526	0,0797	3155	2448	707
L10198	3	-46,4014360	-23,5912442	4177	0,0718	0,2392	6889	5203	1686
L10201	1	-46,4342227	-23,5757888	1260	0,0794	0,0797	2285	1597	688
L10202	1	-46,4258475	-23,5516624	1476	0,0678	0,0797	2694	1997	697
L10206	1	-46,4374003	-23,5499344	2591	0,0386	0,0797	4412	3400	1012
L10207	1	-46,4402616	-23,5431917	2833	0,0353	0,0797	4781	3684	1097
L10209	1	-46,4412380	-23,5517239	2465	0,0406	0,0797	4185	3101	1084
L10210	5	-46,4355290	-23,5413160	4313	0,1159	0,3987	7351	5434	1917
L10211	1	-46,4410384	-23,5384069	4053	0,0247	0,0797	7309	5151	2158
L10212	1	-46,4277510	-23,5498460	3585	0,0279	0,0797	6336	4627	1709
L10213	1	-46,4350193	-23,5546910	4684	0,0213	0,0797	8573	6058	2515
L10215	2	-46,4375782	-23,5533997	2536	0,0789	0,1595	4483	3244	1239
L10216	1	-46,4285496	-23,5394983	3748	0,0267	0,0797	6636	4916	1720
L10217	1	-46,4293241	-23,5467063	3148	0,0318	0,0797	5968	4010	1958
L10219	1	-46,4216949	-23,5880443	2893	0,0346	0,0797	4936	3772	1164
L10220	4	-46,4161442	-23,5651315	3039	0,1316	0,319	5389	3972	1417
L10222	3	-46,4387810	-23,5470846	1896	0,1582	0,2392	3138	2443	695
L10311	1	-46,7438418	-23,6469973	3989	0,0251	0,0797	6890	4938	1952
L10313	1	-46,7409855	-23,6288859	4572	0,0219	0,0797	7434	5319	2115
L10328	1	-46,7421998	-23,6581125	3665	0,0273	0,0797	6040	4563	1477
L10330	1	-46,7277244	-23,6232924	3496	0,0286	0,0797	6463	4523	1940
L10334	1	-46,7309023	-23,6590081	3965	0,0252	0,0797	6583	4851	1732
L10337	1	-46,7498793	-23,6122189	1138	0,0879	0,0797	1735	1321	414
L10339	1	-46,7419737	-23,6662638	455	0,2198	0,0797	730	554	176
L10492	1	-46,6086090	-23,6438400	4118	0,0243	0,0797	7089	5189	1900
L10494	1	-46,6056518	-23,6282751	4556	0,0219	0,0797	7496	5612	1884
L10500	1	-46,6198639	-23,6259356	4553	0,022	0,0797	8580	5593	2987
L10512	1	-46,6126960	-23,6136070	2782	0,0359	0,0797	4566	3356	1210
L10515	2	-46,5935567	-23,6451630	3108	0,0644	0,1595	5258	3966	1292
L10610	1	-46,4812016	-23,5483731	3878	0,0258	0,0797	6716	5098	1618
L10611	4	-46,4696904	-23,5681129	5770	0,0693	0,319	11060	7441	3619
L10612	4	-46,4871909	-23,5625475	3428	0,1167	0,319	5997	4558	1439
L10613	1	-46,4813947	-23,5513733	2971	0,0337	0,0797	4901	3803	1098
L10618	1	-46,4876555	-23,5528722	3863	0,0259	0,0797	7214	4790	2424
L10619	1	-46,4735226	-23,5580480	2559	0,0391	0,0797	4469	3296	1173
L10620	1	-46,4864496	-23,5496384	3089	0,0324	0,0797	5680	3970	1710
L10621	3	-46,4798018	-23,5438419	3988	0,0752	0,2392	7410	5062	2348
L10623	1	-46,4610673	-23,5638539	2685	0,0372	0,0797	4646	3537	1109
L10625	2	-46,4714895	-23,5528836	3285	0,0609	0,1595	5837	4288	1549
L10626	1	-46,4918596	-23,5564505	1317	0,0759	0,0797	2318	1776	542
L10627	3	-46,4652985	-23,5546299	3666	0,0818	0,2392	6843	4619	2224
L10628	5	-46,4787958	-23,5757265	2501	0,1999	0,3987	4279	3187	1092
L10629	2	-46,4814410	-23,5690400	3111	0,0643	0,1595	5332	4086	1246
L10633	1	-46,4580781	-23,5527746	2129	0,047	0,0797	3815	2839	976
L10635	1	-46,6440127	-23,7047708	4681	0,0214	0,0797	8880	6015	2865
L10644	1	-46,6556236	-23,6824021	2836	0,0353	0,0797	4936	3557	1379
L10651	2	-46,6505536	-23,7001667	3622	0,0552	0,1595	6325	4590	1735
L10661	2	-46,6761983	-23,6715815	3187	0,0628	0,1595	5530	3861	1669
L10664	1	-46,6822506	-23,6859937	2727	0,0367	0,0797	4800	3284	1516
L10668	2	-46,6754475	-23,6898357	1623	0,1232	0,1595	2747	2004	743
L10670	2	-46,6532948	-23,6930429	4054	0,0493	0,1595	7018	5197	1821
L10671	1	-46,6759703	-23,6706677	1293	0,0773	0,0797	1989	1559	430
L10713	2	-46,5785229	-23,4851103	1775	0,1127	0,1595	3031	2287	744
L10717	4	-46,5630814	-23,4738195	2767	0,1446	0,319	5120	3441	1679
L10719	1	-46,5812144	-23,4890395	2814	0,0355	0,0797	4897	3512	1385
L10722	4	-46,5624088	-23,4783293	2298	0,1741	0,319	4490	2893	1597
L10723	1	-46,5874208	-23,4972108	3391	0,0295	0,0797	6308	4248	2060
L10726	4	-46,5861292	-23,4922494	2903	0,1378	0,319	5395	3706	1689
L10727	1	-46,5724481	-23,4898866	3376	0,0296	0,0797	6286	4313	1973
L10728	1	-46,5798590	-23,4856546	3035	0,0329	0,0797	5717	3858	1859
L10732	1	-46,5717637	-23,4775916	2749	0,0364	0,0797	4752	3504	1248
L10734	1	-46,5710103	-23,4865175	2594	0,0386	0,0797	4572	3267	1305
L10737	2	-46,5819128	-23,4810310	2931	0,0682	0,1595	5742	3793	1949
L10747	1	-46,5153124	-23,6258598	2667	0,0375	0,0797	4720	3501	1219
L10751	1	-46,5061790	-23,6170608	3511	0,0285	0,0797	6321	4673	1648
L10757	1	-46,5082245	-23,6128851	3263	0,0306	0,0797	5872	4151	1721
L10758	2	-46,5007848	-23,6042677	3731	0,0536	0,1595	6630	4687	1943
L10760	2	-46,4938454	-23,6105292	2751	0,0727	0,1595	4899	3482	1417
L10762	2	-46,5016183	-23,6011869	3850	0,0519	0,1595	6508	4865	1643
L10766	1	-46,4983849	-23,5987055	3171	0,0315	0,0797	5783	4036	1747
L10772	3	-46,6412490	-23,4854900	1860	0,1613	0,2392	2866	2221	645
L10773	2	-46,6378689	-23,4793297	3726	0,0537	0,1595	5957	4473	1484
L10774	3	-46,6386490	-23,4679230	2796	0,1073	0,2392	4464	3356	1108
L10777	2	-46,6334518	-23,4764864	2961	0,0675	0,1595	5466	3552	1914
L10782	1	-46,6285532	-23,4710309	2053	0,0487	0,0797	3411	2494	917
L10784	1	-46,6538036	-23,4559206	2010	0,0498	0,0797	3602	2586	1016
L10785	1	-46,6647421	-23,4572438	3367	0,0297	0,0797	6195	4418	1777
L10791	2	-46,6510885	-23,4620515	3736	0,0535	0,1595	6918	4639	2279
L10792	1	-46,6392692	-23,4685393	2749	0,0364	0,0797	4914	3299	1615
L10794	1	-46,6467400	-23,4764270	3174	0,0315	0,0797	5910	4120	1790
