cod_local	QT_VOTOS	longitude	latitude	LOC_VALID	%_LOC_V	%_CAND	QT_APTOS	QT_COMPARECIMENTO	QT_ABSTENCOES
L00008	1	-46,6464095	-23,5560819	3643	0,0274	0,4717	6983	4278	2705
L00023	1	-46,6498912	-23,5493645	2834	0,0353	0,4717	4909	3201	1708
L00053	1	-46,6630845	-23,5450242	5945	0,0168	0,4717	9970	6457	3513
L00082	1	-46,5746890	-23,5568730	2818	0,0355	0,4717	4581	3379	1202
L00091	1	-46,5964833	-23,5637925	3169	0,0316	0,4717	6188	3786	2402
L00095	1	-46,5726610	-23,5574173	1814	0,0551	0,4717	3331	2227	1104
L00102	2	-46,5979424	-23,5532296	4622	0,0433	0,9434	8563	5548	3015
L00124	1	-46,6605835	-23,5566944	5697	0,0176	0,4717	10701	6297	4404
L00152	1	-46,6459660	-23,5746810	3017	0,0331	0,4717	4888	3361	1527
L05645	1	-46,7037676	-23,5217140	2362	0,0423	0,4717	4257	2725	1532
L05652	2	-46,7154710	-23,5098656	794	0,2519	0,9434	1292	929	363
L05653	2	-46,7091294	-23,5350839	1807	0,1107	0,9434	3207	2079	1128
L05663	1	-46,7053463	-23,5246614	2188	0,0457	0,4717	4237	2584	1653
L05675	2	-46,7468883	-23,4900910	2971	0,0673	0,9434	5066	3751	1315
L05678	1	-46,7498669	-23,4969079	2593	0,0386	0,4717	4758	3251	1507
L05680	1	-46,7126480	-23,5305875	978	0,1022	0,4717	1592	1112	480
L05685	1	-46,7053660	-23,5158470	812	0,1232	0,4717	1357	974	383
L05697	1	-46,6950038	-23,5603746	3405	0,0294	0,4717	5468	3675	1793
L05774	1	-46,5225365	-23,5551065	2202	0,0454	0,4717	4174	2786	1388
L05846	1	-46,6811823	-23,4913790	3097	0,0323	0,4717	5454	4068	1386
L05855	1	-46,6512743	-23,4915758	3689	0,0271	0,4717	6598	4579	2019
L05872	1	-46,6618430	-23,4656280	2879	0,0347	0,4717	4826	3497	1329
L05887	1	-46,6220405	-23,4613396	2348	0,0426	0,4717	4444	2795	1649
L05931	1	-46,5593803	-23,5886767	2087	0,0479	0,4717	3493	2634	859
L05989	1	-46,6718044	-23,6208493	3539	0,0283	0,4717	6412	4051	2361
L07660	3	-46,7286689	-23,4834509	3071	0,0977	1,4151	5145	3881	1264
L07661	1	-46,7108413	-23,4971928	1645	0,0608	0,4717	2799	2020	779
L07663	3	-46,7465927	-23,4712764	2639	0,1137	1,4151	4854	3268	1586
L07664	1	-46,7296043	-23,4932746	3302	0,0303	0,4717	5686	4020	1666
L07666	4	-46,7187075	-23,4795423	4684	0,0854	1,8868	9004	6008	2996
L07668	7	-46,7496458	-23,4783071	2726	0,2568	3,3019	4622	3476	1146
L07669	7	-46,7461037	-23,4816392	3660	0,1913	3,3019	6759	4550	2209
L07670	4	-46,7157223	-23,4910050	3437	0,1164	1,8868	6527	4354	2173
L07673	1	-46,7258835	-23,4822099	1763	0,0567	0,4717	3138	2256	882
L07674	4	-46,7340887	-23,4861415	1145	0,3493	1,8868	1962	1407	555
L07675	3	-46,7341179	-23,4868877	2381	0,126	1,4151	4269	2907	1362
L07676	1	-46,7132969	-23,4942851	2690	0,0372	0,4717	5011	3334	1677
L07677	2	-46,7174065	-23,4896350	2905	0,0688	0,9434	5357	3563	1794
L07678	1	-46,7265335	-23,4891389	1972	0,0507	0,4717	3537	2347	1190
L07679	1	-46,7399355	-23,4854976	1669	0,0599	0,4717	2714	2024	690
L07680	2	-46,7195562	-23,4798197	961	0,2081	0,9434	1641	1213	428
L07681	2	-46,7278522	-23,4974960	3589	0,0557	0,9434	6232	4432	1800
L07689	1	-46,4919582	-23,5063549	2108	0,0474	0,4717	3605	2714	891
L07705	1	-46,4753246	-23,4969321	1922	0,052	0,4717	3284	2392	892
L07706	1	-46,4963575	-23,4925264	630	0,1587	0,4717	1072	816	256
L07715	1	-46,7054395	-23,4973447	1332	0,0751	0,4717	2162	1641	521
L07719	1	-46,7107558	-23,4817647	814	0,1229	0,4717	1337	1027	310
L07721	2	-46,7021950	-23,4842550	3320	0,0602	0,9434	6150	4149	2001
L07722	2	-46,7100048	-23,4798680	2502	0,0799	0,9434	4590	3267	1323
L07723	1	-46,7155090	-23,4737413	2363	0,0423	0,4717	4249	3098	1151
L07724	5	-46,7078711	-23,4942478	2028	0,2465	2,3585	3798	2545	1253
L07725	2	-46,7203590	-23,4728158	1930	0,1036	0,9434	3380	2566	814
L07729	1	-46,7028160	-23,4979150	3736	0,0268	0,4717	6670	4600	2070
L07738	1	-46,7064209	-23,4786059	2105	0,0475	0,4717	3957	2729	1228
L07739	4	-46,7128806	-23,4857983	3106	0,1288	1,8868	5261	3930	1331
L07743	2	-46,7214900	-23,4681351	742	0,2695	0,9434	1290	983	307
L08250	3	-46,5370743	-23,5335666	1855	0,1617	1,4151	3292	2341	951
L08258	1	-46,5095374	-23,5384628	2376	0,0421	0,4717	4461	3015	1446
L08268	1	-46,5382964	-23,5663555	2910	0,0344	0,4717	5207	3628	1579
L08330	1	-46,5220144	-23,6090632	4420	0,0226	0,4717	8006	5587	2419
L08331	1	-46,5224167	-23,5870214	2150	0,0465	0,4717	3937	2882	1055
L08396	1	-46,3830556	-23,4914097	2865	0,0349	0,4717	5005	3783	1222
L08940	3	-46,7643695	-23,6705361	2617	0,1146	1,4151	4716	3439	1277
L09008	1	-46,7530566	-23,5528242	2689	0,0372	0,4717	4923	3222	1701
L09088	1	-46,4794297	-23,6111057	1109	0,0902	0,4717	1904	1450	454
L09101	1	-46,6966832	-23,4469548	4193	0,0238	0,4717	7420	5285	2135
L09109	2	-46,7072163	-23,4599973	3074	0,0651	0,9434	5299	3983	1316
L09116	1	-46,6837802	-23,4832228	2960	0,0338	0,4717	5049	3734	1315
L09130	1	-46,6766890	-23,4765394	2390	0,0418	0,4717	4244	3085	1159
L09336	2	-46,7167371	-23,7695068	4256	0,047	0,9434	7217	5340	1877
L09644	2	-46,7595246	-23,4046073	6764	0,0296	0,9434	12622	8645	3977
L09645	2	-46,7119327	-23,4419746	3269	0,0612	0,9434	5682	4161	1521
L09646	3	-46,7549560	-23,4068430	2871	0,1045	1,4151	5297	3589	1708
L09647	1	-46,7170362	-23,4446937	2209	0,0453	0,4717	3864	2823	1041
L09648	1	-46,7176648	-23,4359306	3664	0,0273	0,4717	6857	4617	2240
L09649	2	-46,7155247	-23,4498055	1779	0,1124	0,9434	3423	2452	971
L09653	2	-46,7571522	-23,4107543	2816	0,071	0,9434	5154	3588	1566
L09656	2	-46,7076665	-23,4422276	2819	0,0709	0,9434	4709	3625	1084
L09657	1	-46,7266588	-23,4265393	2406	0,0416	0,4717	4002	3119	883
L09660	2	-46,7415768	-23,4083171	2643	0,0757	0,9434	4472	3454	1018
L09664	1	-46,7473147	-23,4131502	2105	0,0475	0,4717	3471	2666	805
L09665	1	-46,7886883	-23,4499804	1255	0,0797	0,4717	2182	1658	524
L09669	3	-46,7604130	-23,4096050	2754	0,1089	1,4151	5019	3660	1359
L09670	2	-46,7192047	-23,4348671	2032	0,0984	0,9434	3853	2568	1285
L09676	1	-46,7277583	-23,4386909	1807	0,0553	0,4717	3125	2351	774
L09685	2	-46,7141265	-23,4344010	2433	0,0822	0,9434	4113	3094	1019
L09687	4	-46,7169255	-23,4553166	2697	0,1483	1,8868	4650	3488	1162
L09688	1	-46,7166746	-23,4347728	1683	0,0594	0,4717	2857	2153	704
L09719	1	-46,5199592	-23,4989882	906	0,1104	0,4717	1573	1175	398
L09771	2	-46,4943893	-23,5089738	3192	0,0627	0,9434	5877	3982	1895
L09933	1	-46,4324856	-23,4898223	2690	0,0372	0,4717	4807	3562	1245
L09938	1	-46,4304864	-23,4825986	3466	0,0289	0,4717	5946	4422	1524
L09958	5	-46,4555571	-23,4916901	2939	0,1701	2,3585	5404	4032	1372
L09965	1	-46,4559263	-23,4911459	2451	0,0408	0,4717	4152	3143	1009
L10130	1	-46,7515284	-23,4909867	3496	0,0286	0,4717	6108	4518	1590
L10132	2	-46,7445881	-23,4500351	3272	0,0611	0,9434	5780	4132	1648
L10135	1	-46,7502212	-23,4398778	2289	0,0437	0,4717	3989	2990	999
L10139	1	-46,7581248	-23,4814649	2609	0,0383	0,4717	4345	3256	1089
L10140	1	-46,7462176	-23,4551621	1903	0,0525	0,4717	3307	2338	969
L10141	3	-46,7603206	-23,4906328	1931	0,1554	1,4151	3394	2499	895
L10142	2	-46,7493180	-23,4872341	3224	0,062	0,9434	6110	4046	2064
L10144	3	-46,7399232	-23,4365548	2333	0,1286	1,4151	3666	2924	742
L10145	1	-46,7525083	-23,4519450	1441	0,0694	0,4717	2514	1880	634
L10146	4	-46,7518624	-23,4341802	2704	0,1479	1,8868	4539	3584	955
L10147	1	-46,7433597	-23,4559128	2088	0,0479	0,4717	3915	2589	1326
L10148	8	-46,7311790	-23,4454790	2341	0,3417	3,7736	3944	2990	954
L10150	1	-46,7376300	-23,4559550	1157	0,0864	0,4717	1989	1497	492
L10151	1	-46,7566652	-23,4897825	2092	0,0478	0,4717	3515	2634	881
L10153	1	-46,7291158	-23,4519438	2823	0,0354	0,4717	4774	3497	1277
L10154	3	-46,7551396	-23,4729593	2006	0,1496	1,4151	3186	2474	712
L10155	2	-46,7295407	-23,4509098	1159	0,1726	0,9434	2001	1487	514
L10156	1	-46,7461969	-23,4530448	960	0,1042	0,4717	1618	1224	394
L10166	1	-46,4073307	-23,5666032	3346	0,0299	0,4717	5875	4258	1617
L10217	1	-46,4293241	-23,5467063	3148	0,0318	0,4717	5968	4010	1958
L10614	1	-46,4765220	-23,5538502	1616	0,0619	0,4717	2992	2135	857
L10627	1	-46,4652985	-23,5546299	3666	0,0273	0,4717	6843	4619	2224
L10629	1	-46,4814410	-23,5690400	3111	0,0321	0,4717	5332	4086	1246
L10631	1	-46,4748034	-23,5576482	753	0,1328	0,4717	1240	968	272
L10751	2	-46,5061790	-23,6170608	3511	0,057	0,9434	6321	4673	1648
L10765	1	-46,4965013	-23,6166543	3324	0,0301	0,4717	6076	4282	1794
L10795	1	-46,6448499	-23,4728933	2607	0,0384	0,4717	4567	3376	1191
