cod_local	QT_VOTOS	longitude	latitude	LOC_VALID	%_LOC_V	%_CAND	QT_APTOS	QT_COMPARECIMENTO	QT_ABSTENCOES
L00002	1	-46,6458082	-23,5644282	2271	0,044	0,025	3779	2548	1231
L00004	3	-46,6511260	-23,5652103	5298	0,0566	0,0749	9838	5921	3917
L00006	2	-46,6471893	-23,5496488	4359	0,0459	0,0499	8358	5061	3297
L00008	1	-46,6464095	-23,5560819	3643	0,0274	0,025	6983	4278	2705
L00011	2	-46,6535747	-23,5498948	3808	0,0525	0,0499	7072	4407	2665
L00012	4	-46,6461964	-23,5700830	3252	0,123	0,0998	6283	3656	2627
L00013	2	-46,6421456	-23,5572933	2899	0,069	0,0499	5416	3426	1990
L00014	1	-46,6289218	-23,5548030	2700	0,037	0,025	5182	3459	1723
L00018	1	-46,6419109	-23,5592168	3389	0,0295	0,025	7001	3906	3095
L00019	4	-46,6376429	-23,5607300	2664	0,1502	0,0998	5259	3125	2134
L00021	1	-46,6419109	-23,5592168	3437	0,0291	0,025	6548	4013	2535
L00022	4	-46,6521240	-23,5458002	10350	0,0386	0,0998	18525	11583	6942
L00026	2	-46,6351446	-23,5631017	1170	0,1709	0,0499	2088	1410	678
L00029	2	-46,6858903	-23,5271427	1846	0,1083	0,0499	2661	2067	594
L00031	1	-46,6872489	-23,5323018	3785	0,0264	0,025	5622	4272	1350
L00033	2	-46,6545420	-23,5418060	2940	0,068	0,0499	4562	3313	1249
L00034	2	-46,6605264	-23,5415277	5254	0,0381	0,0499	7993	5767	2226
L00036	2	-46,6671104	-23,5303076	1611	0,1241	0,0499	3037	1845	1192
L00041	2	-46,6798996	-23,5306990	2132	0,0938	0,0499	3296	2395	901
L00044	1	-46,6566305	-23,5207777	1534	0,0652	0,025	2722	1815	907
L00049	1	-46,6806583	-23,5307166	4578	0,0218	0,025	8065	5186	2879
L00051	1	-46,6946005	-23,5421890	3052	0,0328	0,025	5602	3572	2030
L00052	7	-46,6832663	-23,5289919	4888	0,1432	0,1747	8677	5629	3048
L00058	1	-46,6432297	-23,5320752	3161	0,0316	0,025	6470	3731	2739
L00060	4	-46,6711550	-23,5381000	10857	0,0368	0,0998	17946	11853	6093
L00061	2	-46,6666956	-23,5298372	3408	0,0587	0,0499	6305	3946	2359
L00062	2	-46,6375237	-23,5287430	2256	0,0887	0,0499	4421	2765	1656
L00064	3	-46,6278434	-23,5475185	2980	0,1007	0,0749	5641	3584	2057
L00065	1	-46,6385252	-23,5376549	2229	0,0449	0,025	4267	2744	1523
L00068	1	-46,6432775	-23,5262231	2815	0,0355	0,025	5403	3409	1994
L00069	4	-46,6240453	-23,5332439	1765	0,2266	0,0998	3469	2192	1277
L00070	2	-46,6134834	-23,5400667	2964	0,0675	0,0499	5594	3588	2006
L00074	2	-46,6370866	-23,5384772	2847	0,0702	0,0499	6133	3437	2696
L00075	1	-46,6325856	-23,5295792	4103	0,0244	0,025	8045	4955	3090
L00077	2	-46,6228821	-23,5238878	3089	0,0647	0,0499	5985	3756	2229
L00078	2	-46,6212238	-23,5429654	2774	0,0721	0,0499	5496	3398	2098
L00081	3	-46,5848689	-23,5392025	3560	0,0843	0,0749	5984	4200	1784
L00082	1	-46,5746890	-23,5568730	2818	0,0355	0,025	4581	3379	1202
L00083	1	-46,5997287	-23,5410220	3324	0,0301	0,025	6501	4011	2490
L00084	4	-46,5895134	-23,5593568	5301	0,0755	0,0998	8807	6387	2420
L00086	1	-46,6000356	-23,5353560	2856	0,035	0,025	5171	3468	1703
L00089	4	-46,5902871	-23,5470008	2261	0,1769	0,0998	4286	2820	1466
L00091	2	-46,5964833	-23,5637925	3169	0,0631	0,0499	6188	3786	2402
L00093	6	-46,5813248	-23,5619799	3706	0,1619	0,1497	6970	4489	2481
L00094	3	-46,6214361	-23,5534993	2393	0,1254	0,0749	4753	2932	1821
L00095	1	-46,5726610	-23,5574173	1814	0,0551	0,025	3331	2227	1104
L00096	2	-46,5697601	-23,5636527	4049	0,0494	0,0499	7290	5070	2220
L00098	1	-46,5984516	-23,5519192	955	0,1047	0,025	1806	1145	661
L00099	2	-46,5683158	-23,5701115	2161	0,0925	0,0499	3989	2770	1219
L00100	1	-46,5637915	-23,5715671	2872	0,0348	0,025	5130	3619	1511
L00101	7	-46,5902071	-23,5606910	4284	0,1634	0,1747	7988	5172	2816
L00102	4	-46,5979424	-23,5532296	4622	0,0865	0,0998	8563	5548	3015
L00103	4	-46,5812316	-23,5700009	4342	0,0921	0,0998	7905	5265	2640
L00106	3	-46,5939719	-23,5375195	4328	0,0693	0,0749	6924	5149	1775
L00107	1	-46,6116378	-23,5511180	2148	0,0466	0,025	4565	2585	1980
L00108	2	-46,5976041	-23,5519593	6779	0,0295	0,0499	11883	7994	3889
L00118	1	-46,6768341	-23,5885769	2860	0,035	0,025	5240	3249	1991
L00121	1	-46,6790390	-23,5798975	3855	0,0259	0,025	7199	4264	2935
L00124	1	-46,6605835	-23,5566944	5697	0,0176	0,025	10701	6297	4404
L00125	2	-46,6822891	-23,5834680	4924	0,0406	0,0499	9066	5408	3658
L00127	3	-46,6605835	-23,5566944	6318	0,0475	0,0749	11459	6999	4460
L00128	1	-46,6769068	-23,6001070	3888	0,0257	0,025	6994	4384	2610
L00133	1	-46,6320497	-23,5811282	2750	0,0364	0,025	4986	3131	1855
L00134	1	-46,6358455	-23,5895447	4856	0,0206	0,025	8425	5454	2971
L00136	4	-46,6234512	-23,5608329	4167	0,096	0,0998	7421	4897	2524
L00151	1	-46,6209441	-23,5882398	2949	0,0339	0,025	4478	3358	1120
L00156	2	-46,6397771	-23,5727404	4608	0,0434	0,0499	8784	5242	3542
L00157	2	-46,6389836	-23,5697573	5176	0,0386	0,0499	8809	5934	2875
L00534	1	-46,7872371	-23,6773522	3311	0,0302	0,025	5703	4173	1530
L00544	1	-46,7734160	-23,6802425	3538	0,0283	0,025	6419	4341	2078
L00545	1	-46,7766899	-23,6802567	3771	0,0265	0,025	6802	4728	2074
L05530	3	-46,7007739	-23,6497088	5044	0,0595	0,0749	8236	5638	2598
L05532	1	-46,7034029	-23,6447800	2886	0,0347	0,025	4752	3201	1551
L05534	1	-46,6930410	-23,6638790	5787	0,0173	0,025	9716	6724	2992
L05536	1	-46,6821350	-23,6631782	5321	0,0188	0,025	8921	6173	2748
L05545	3	-46,6998999	-23,6559182	2564	0,117	0,0749	3946	2911	1035
L05547	2	-46,7031531	-23,6485078	2502	0,0799	0,0499	4597	2896	1701
L05552	8	-46,4488381	-23,4906612	2090	0,3828	0,1997	3620	2620	1000
L05554	5	-46,4441795	-23,4982353	3546	0,141	0,1248	6065	4260	1805
L05555	1	-46,4398111	-23,5068607	1270	0,0787	0,025	2259	1566	693
L05557	1	-46,4452179	-23,4993366	2352	0,0425	0,025	3986	2897	1089
L05558	4	-46,4234630	-23,5085168	3758	0,1064	0,0998	6529	4735	1794
L05559	1	-46,4198222	-23,5098866	1943	0,0515	0,025	3330	2529	801
L05561	4	-46,4389924	-23,5145862	3097	0,1292	0,0998	5489	4147	1342
L05562	4	-46,4459517	-23,5057536	2705	0,1479	0,0998	4642	3367	1275
L05563	3	-46,4331534	-23,4945484	2753	0,109	0,0749	4924	3393	1531
L05564	1	-46,4259779	-23,5162635	4083	0,0245	0,025	6687	5009	1678
L05565	1	-46,4195668	-23,5172129	2191	0,0456	0,025	3749	2826	923
L05566	2	-46,4352447	-23,5020281	2851	0,0702	0,0499	4735	3521	1214
L05567	2	-46,4215117	-23,5013996	3622	0,0552	0,0499	6083	4594	1489
L05568	2	-46,4300003	-23,4998815	2971	0,0673	0,0499	5227	3654	1573
L05570	3	-46,4345329	-23,5094734	3688	0,0813	0,0749	6309	4565	1744
L05572	2	-46,4193422	-23,5228558	2139	0,0935	0,0499	3993	2664	1329
L05573	6	-46,4192720	-23,4963124	2328	0,2577	0,1497	4347	2982	1365
L05574	2	-46,4424219	-23,4946443	1702	0,1175	0,0499	3011	2169	842
L05576	1	-46,4220218	-23,5011268	1232	0,0812	0,025	1990	1570	420
L05578	99	-46,4526050	-23,5387875	2564	3,8612	2,4707	4882	3187	1695
L05579	13	-46,4415141	-23,5227656	2072	0,6274	0,3244	3867	2846	1021
L05580	19	-46,4367093	-23,5286893	3428	0,5543	0,4742	6257	4314	1943
L05581	17	-46,4522081	-23,5171617	3935	0,432	0,4243	6924	5015	1909
L05582	14	-46,4362612	-23,5281919	1912	0,7322	0,3494	3481	2438	1043
L05583	20	-46,4325849	-23,5321585	3488	0,5734	0,4991	6128	4395	1733
L05584	15	-46,4623208	-23,5289299	3239	0,4631	0,3743	5568	4191	1377
L05585	55	-46,4451845	-23,5472188	2365	2,3256	1,3726	4123	3094	1029
L05586	15	-46,4459252	-23,5256810	2399	0,6253	0,3743	4163	3117	1046
L05587	43	-46,4443497	-23,5387667	3161	1,3603	1,0731	5471	4127	1344
L05588	6	-46,4326641	-23,5174330	2595	0,2312	0,1497	4297	3303	994
L05589	98	-46,4544868	-23,5471412	2039	4,8063	2,4457	3417	2606	811
L05590	110	-46,4560761	-23,5496358	3285	3,3486	2,7452	6239	4284	1955
L05591	315	-46,4544144	-23,5410443	3621	8,6993	7,8612	6839	4640	2199
L05592	26	-46,4528483	-23,5265608	3373	0,7708	0,6489	6254	4448	1806
L05593	14	-46,4528982	-23,5182408	3494	0,4007	0,3494	6309	4695	1614
L05594	48	-46,4618318	-23,5393802	2228	2,1544	1,1979	3850	2859	991
L05595	76	-46,4580805	-23,5512840	2564	2,9641	1,8967	4400	3342	1058
L05596	53	-46,4536228	-23,5552304	3671	1,4437	1,3227	6672	4852	1820
L05597	13	-46,4601240	-23,5260232	3143	0,4136	0,3244	5422	4051	1371
L05598	4	-46,4625526	-23,5168760	2035	0,1966	0,0998	3550	2651	899
L05599	61	-46,4443340	-23,5321000	3793	1,6082	1,5223	6860	4712	2148
L05600	50	-46,4589975	-23,5302914	3067	1,6303	1,2478	5494	3916	1578
L05601	8	-46,4359061	-23,5226454	2327	0,3438	0,1997	4159	3108	1051
L05602	8	-46,4402958	-23,5148095	3394	0,2357	0,1997	6298	4377	1921
L05603	24	-46,4430227	-23,5314831	2610	0,9195	0,599	4621	3404	1217
L05604	9	-46,4434311	-23,5313295	1136	0,7923	0,2246	1958	1485	473
L05605	8	-46,4587342	-23,5292643	947	0,8448	0,1997	1607	1196	411
L05606	7	-46,4338955	-23,5321290	491	1,4257	0,1747	859	653	206
L05607	6	-46,4470139	-23,5216112	1268	0,4732	0,1497	2275	1708	567
L05608	111	-46,4565300	-23,5399000	1319	8,4155	2,7702	2270	1658	612
L05610	89	-46,4554689	-23,5282555	6146	1,4481	2,2211	10609	7693	2916
L05611	1	-46,6300964	-23,5033502	2831	0,0353	0,025	4847	3284	1563
L05621	2	-46,6332236	-23,4899666	5271	0,0379	0,0499	8744	6129	2615
L05622	1	-46,6256600	-23,4972860	1960	0,051	0,025	3358	2341	1017
L05625	1	-46,6261164	-23,4898514	2978	0,0336	0,025	5488	3556	1932
L05628	1	-46,6157633	-23,4933572	2589	0,0386	0,025	4750	3013	1737
L05629	1	-46,6242804	-23,4770119	2556	0,0391	0,025	4643	3161	1482
L05630	1	-46,6433628	-23,5013965	1299	0,077	0,025	2306	1568	738
L05632	4	-46,6381967	-23,4939821	2961	0,1351	0,0998	5002	3517	1485
L05636	1	-46,6317593	-23,5028361	836	0,1196	0,025	1410	975	435
L05645	2	-46,7037676	-23,5217140	2362	0,0847	0,0499	4257	2725	1532
L05647	1	-46,7273840	-23,5310160	1602	0,0624	0,025	2410	1810	600
L05657	1	-46,6883851	-23,5246954	2280	0,0439	0,025	3964	2619	1345
L05658	1	-46,7052733	-23,5150700	2442	0,041	0,025	4469	2893	1576
L05660	1	-46,7231084	-23,5262770	2294	0,0436	0,025	3992	2673	1319
L05661	1	-46,7443554	-23,5048937	2325	0,043	0,025	4192	2863	1329
L05662	3	-46,7545011	-23,5097174	1694	0,1771	0,0749	3337	2259	1078
L05663	1	-46,7053463	-23,5246614	2188	0,0457	0,025	4237	2584	1653
L05667	1	-46,6875289	-23,5240849	2857	0,035	0,025	4734	3347	1387
L05668	2	-46,7212419	-23,5119029	1112	0,1799	0,0499	2192	1343	849
L05671	2	-46,7382418	-23,4999018	2364	0,0846	0,0499	4244	2840	1404
L05679	2	-46,7572703	-23,5028236	2080	0,0962	0,0499	3534	2609	925
L05687	1	-46,7293085	-23,5091600	847	0,1181	0,025	1262	988	274
L05691	2	-46,7186092	-23,5246136	1648	0,1214	0,0499	2675	1868	807
L05704	1	-46,7169080	-23,5430685	2482	0,0403	0,025	4378	2777	1601
L05705	1	-46,6896585	-23,5656255	3181	0,0314	0,025	5968	3546	2422
L05708	1	-46,6938161	-23,5563030	2004	0,0499	0,025	3625	2231	1394
L05713	1	-46,6816743	-23,5708583	3367	0,0297	0,025	5931	3590	2341
L05717	1	-46,6818722	-23,5560723	2822	0,0354	0,025	4697	3062	1635
L05722	6	-46,5000225	-23,5253888	2828	0,2122	0,1497	4665	3627	1038
L05723	3	-46,5331739	-23,5220975	2306	0,1301	0,0749	3823	2837	986
L05725	1	-46,5417930	-23,5164577	1220	0,082	0,025	2066	1547	519
L05726	4	-46,4882070	-23,5327782	863	0,4635	0,0998	1543	1100	443
L05728	8	-46,5180445	-23,5238771	2335	0,3426	0,1997	4138	2919	1219
L05729	5	-46,5386362	-23,5224127	3595	0,1391	0,1248	7112	4601	2511
L05731	2	-46,5285678	-23,5250739	3128	0,0639	0,0499	5872	3858	2014
L05732	2	-46,5420909	-23,5149960	1636	0,1222	0,0499	3191	2056	1135
L05733	1	-46,5480210	-23,5212900	2116	0,0473	0,025	4002	2723	1279
L05734	1	-46,5478984	-23,5284411	2172	0,046	0,025	4014	2746	1268
L05735	5	-46,4932640	-23,5309670	2238	0,2234	0,1248	4145	2862	1283
L05736	4	-46,5179226	-23,5228086	3663	0,1092	0,0998	6711	4640	2071
L05737	2	-46,4989941	-23,5275262	2079	0,0962	0,0499	3862	2632	1230
L05738	2	-46,5333555	-23,5182551	2464	0,0812	0,0499	4343	3015	1328
L05739	6	-46,4991515	-23,5296706	3000	0,2	0,1497	5527	3909	1618
L05740	5	-46,5095310	-23,5250203	3929	0,1273	0,1248	7326	4889	2437
L05741	1	-46,5356236	-23,5299143	915	0,1093	0,025	1501	1148	353
L05742	3	-46,5211173	-23,5214041	2853	0,1052	0,0749	5266	3603	1663
L05744	2	-46,5317318	-23,5311949	1071	0,1867	0,0499	1768	1306	462
L05745	3	-46,5393250	-23,5309129	2457	0,1221	0,0749	4417	3008	1409
L05746	3	-46,5505175	-23,5250578	1516	0,1979	0,0749	2837	1855	982
L05747	2	-46,5214246	-23,5293125	1229	0,1627	0,0499	2257	1504	753
L05748	1	-46,5402474	-23,5261748	1467	0,0682	0,025	2351	1835	516
L05751	1	-46,5757522	-23,5380963	4097	0,0244	0,025	6495	4845	1650
L05752	2	-46,5494401	-23,5441268	4128	0,0484	0,0499	7403	5019	2384
L05753	2	-46,5571310	-23,5490160	3586	0,0558	0,0499	6008	4212	1796
L05754	1	-46,5702535	-23,5486528	3035	0,0329	0,025	4571	3526	1045
L05755	3	-46,5179584	-23,5638358	3205	0,0936	0,0749	5295	4046	1249
L05756	5	-46,5564250	-23,5331500	2613	0,1914	0,1248	4568	3155	1413
L05757	3	-46,5403970	-23,5459183	2015	0,1489	0,0749	3549	2496	1053
L05758	2	-46,5162500	-23,5737164	2339	0,0855	0,0499	3728	2933	795
L05759	1	-46,5311184	-23,5605521	2832	0,0353	0,025	5109	3500	1609
L05760	9	-46,4984532	-23,5847269	4733	0,1902	0,2246	8851	6109	2742
L05763	2	-46,5178296	-23,5802614	2728	0,0733	0,0499	4620	3507	1113
L05764	2	-46,5738227	-23,5337115	1764	0,1134	0,0499	3163	2131	1032
L05766	1	-46,5138214	-23,5842903	1916	0,0522	0,025	3190	2507	683
L05767	1	-46,5144520	-23,5672180	1865	0,0536	0,025	3112	2401	711
L05768	3	-46,5794166	-23,5383741	2522	0,119	0,0749	4651	2995	1656
L05769	1	-46,5467092	-23,5412374	2157	0,0464	0,025	3707	2712	995
L05774	2	-46,5225365	-23,5551065	2202	0,0908	0,0499	4174	2786	1388
L05777	1	-46,5636721	-23,5353692	1934	0,0517	0,025	3252	2352	900
L05779	1	-46,5006634	-23,5840738	2450	0,0408	0,025	4426	3133	1293
L05780	10	-46,5072844	-23,5706991	5535	0,1807	0,2496	10333	6962	3371
L05781	3	-46,5589094	-23,5412357	2005	0,1496	0,0749	3920	2483	1437
L05782	2	-46,5454070	-23,5485123	1497	0,1336	0,0499	2866	1877	989
L05783	1	-46,5747550	-23,5436990	1751	0,0571	0,025	2933	2099	834
L05784	1	-46,5810636	-23,5390713	1123	0,089	0,025	1806	1332	474
L05785	5	-46,4982329	-23,5898352	2069	0,2417	0,1248	3681	2817	864
L05786	1	-46,5327843	-23,5461447	1839	0,0544	0,025	3271	2275	996
L05787	1	-46,5170355	-23,5835096	2514	0,0398	0,025	4277	3252	1025
L05788	2	-46,5170255	-23,5575103	1578	0,1267	0,0499	3137	1967	1170
L05789	3	-46,5161156	-23,5584076	585	0,5128	0,0749	915	734	181
L05791	2	-46,5315630	-23,5480380	1380	0,1449	0,0499	2259	1735	524
L05792	2	-46,5620492	-23,5418287	1124	0,1779	0,0499	1793	1351	442
L05793	9	-46,5257140	-23,5554119	2865	0,3141	0,2246	5360	3578	1782
L05794	2	-46,5433831	-23,5503063	4135	0,0484	0,0499	6973	5037	1936
L05796	2	-46,5581932	-23,5503944	4508	0,0444	0,0499	6964	5342	1622
L05797	9	-46,5602785	-23,5363132	5811	0,1549	0,2246	9848	6857	2991
L05798	1	-46,5834851	-23,5000601	913	0,1095	0,025	1615	1122	493
L05803	1	-46,6028988	-23,4934538	1298	0,077	0,025	2472	1632	840
L05804	1	-46,5729009	-23,5009851	2656	0,0377	0,025	4990	3348	1642
L05805	2	-46,6019251	-23,4930215	3006	0,0665	0,0499	5399	3750	1649
L05808	3	-46,5892786	-23,5184715	2964	0,1012	0,0749	5799	3706	2093
L05809	1	-46,5863582	-23,5062229	1595	0,0627	0,025	2902	1932	970
L05810	1	-46,5928674	-23,5005803	3037	0,0329	0,025	5514	3674	1840
L05811	1	-46,5847966	-23,5140241	2439	0,041	0,025	4518	2999	1519
L05812	2	-46,5733059	-23,5126116	2290	0,0873	0,0499	4034	2934	1100
L05814	1	-46,6049224	-23,5160697	1794	0,0557	0,025	3377	2233	1144
L05818	1	-46,5907052	-23,5016081	2983	0,0335	0,025	5429	3613	1816
L05827	1	-46,5981117	-23,5026572	948	0,1055	0,025	1582	1178	404
L05828	3	-46,6007196	-23,5005481	2697	0,1112	0,0749	4882	3315	1567
L05834	2	-46,5964032	-23,5194682	1589	0,1259	0,0499	2795	1963	832
L05838	1	-46,5930563	-23,5195686	3761	0,0266	0,025	6624	4656	1968
L05841	3	-46,6618639	-23,5067043	2520	0,119	0,0749	4281	2973	1308
L05845	1	-46,6748489	-23,4996347	2821	0,0354	0,025	4345	3361	984
L05848	1	-46,6506305	-23,5026837	3720	0,0269	0,025	6771	4492	2279
L05850	2	-46,6672729	-23,4955761	2587	0,0773	0,0499	4487	3234	1253
L05851	2	-46,6632938	-23,5087770	4242	0,0471	0,0499	7237	4966	2271
L05857	2	-46,6610100	-23,4937600	3204	0,0624	0,0499	6028	4077	1951
L05860	1	-46,6806536	-23,4985927	2933	0,0341	0,025	5335	3608	1727
L05863	1	-46,6642085	-23,4767719	3809	0,0263	0,025	7192	4768	2424
L05870	4	-46,6722354	-23,4967228	2389	0,1674	0,0998	4246	3161	1085
L05881	1	-46,6182089	-23,4725956	2680	0,0373	0,025	4271	3113	1158
L05890	1	-46,6048373	-23,4642332	3719	0,0269	0,025	6880	4577	2303
L05891	1	-46,5884421	-23,4440711	2609	0,0383	0,025	4730	3437	1293
L05894	1	-46,6064995	-23,4765109	1719	0,0582	0,025	2945	2156	789
L05901	1	-46,6114391	-23,4769661	1848	0,0541	0,025	3409	2201	1208
L05902	3	-46,5890824	-23,4546164	3266	0,0919	0,0749	5800	4185	1615
L05903	1	-46,5972378	-23,4563706	2628	0,0381	0,025	4890	3280	1610
L05908	1	-46,5774727	-23,4379629	2559	0,0391	0,025	4721	3325	1396
L05912	1	-46,6031271	-23,4684303	2532	0,0395	0,025	4589	3126	1463
L05913	1	-46,6248203	-23,4576182	3097	0,0323	0,025	5869	3776	2093
L05922	4	-46,5766081	-23,5796376	1138	0,3515	0,0998	1953	1397	556
L05924	1	-46,5604307	-23,5979220	3363	0,0297	0,025	5863	4288	1575
L05925	4	-46,5735437	-23,5894829	2983	0,1341	0,0998	4660	3569	1091
L05927	2	-46,5596293	-23,5771217	1915	0,1044	0,0499	3103	2398	705
L05928	1	-46,5582100	-23,5739759	2347	0,0426	0,025	4461	2967	1494
L05930	2	-46,5620004	-23,5788819	2521	0,0793	0,0499	4889	3094	1795
L05934	1	-46,5733889	-23,5841252	2885	0,0347	0,025	5165	3545	1620
L05940	1	-46,5797671	-23,5725988	1605	0,0623	0,025	2616	1974	642
L05942	2	-46,5766081	-23,5796376	2512	0,0796	0,0499	4766	3082	1684
L05943	1	-46,5480300	-23,5998140	3286	0,0304	0,025	5695	4099	1596
L05946	2	-46,5642049	-23,5759686	2719	0,0736	0,0499	4371	3343	1028
L05947	1	-46,5795917	-23,5926018	3241	0,0309	0,025	5895	4000	1895
L05949	2	-46,5838544	-23,5814914	2972	0,0673	0,0499	5338	3529	1809
L05950	4	-46,5543296	-23,5793590	3947	0,1013	0,0998	7538	4962	2576
L05952	1	-46,5523937	-23,5873869	2979	0,0336	0,025	5466	3759	1707
L05959	1	-46,5810310	-23,5900310	2339	0,0428	0,025	4164	2855	1309
L05962	1	-46,5476777	-23,5952842	1070	0,0935	0,025	1786	1360	426
L05967	2	-46,6885280	-23,6126750	4170	0,048	0,0499	6900	4718	2182
L05968	3	-46,6685076	-23,6131455	3538	0,0848	0,0749	6251	3963	2288
L05969	1	-46,6882980	-23,6116910	2974	0,0336	0,025	5627	3387	2240
L05970	1	-46,6673187	-23,6261976	2521	0,0397	0,025	4330	2895	1435
L05973	1	-46,6755086	-23,6206909	2385	0,0419	0,025	3883	2648	1235
L05976	1	-46,6786792	-23,6169250	3059	0,0327	0,025	4637	3422	1215
L05981	1	-46,6812703	-23,6263887	3816	0,0262	0,025	6833	4360	2473
L05982	2	-46,6821455	-23,6155051	5201	0,0385	0,0499	8875	5878	2997
L05984	1	-46,6639945	-23,6440840	2592	0,0386	0,025	4500	3040	1460
L05990	2	-46,6927807	-23,6165017	1477	0,1354	0,0499	2368	1722	646
L05991	1	-46,6608489	-23,6330376	3246	0,0308	0,025	5977	3853	2124
L05997	1	-46,6475368	-23,6025329	2704	0,037	0,025	4279	2988	1291
L05999	2	-46,6348802	-23,6270565	1652	0,1211	0,0499	2366	1867	499
L06009	1	-46,6344182	-23,5944514	2798	0,0357	0,025	4833	3210	1623
L06014	2	-46,6273692	-23,6096467	1882	0,1063	0,0499	3682	2300	1382
L06015	1	-46,6448925	-23,6100010	2447	0,0409	0,025	4269	2836	1433
L06017	1	-46,6348198	-23,6125399	2346	0,0426	0,025	4142	2720	1422
L06019	1	-46,6449004	-23,6103211	2557	0,0391	0,025	4643	2988	1655
L06023	2	-46,6389150	-23,6157370	2881	0,0694	0,0499	4965	3266	1699
L06025	1	-46,6389693	-23,6190507	3888	0,0257	0,025	6569	4406	2163
L06030	1	-46,6079927	-23,5824240	1637	0,0611	0,025	2785	1978	807
L06031	1	-46,5834188	-23,6215419	2911	0,0344	0,025	5114	3726	1388
L06041	2	-46,6051622	-23,5751923	2652	0,0754	0,0499	4753	3194	1559
L06043	3	-46,5939912	-23,6283792	2004	0,1497	0,0749	3754	2526	1228
L06044	1	-46,6163598	-23,5850714	1098	0,0911	0,025	2123	1307	816
L06046	1	-46,5830025	-23,6226329	2716	0,0368	0,025	4830	3455	1375
L06048	1	-46,5945812	-23,6240333	3452	0,029	0,025	6548	4452	2096
L06050	1	-46,5889064	-23,6343276	2672	0,0374	0,025	4589	3469	1120
L06053	1	-46,6021325	-23,6063749	1386	0,0722	0,025	2568	1713	855
L06056	2	-46,6019600	-23,5909040	5133	0,039	0,0499	9867	6305	3562
L06060	1	-46,5954073	-23,6104073	3797	0,0263	0,025	6278	4612	1666
L06065	2	-46,6119497	-23,5892321	3011	0,0664	0,0499	5516	3638	1878
L06067	2	-46,6098374	-23,5932998	5055	0,0396	0,0499	8453	5954	2499
L06663	1	-46,7157832	-23,6718387	1948	0,0513	0,025	3430	2333	1097
L06675	1	-46,6881398	-23,7299942	3738	0,0268	0,025	6186	4796	1390
L06679	1	-46,7081139	-23,6888596	3276	0,0305	0,025	5643	3922	1721
L06682	1	-46,7022612	-23,7224803	3236	0,0309	0,025	5448	4015	1433
L06685	2	-46,6955380	-23,7139433	789	0,2535	0,0499	1267	982	285
L07570	1	-46,6536805	-23,6514550	731	0,1368	0,025	1188	885	303
L07571	1	-46,6379000	-23,6572701	455	0,2198	0,025	791	567	224
L07576	1	-46,6349642	-23,6431290	2278	0,0439	0,025	4207	2702	1505
L07579	1	-46,6444998	-23,6334867	4067	0,0246	0,025	7242	4778	2464
L07581	1	-46,6363601	-23,6810716	3028	0,033	0,025	5287	3909	1378
L07582	1	-46,6358025	-23,6609951	3615	0,0277	0,025	6447	4637	1810
L07584	1	-46,6320328	-23,6429320	2322	0,0431	0,025	3693	2812	881
L07585	1	-46,6489412	-23,6630793	4484	0,0223	0,025	7661	5544	2117
L07589	1	-46,6494764	-23,6512620	1689	0,0592	0,025	2887	2094	793
L07594	1	-46,6408225	-23,6457886	2578	0,0388	0,025	4645	3018	1627
L07601	1	-46,6355606	-23,6678098	1988	0,0503	0,025	3563	2572	991
L07660	1	-46,7286689	-23,4834509	3071	0,0326	0,025	5145	3881	1264
L07662	1	-46,7285530	-23,4946483	2295	0,0436	0,025	3615	2730	885
L07668	1	-46,7496458	-23,4783071	2726	0,0367	0,025	4622	3476	1146
L07670	1	-46,7157223	-23,4910050	3437	0,0291	0,025	6527	4354	2173
L07671	3	-46,7225558	-23,4963064	2986	0,1005	0,0749	5033	3579	1454
L07672	2	-46,7132794	-23,5018341	2276	0,0879	0,0499	4138	2805	1333
L07677	1	-46,7174065	-23,4896350	2905	0,0344	0,025	5357	3563	1794
L07681	5	-46,7278522	-23,4974960	3589	0,1393	0,1248	6232	4432	1800
L07683	1	-46,4716478	-23,4993793	1880	0,0532	0,025	3092	2381	711
L07685	1	-46,4887224	-23,4892548	685	0,146	0,025	1181	899	282
L07687	1	-46,4932576	-23,4894062	1193	0,0838	0,025	2023	1548	475
L07688	4	-46,4915180	-23,5074055	1641	0,2438	0,0998	3150	2085	1065
L07689	2	-46,4919582	-23,5063549	2108	0,0949	0,0499	3605	2714	891
L07692	4	-46,4761134	-23,5015127	2666	0,15	0,0998	4912	3325	1587
L07693	5	-46,4705358	-23,4926534	4113	0,1216	0,1248	7400	5306	2094
L07695	2	-46,4925761	-23,4889873	3199	0,0625	0,0499	5543	4116	1427
L07696	15	-46,4669867	-23,4900232	2210	0,6787	0,3743	3851	2948	903
L07697	3	-46,4708990	-23,4817559	479	0,6263	0,0749	866	610	256
L07699	2	-46,4816039	-23,4998180	2953	0,0677	0,0499	5279	3696	1583
L07701	4	-46,4889435	-23,4985564	3277	0,1221	0,0998	5967	4095	1872
L07703	1	-46,4731818	-23,5027056	2186	0,0457	0,025	3519	2750	769
L07704	1	-46,4783102	-23,4996696	2270	0,0441	0,025	4005	2861	1144
L07705	5	-46,4753246	-23,4969321	1922	0,2601	0,1248	3284	2392	892
L07710	1	-46,4820150	-23,5058752	1072	0,0933	0,025	1843	1332	511
L07711	1	-46,4928392	-23,4853243	1271	0,0787	0,025	2067	1641	426
L07714	1	-46,4773819	-23,4879119	1046	0,0956	0,025	1700	1307	393
L07721	1	-46,7021950	-23,4842550	3320	0,0301	0,025	6150	4149	2001
L07727	3	-46,6972109	-23,4923489	2499	0,12	0,0749	4705	3018	1687
L07731	1	-46,6997557	-23,4958002	3556	0,0281	0,025	6178	4337	1841
L07737	1	-46,6860439	-23,4985664	2566	0,039	0,025	4751	3195	1556
L07750	3	-46,7708337	-23,6299871	13605	0,0221	0,0749	25821	17652	8169
L07751	1	-46,7857380	-23,6492250	2439	0,041	0,025	4196	3122	1074
L07757	1	-46,7705606	-23,6467603	3321	0,0301	0,025	5877	4308	1569
L07759	1	-46,7708253	-23,6346601	2609	0,0383	0,025	4845	3309	1536
L07763	1	-46,7776614	-23,6511000	4197	0,0238	0,025	7100	5325	1775
L07769	1	-46,7686119	-23,6296456	3708	0,027	0,025	6898	4781	2117
L07770	2	-46,7542153	-23,6198219	4129	0,0484	0,0499	7176	5149	2027
L07773	1	-46,7538973	-23,6349349	4025	0,0248	0,025	6657	5039	1618
L08190	1	-46,7131334	-23,6188108	3137	0,0319	0,025	5166	3531	1635
L08191	2	-46,7412727	-23,6104585	2419	0,0827	0,0499	3595	2771	824
L08195	1	-46,7277361	-23,6045363	3437	0,0291	0,025	5923	4007	1916
L08206	1	-46,7371220	-23,5927960	2484	0,0403	0,025	4358	3007	1351
L08207	1	-46,7206164	-23,5767376	2202	0,0454	0,025	4045	2564	1481
L08208	2	-46,7358364	-23,5961852	2323	0,0861	0,0499	3857	2793	1064
L08211	1	-46,7570506	-23,5977877	2938	0,034	0,025	5449	3746	1703
L08220	2	-46,7456903	-23,6030840	1945	0,1028	0,0499	3106	2290	816
L08221	1	-46,7053802	-23,5795572	2467	0,0405	0,025	4338	2752	1586
L08222	5	-46,5231986	-23,5430712	747	0,6693	0,1248	1280	947	333
L08225	1	-46,5100191	-23,5446064	4128	0,0242	0,025	7026	5147	1879
L08226	4	-46,5156979	-23,5307305	1416	0,2825	0,0998	2280	1812	468
L08227	5	-46,5050519	-23,5458928	1879	0,2661	0,1248	3494	2368	1126
L08228	5	-46,5242269	-23,5438048	897	0,5574	0,1248	1494	1147	347
L08229	9	-46,4982241	-23,5504038	2927	0,3075	0,2246	5051	3739	1312
L08230	10	-46,5221139	-23,5406331	2745	0,3643	0,2496	5219	3471	1748
L08232	3	-46,5442704	-23,5350483	1844	0,1627	0,0749	3342	2318	1024
L08233	1	-46,5151760	-23,5433139	1746	0,0573	0,025	3085	2237	848
L08234	7	-46,5317956	-23,5421192	3038	0,2304	0,1747	5442	3818	1624
L08235	5	-46,4958682	-23,5663286	2328	0,2148	0,1248	4095	3031	1064
L08236	3	-46,4990570	-23,5735096	2833	0,1059	0,0749	4657	3582	1075
L08237	2	-46,5212577	-23,5434956	2878	0,0695	0,0499	5496	3656	1840
L08238	1	-46,5056207	-23,5405406	972	0,1029	0,025	1635	1239	396
L08239	5	-46,5141185	-23,5517464	2105	0,2375	0,1248	3730	2686	1044
L08240	2	-46,4985710	-23,5542600	1414	0,1414	0,0499	2497	1881	616
L08242	2	-46,5020045	-23,5414163	2155	0,0928	0,0499	4183	2801	1382
L08243	4	-46,5065643	-23,5285802	1947	0,2054	0,0998	3332	2479	853
L08244	2	-46,4849359	-23,5443559	2408	0,0831	0,0499	4352	3219	1133
L08245	8	-46,4984607	-23,5625811	3684	0,2172	0,1997	6646	4873	1773
L08246	6	-46,5143049	-23,5325952	2090	0,2871	0,1497	3736	2717	1019
L08247	7	-46,4906529	-23,5403308	4098	0,1708	0,1747	7785	5311	2474
L08248	1	-46,5330363	-23,5393366	1903	0,0525	0,025	3430	2454	976
L08249	1	-46,5039869	-23,5596938	939	0,1065	0,025	1554	1207	347
L08250	5	-46,5370743	-23,5335666	1855	0,2695	0,1248	3292	2341	951
L08251	5	-46,5141937	-23,5522187	2485	0,2012	0,1248	4173	3088	1085
L08252	3	-46,4996257	-23,5474295	2491	0,1204	0,0749	4201	3182	1019
L08253	3	-46,5180016	-23,5532674	1140	0,2632	0,0749	1856	1423	433
L08254	3	-46,5030630	-23,5515660	2892	0,1037	0,0749	5108	3701	1407
L08255	3	-46,4930480	-23,5384900	1910	0,1571	0,0749	3638	2415	1223
L08256	1	-46,5191281	-23,5450183	2851	0,0351	0,025	5189	3512	1677
L08257	5	-46,4932714	-23,5642955	2006	0,2493	0,1248	3537	2652	885
L08258	3	-46,5095374	-23,5384628	2376	0,1263	0,0749	4461	3015	1446
L08259	3	-46,5081299	-23,5436866	2539	0,1182	0,0749	4640	3247	1393
L08260	2	-46,5041450	-23,5368140	2070	0,0966	0,0499	3558	2654	904
L08261	7	-46,5328060	-23,5351986	2423	0,2889	0,1747	4244	2978	1266
L08262	2	-46,5005028	-23,5350092	2427	0,0824	0,0499	4145	3117	1028
L08264	1	-46,4940747	-23,5593746	897	0,1115	0,025	1578	1194	384
L08265	12	-46,5251630	-23,5338233	5108	0,2349	0,2995	9329	6208	3121
L08266	5	-46,5492719	-23,5643080	3744	0,1335	0,1248	6474	4613	1861
L08268	2	-46,5382964	-23,5663555	2910	0,0687	0,0499	5207	3628	1579
L08269	1	-46,5456990	-23,5729610	1641	0,0609	0,025	2921	2045	876
L08272	2	-46,5288323	-23,5727122	2238	0,0894	0,0499	4229	2897	1332
L08274	2	-46,5439614	-23,5676780	2439	0,082	0,0499	5027	3105	1922
L08275	1	-46,5344569	-23,5777136	2311	0,0433	0,025	4317	2988	1329
L08277	1	-46,5470381	-23,5724329	1679	0,0596	0,025	3154	2109	1045
L08278	1	-46,5421410	-23,5610590	3394	0,0295	0,025	6342	4245	2097
L08279	2	-46,5397986	-23,5751068	3183	0,0628	0,0499	5939	4067	1872
L08280	1	-46,5272729	-23,5842759	3215	0,0311	0,025	5879	4206	1673
L08281	4	-46,5410608	-23,5606823	3255	0,1229	0,0998	5649	4123	1526
L08283	1	-46,5276225	-23,5710305	2727	0,0367	0,025	5111	3464	1647
L08284	4	-46,5527913	-23,5614550	3182	0,1257	0,0998	5966	3914	2052
L08292	2	-46,5847312	-23,4571192	1974	0,1013	0,0499	3768	2560	1208
L08297	1	-46,5922270	-23,4778802	3114	0,0321	0,025	5691	3862	1829
L08299	2	-46,5792804	-23,4590009	1688	0,1185	0,0499	3422	2181	1241
L08300	2	-46,5778738	-23,4504834	1879	0,1064	0,0499	3503	2489	1014
L08301	5	-46,5806496	-23,4548081	4543	0,1101	0,1248	8491	6011	2480
L08302	3	-46,5835571	-23,4654238	2768	0,1084	0,0749	5668	3556	2112
L08305	4	-46,5732891	-23,4514774	4266	0,0938	0,0998	8509	5988	2521
L08308	4	-46,5845419	-23,4570823	3848	0,104	0,0998	7444	5062	2382
L08309	2	-46,5870109	-23,4731635	2255	0,0887	0,0499	4250	2778	1472
L08314	2	-46,6000523	-23,4896398	3153	0,0634	0,0499	5703	3872	1831
L08316	1	-46,5765464	-23,4500907	995	0,1005	0,025	1852	1370	482
L08320	1	-46,5866345	-23,4663679	2991	0,0334	0,025	5086	3758	1328
L08321	3	-46,6023221	-23,4823452	4184	0,0717	0,0749	7555	5096	2459
L08327	4	-46,5339774	-23,5909237	3590	0,1114	0,0998	6889	4568	2321
L08328	1	-46,5218639	-23,6015171	3067	0,0326	0,025	5474	3871	1603
L08331	1	-46,5224167	-23,5870214	2150	0,0465	0,025	3937	2882	1055
L08332	1	-46,5276317	-23,6081073	3269	0,0306	0,025	5625	4153	1472
L08333	3	-46,5151342	-23,5886563	3403	0,0882	0,0749	6060	4434	1626
L08334	3	-46,5237361	-23,5957342	4037	0,0743	0,0749	7533	5184	2349
L08335	2	-46,5288900	-23,6093393	3208	0,0623	0,0499	5889	4085	1804
L08338	1	-46,5148744	-23,5961389	3454	0,029	0,025	6476	4342	2134
L08342	1	-46,5266764	-23,5902384	2424	0,0413	0,025	4325	3078	1247
L08343	2	-46,5377963	-23,5816242	3112	0,0643	0,0499	5858	3912	1946
L08345	1	-46,5147192	-23,6040731	1897	0,0527	0,025	3330	2446	884
L08348	1	-46,5374573	-23,5872801	1735	0,0576	0,025	2944	2171	773
L08351	2	-46,5255369	-23,5976545	4099	0,0488	0,0499	7280	5240	2040
L08354	1	-46,6718510	-23,6480180	3606	0,0277	0,025	5953	4267	1686
L08357	2	-46,6566918	-23,6673339	2867	0,0698	0,0499	5558	3511	2047
L08359	1	-46,6440225	-23,6904889	4358	0,0229	0,025	8287	5678	2609
L08360	3	-46,6643846	-23,6634460	2151	0,1395	0,0749	3871	2637	1234
L08362	1	-46,6599252	-23,6645331	3182	0,0314	0,025	5899	3877	2022
L08363	1	-46,6578420	-23,6700605	2290	0,0437	0,025	3858	2871	987
L08364	2	-46,6666281	-23,6643337	2350	0,0851	0,0499	4231	2884	1347
L08365	1	-46,6383547	-23,6857440	3713	0,0269	0,025	6684	4675	2009
L08369	1	-46,6692349	-23,6669498	3705	0,027	0,025	6566	4618	1948
L08372	1	-46,6459844	-23,6750154	2880	0,0347	0,025	5258	3622	1636
L08377	2	-46,6776829	-23,6644228	3581	0,0559	0,0499	6118	4373	1745
L08379	2	-46,4032172	-23,4985582	2538	0,0788	0,0499	4585	3259	1326
L08381	1	-46,3943443	-23,5046166	3160	0,0316	0,025	5695	4002	1693
L08384	1	-46,3985890	-23,5096370	3537	0,0283	0,025	6428	4541	1887
L08389	1	-46,3884186	-23,5122760	2336	0,0428	0,025	4350	3214	1136
L08391	1	-46,3965404	-23,5176660	3624	0,0276	0,025	6265	4666	1599
L08392	2	-46,4006667	-23,5034363	3308	0,0605	0,0499	6122	4146	1976
L08394	1	-46,3870301	-23,4964237	3348	0,0299	0,025	5936	4200	1736
L08398	3	-46,4040381	-23,5003398	2632	0,114	0,0749	4564	3375	1189
L08400	1	-46,3850728	-23,5122978	3974	0,0252	0,025	7123	5016	2107
L08404	2	-46,3922999	-23,4852473	2625	0,0762	0,0499	4589	3442	1147
L08406	4	-46,3851172	-23,4793298	1159	0,3451	0,0998	1941	1503	438
L08407	1	-46,3789952	-23,5024583	2675	0,0374	0,025	4880	3556	1324
L08408	2	-46,3900305	-23,4923096	2762	0,0724	0,0499	5089	3777	1312
L08409	2	-46,4020530	-23,4932319	3373	0,0593	0,0499	6356	4333	2023
L08410	1	-46,3944620	-23,4902290	2920	0,0342	0,025	5431	3694	1737
L08411	3	-46,3698794	-23,5080357	3148	0,0953	0,0749	5639	4225	1414
L08414	3	-46,3950439	-23,4989421	2828	0,1061	0,0749	5125	3485	1640
L08415	2	-46,3940515	-23,4832409	2647	0,0756	0,0499	4861	3522	1339
L08418	2	-46,3817906	-23,5034832	3675	0,0544	0,0499	6492	4833	1659
L08422	3	-46,4003582	-23,5441270	1520	0,1974	0,0749	2178	1462	716
L08424	4	-46,4006522	-23,5380013	865	0,4624	0,0998	1585	1163	422
L08425	3	-46,4057199	-23,5624173	3131	0,0958	0,0749	5663	4158	1505
L08427	14	-46,4213722	-23,5297891	4764	0,2939	0,3494	7765	5959	1806
L08428	2	-46,3882687	-23,5454378	2086	0,0959	0,0499	3720	2817	903
L08429	2	-46,4009383	-23,5583730	2595	0,0771	0,0499	4383	3368	1015
L08430	2	-46,4157806	-23,5492070	1808	0,1106	0,0499	3393	2325	1068
L08431	10	-46,4023983	-23,5435780	3363	0,2974	0,2496	5917	4490	1427
L08432	14	-46,4189254	-23,5384808	3214	0,4356	0,3494	5635	4179	1456
L08434	12	-46,4184068	-23,5376100	1088	1,1029	0,2995	2100	1473	627
L08435	3	-46,4142302	-23,5447436	2123	0,1413	0,0749	4075	2620	1455
L08436	3	-46,4107031	-23,5355506	3955	0,0759	0,0749	7305	5186	2119
L08437	2	-46,3986836	-23,5531127	1923	0,104	0,0499	3328	2531	797
L08438	5	-46,4254538	-23,5250259	3705	0,135	0,1248	6437	4786	1651
L08439	1	-46,4207673	-23,5460751	2866	0,0349	0,025	5637	3838	1799
L08440	2	-46,4091642	-23,5275663	2973	0,0673	0,0499	5298	3892	1406
L08441	4	-46,3973726	-23,5355326	2439	0,164	0,0998	4306	3101	1205
L08444	1	-46,3977921	-23,5358129	2757	0,0363	0,025	5165	3761	1404
L08445	2	-46,4037610	-23,5596980	3457	0,0579	0,0499	2665	1848	817
L08446	1	-46,4185555	-23,5307546	2258	0,0443	0,025	4003	2970	1033
L08447	3	-46,4023822	-23,5509844	1988	0,1509	0,0749	3479	2599	880
L08448	4	-46,4087514	-23,5527119	2094	0,191	0,0998	4017	2779	1238
L08450	9	-46,4075993	-23,5541832	3404	0,2644	0,2246	5663	4220	1443
L08451	1	-46,3909828	-23,5442229	2400	0,0417	0,025	4283	3241	1042
L08452	3	-46,4116268	-23,5278328	3591	0,0835	0,0749	6073	4598	1475
L08453	9	-46,4234233	-23,5381049	2084	0,4319	0,2246	3936	2769	1167
L08454	5	-46,4066295	-23,5366390	2713	0,1843	0,1248	4822	3590	1232
L08455	1	-46,4007548	-23,5495498	2353	0,0425	0,025	4306	3004	1302
L08456	4	-46,4126165	-23,5416929	2557	0,1564	0,0998	4651	3173	1478
L08457	1	-46,3967810	-23,5545250	1819	0,055	0,025	3404	2514	890
L08458	2	-46,4104297	-23,5438072	1432	0,1397	0,0499	2582	1817	765
L08459	1	-46,4060980	-23,5364980	1267	0,0789	0,025	1475	1092	383
L08460	2	-46,4151119	-23,5465924	925	0,2162	0,0499	1672	1159	513
L08461	3	-46,4228459	-23,5390975	2171	0,1382	0,0749	3128	2231	897
L08462	2	-46,4037610	-23,5596980	1122	0,1783	0,0499	954	745	209
L08463	1	-46,4145590	-23,5542970	860	0,1163	0,025	1549	1145	404
L08464	1	-46,3928375	-23,5277915	1978	0,0506	0,025	3363	2579	784
L08852	1	-46,7044580	-23,7593862	2527	0,0396	0,025	4290	3181	1109
L08859	1	-46,6816347	-23,7551323	1701	0,0588	0,025	2903	2139	764
L08870	1	-46,6818898	-23,7403681	3700	0,027	0,025	6280	4769	1511
L08885	1	-46,7826347	-23,7426504	5319	0,0188	0,025	9184	6673	2511
L08894	1	-46,7822515	-23,7187870	4175	0,024	0,025	7569	5347	2222
L08909	1	-46,7343899	-23,6780392	4253	0,0235	0,025	6926	5231	1695
L08913	2	-46,7553528	-23,6757960	3255	0,0614	0,0499	5943	4082	1861
L08915	1	-46,7923315	-23,7092825	2309	0,0433	0,025	4001	2961	1040
L08948	1	-46,7709966	-23,6560362	4506	0,0222	0,025	7853	5738	2115
L08949	2	-46,7514131	-23,6635812	2498	0,0801	0,0499	4346	3049	1297
L08954	2	-46,7664599	-23,6622186	3884	0,0515	0,0499	7168	4912	2256
L08959	1	-46,7717000	-23,6780060	1598	0,0626	0,025	2710	2016	694
L08963	1	-46,7734927	-23,6740405	2049	0,0488	0,025	3996	2559	1437
L08965	2	-46,7675970	-23,6617050	4014	0,0498	0,0499	7021	5104	1917
L08979	1	-46,7659213	-23,5803246	1496	0,0668	0,025	2293	1792	501
L08980	1	-46,7469625	-23,5508738	2646	0,0378	0,025	4690	3392	1298
L08981	1	-46,7462340	-23,5733770	1936	0,0517	0,025	3286	2410	876
L08982	1	-46,7512554	-23,5452190	2973	0,0336	0,025	5291	3603	1688
L08985	1	-46,7491328	-23,5658101	3021	0,0331	0,025	5172	3648	1524
L08987	1	-46,7591098	-23,5417165	2410	0,0415	0,025	4045	2988	1057
L08988	1	-46,7545127	-23,5689070	2999	0,0333	0,025	5372	3588	1784
L09000	2	-46,7292351	-23,5745661	3100	0,0645	0,0499	5436	3579	1857
L09004	2	-46,7583340	-23,5575440	3682	0,0543	0,0499	5975	4245	1730
L09010	1	-46,7580485	-23,5857090	3186	0,0314	0,025	6188	4045	2143
L09034	4	-46,7138143	-23,5687160	6650	0,0602	0,0998	11871	7672	4199
L09036	5	-46,4835312	-23,6003513	2527	0,1979	0,1248	4456	3269	1187
L09037	1	-46,4562405	-23,6205281	2079	0,0481	0,025	3718	2655	1063
L09039	1	-46,4545421	-23,6241104	1336	0,0749	0,025	2381	1745	636
L09043	3	-46,4541133	-23,6084711	2305	0,1302	0,0749	4116	3063	1053
L09044	1	-46,4785593	-23,5947194	2910	0,0344	0,025	5416	3690	1726
L09047	1	-46,4438014	-23,6308046	2623	0,0381	0,025	4519	3376	1143
L09048	2	-46,4688977	-23,6112514	1324	0,1511	0,0499	2334	1709	625
L09050	1	-46,4823318	-23,5909468	1623	0,0616	0,025	2982	2201	781
L09051	1	-46,4517184	-23,6021242	3466	0,0289	0,025	6290	4630	1660
L09052	6	-46,4779483	-23,6242638	1949	0,3079	0,1497	3678	2733	945
L09057	1	-46,4881751	-23,5991604	3417	0,0293	0,025	5868	4270	1598
L09059	4	-46,4626277	-23,6209456	3192	0,1253	0,0998	6229	4211	2018
L09060	2	-46,4915612	-23,5952026	2836	0,0705	0,0499	5085	3699	1386
L09063	6	-46,4785920	-23,6052751	3582	0,1675	0,1497	6447	4604	1843
L09065	5	-46,4573138	-23,6173317	3507	0,1426	0,1248	6005	4481	1524
L09068	1	-46,4579281	-23,6104786	2371	0,0422	0,025	4220	3084	1136
L09070	5	-46,4466713	-23,6086516	4014	0,1246	0,1248	7074	5208	1866
L09073	2	-46,4623540	-23,6265038	2947	0,0679	0,0499	5192	3866	1326
L09075	1	-46,4854339	-23,6126187	1607	0,0622	0,025	2865	2088	777
L09076	2	-46,4921282	-23,5878134	2168	0,0923	0,0499	4122	2686	1436
L09077	1	-46,4645811	-23,6112224	3566	0,028	0,025	6521	4469	2052
L09078	3	-46,4574058	-23,6320001	2934	0,1022	0,0749	5182	3779	1403
L09079	1	-46,4516620	-23,6049100	1514	0,0661	0,025	2644	1971	673
L09080	1	-46,4532396	-23,6020534	2820	0,0355	0,025	4742	3542	1200
L09081	3	-46,4449590	-23,6045710	2945	0,1019	0,0749	4772	3692	1080
L09084	3	-46,4866751	-23,5892640	2723	0,1102	0,0749	4672	3532	1140
L09088	1	-46,4794297	-23,6111057	1109	0,0902	0,025	1904	1450	454
L09091	1	-46,4719748	-23,6101579	2941	0,034	0,025	5080	3787	1293
L09096	1	-46,6919830	-23,4800350	2740	0,0365	0,025	4783	3354	1429
L09097	1	-46,6833436	-23,4716951	3420	0,0292	0,025	6292	4301	1991
L09100	2	-46,6986546	-23,4803642	3036	0,0659	0,0499	5415	3789	1626
L09105	4	-46,6983080	-23,4693623	4632	0,0864	0,0998	8469	5835	2634
L09111	1	-46,6780978	-23,4504874	2994	0,0334	0,025	5456	3938	1518
L09113	1	-46,6882642	-23,4736711	3556	0,0281	0,025	6282	4605	1677
L09119	1	-46,6862656	-23,4703417	2113	0,0473	0,025	4014	2752	1262
L09121	1	-46,6774616	-23,4736278	2374	0,0421	0,025	4175	3125	1050
L09126	2	-46,6908864	-23,4686604	3640	0,0549	0,0499	6924	4603	2321
L09132	2	-46,6750425	-23,4517869	1995	0,1003	0,0499	3463	2543	920
L09141	1	-46,6997418	-23,4548467	672	0,1488	0,025	1149	871	278
L09142	1	-46,6871539	-23,4821017	1630	0,0613	0,025	2758	2043	715
L09324	1	-46,6807410	-23,7669661	7735	0,0129	0,025	13259	9980	3279
L09328	1	-46,7141076	-23,7756410	2776	0,036	0,025	4851	3566	1285
L09334	1	-46,7177616	-23,7331948	2616	0,0382	0,025	4208	3249	959
L09357	1	-46,6847035	-23,7863114	4077	0,0245	0,025	6645	5160	1485
L09359	1	-46,7146448	-23,8112468	946	0,1057	0,025	1579	1184	395
L09372	1	-46,7101587	-23,8320793	1560	0,0641	0,025	2660	1986	674
L09644	1	-46,7595246	-23,4046073	6764	0,0148	0,025	12622	8645	3977
L09650	1	-46,7167070	-23,4450305	2708	0,0369	0,025	4712	3446	1266
L09676	1	-46,7277583	-23,4386909	1807	0,0553	0,025	3125	2351	774
L09683	1	-46,7943213	-23,4324396	3095	0,0323	0,025	4938	3901	1037
L09687	1	-46,7169255	-23,4553166	2697	0,0371	0,025	4650	3488	1162
L09694	1	-46,7254060	-23,4420603	684	0,1462	0,025	1123	892	231
L09697	1	-46,4962588	-23,4990145	1337	0,0748	0,025	2287	1695	592
L09698	3	-46,5211510	-23,5024680	3117	0,0962	0,0749	5306	4002	1304
L09699	21	-46,5276842	-23,4983766	2694	0,7795	0,5241	4647	3454	1193
L09700	2	-46,4949911	-23,5049464	2959	0,0676	0,0499	5656	3767	1889
L09701	6	-46,5067684	-23,5021411	4523	0,1327	0,1497	8238	6120	2118
L09703	6	-46,5143098	-23,5025941	3250	0,1846	0,1497	6003	4205	1798
L09704	4	-46,5346956	-23,5090208	3162	0,1265	0,0998	6202	4010	2192
L09705	2	-46,4976882	-23,4974521	2912	0,0687	0,0499	5100	3739	1361
L09706	2	-46,5042643	-23,5072875	2017	0,0992	0,0499	3439	2554	885
L09707	4	-46,5102750	-23,5075010	2667	0,15	0,0998	4934	3455	1479
L09709	2	-46,5011218	-23,4970068	2480	0,0806	0,0499	4098	3151	947
L09710	3	-46,5314823	-23,5021289	2230	0,1345	0,0749	4095	2837	1258
L09711	2	-46,5256831	-23,5120904	4021	0,0497	0,0499	7414	5163	2251
L09713	11	-46,5202416	-23,5000815	2013	0,5464	0,2745	3488	2617	871
L09714	8	-46,5267033	-23,5028825	2319	0,345	0,1997	4701	2945	1756
L09715	2	-46,5417660	-23,5078996	2268	0,0882	0,0499	4139	2897	1242
L09716	1	-46,5307769	-23,5112782	2975	0,0336	0,025	5262	3745	1517
L09717	1	-46,4987106	-23,5049643	2292	0,0436	0,025	3848	2901	947
L09719	6	-46,5199592	-23,4989882	906	0,6623	0,1497	1573	1175	398
L09720	1	-46,5061927	-23,4971573	1578	0,0634	0,025	2480	1979	501
L09721	1	-46,5168781	-23,5117373	706	0,1416	0,025	1241	933	308
L09751	3	-46,4808988	-23,5169363	764	0,3927	0,0749	1285	982	303
L09753	2	-46,4717218	-23,5340019	1145	0,1747	0,0499	1944	1432	512
L09754	5	-46,4761598	-23,5359998	2662	0,1878	0,1248	4728	3332	1396
L09755	2	-46,4808207	-23,5172670	2520	0,0794	0,0499	4399	3291	1108
L09756	6	-46,5035712	-23,5158497	3180	0,1887	0,1497	5593	4105	1488
L09757	1	-46,4799583	-23,5263781	2015	0,0496	0,025	3665	2771	894
L09758	5	-46,4840632	-23,5126634	2966	0,1686	0,1248	5485	3744	1741
L09759	6	-46,4893072	-23,5119538	2407	0,2493	0,1497	4544	3045	1499
L09761	1	-46,4834160	-23,5237351	1233	0,0811	0,025	2151	1608	543
L09762	10	-46,4813689	-23,5374258	3181	0,3144	0,2496	5713	4094	1619
L09763	1	-46,4896747	-23,5160828	2228	0,0449	0,025	3691	2807	884
L09764	8	-46,4678340	-23,5355610	3575	0,2238	0,1997	6685	4497	2188
L09765	3	-46,4693922	-23,5224683	3655	0,0821	0,0749	6254	4742	1512
L09766	1	-46,4880409	-23,5223342	3475	0,0288	0,025	6125	4652	1473
L09767	2	-46,5095837	-23,5191133	2136	0,0936	0,0499	3746	2741	1005
L09768	4	-46,4792021	-23,5282349	2012	0,1988	0,0998	3434	2685	749
L09769	2	-46,4765549	-23,5327711	2321	0,0862	0,0499	4173	2902	1271
L09770	2	-46,5081371	-23,5141476	2763	0,0724	0,0499	5024	3413	1611
L09771	1	-46,4943893	-23,5089738	3192	0,0313	0,025	5877	3982	1895
L09772	2	-46,4729202	-23,5342395	2773	0,0721	0,0499	4787	3486	1301
L09773	4	-46,4860731	-23,5267363	2945	0,1358	0,0998	4827	3741	1086
L09774	7	-46,4773989	-23,5179212	1534	0,4563	0,1747	2929	1929	1000
L09775	5	-46,4645114	-23,5281457	1180	0,4237	0,1248	1886	1481	405
L09776	7	-46,4755638	-23,5306278	1099	0,6369	0,1747	1825	1398	427
L09777	2	-46,4780882	-23,5104731	680	0,2941	0,0499	1097	867	230
L09778	3	-46,4794044	-23,5363588	791	0,3793	0,0749	1298	1003	295
L09779	2	-46,4772755	-23,5183011	634	0,3155	0,0499	1123	860	263
L09781	1	-46,5043724	-23,5151956	911	0,1098	0,025	1510	1166	344
L09782	2	-46,5030330	-23,5134156	1288	0,1553	0,0499	2007	1602	405
L09783	7	-46,4752420	-23,5235190	4447	0,1574	0,1747	7421	5633	1788
L09784	1	-46,4761905	-23,5215051	479	0,2088	0,025	737	573	164
L09922	3	-46,4327528	-23,4878458	1190	0,2521	0,0749	2000	1568	432
L09924	2	-46,4044363	-23,5213143	2034	0,0983	0,0499	3716	2844	872
L09925	1	-46,4289892	-23,4865951	4098	0,0244	0,025	7255	5323	1932
L09926	2	-46,4100903	-23,4872826	3946	0,0507	0,0499	6777	5183	1594
L09930	6	-46,4160982	-23,5152778	3213	0,1867	0,1497	5343	4160	1183
L09931	6	-46,4248518	-23,4746436	3594	0,1669	0,1497	5847	4535	1312
L09932	2	-46,4170900	-23,5033830	2547	0,0785	0,0499	4564	3380	1184
L09934	1	-46,4079760	-23,4926871	4280	0,0234	0,025	7364	5388	1976
L09935	2	-46,4135985	-23,4998743	4252	0,047	0,0499	7458	5385	2073
L09938	2	-46,4304864	-23,4825986	3466	0,0577	0,0499	5946	4422	1524
L09939	3	-46,4058353	-23,5217846	3328	0,0901	0,0749	5634	4378	1256
L09940	4	-46,4159193	-23,5160292	2494	0,1604	0,0998	4441	3412	1029
L09941	3	-46,4089885	-23,5011168	2267	0,1323	0,0749	3907	3021	886
L09943	2	-46,4100104	-23,4972377	3575	0,0559	0,0499	6284	4540	1744
L09945	2	-46,4180582	-23,4867289	3677	0,0544	0,0499	6336	4651	1685
L09947	4	-46,4192075	-23,4763812	780	0,5128	0,0998	1317	1002	315
L09948	1	-46,4030957	-23,5139436	1816	0,0551	0,025	3163	2414	749
L09949	2	-46,4214494	-23,4876594	3612	0,0554	0,0499	6099	4488	1611
L09951	1	-46,4265698	-23,4780423	1572	0,0636	0,025	2602	2034	568
L09952	1	-46,4147903	-23,4834509	2133	0,0469	0,025	3499	2769	730
L09953	10	-46,4731140	-23,5114910	2130	0,4695	0,2496	3810	2793	1017
L09954	4	-46,4581061	-23,4953823	1804	0,2217	0,0998	3147	2304	843
L09955	4	-46,4581061	-23,4953823	1783	0,2243	0,0998	3145	2251	894
L09956	1	-46,4586839	-23,5113158	2441	0,041	0,025	4199	3148	1051
L09957	5	-46,4581172	-23,4840344	741	0,6748	0,1248	1493	995	498
L09958	36	-46,4555571	-23,4916901	2939	1,2249	0,8984	5404	4032	1372
L09959	1	-46,4626811	-23,5121755	2874	0,0348	0,025	5221	3497	1724
L09961	2	-46,4759909	-23,5120600	2556	0,0782	0,0499	4311	3397	914
L09962	1	-46,4551140	-23,5001057	2153	0,0464	0,025	3785	2650	1135
L09963	7	-46,4697092	-23,5174500	2760	0,2536	0,1747	4709	3527	1182
L09964	4	-46,4478293	-23,5112363	2288	0,1748	0,0998	3975	3015	960
L09965	26	-46,4559263	-23,4911459	2451	1,0608	0,6489	4152	3143	1009
L09967	2	-46,4485753	-23,5009963	2271	0,0881	0,0499	3893	2812	1081
L09968	2	-46,4469938	-23,5086770	2427	0,0824	0,0499	4394	2952	1442
L09969	1	-46,4652162	-23,5011465	2204	0,0454	0,025	3832	2745	1087
L09970	6	-46,4560056	-23,5122728	3898	0,1539	0,1497	6534	5016	1518
L09971	2	-46,4610139	-23,4967947	2718	0,0736	0,0499	4758	3458	1300
L09972	3	-46,4663780	-23,5115601	2666	0,1125	0,0749	4869	3367	1502
L09973	3	-46,4696520	-23,5041190	2277	0,1318	0,0749	3842	2928	914
L09974	1	-46,4458454	-23,5101744	1031	0,097	0,025	1684	1326	358
L09975	2	-46,4600054	-23,5113119	1114	0,1795	0,0499	2009	1504	505
L09979	3	-46,4533158	-23,4993370	3973	0,0755	0,0749	6808	4929	1879
L10138	1	-46,7498728	-23,4458752	1878	0,0532	0,025	3193	2426	767
L10140	1	-46,7462176	-23,4551621	1903	0,0525	0,025	3307	2338	969
L10148	1	-46,7311790	-23,4454790	2341	0,0427	0,025	3944	2990	954
L10153	1	-46,7291158	-23,4519438	2823	0,0354	0,025	4774	3497	1277
L10155	2	-46,7295407	-23,4509098	1159	0,1726	0,0499	2001	1487	514
L10158	2	-46,3926354	-23,5832254	1568	0,1276	0,0499	2736	1965	771
L10159	1	-46,3986638	-23,5652267	1792	0,0558	0,025	2935	2258	677
L10160	2	-46,3946292	-23,6013228	1030	0,1942	0,0499	1836	1330	506
L10161	1	-46,4041961	-23,5809663	1876	0,0533	0,025	3205	2396	809
L10162	3	-46,4037340	-23,5668844	2580	0,1163	0,0749	4380	3282	1098
L10163	1	-46,3993980	-23,5747215	2015	0,0496	0,025	3611	2678	933
L10164	1	-46,4000259	-23,5999090	3063	0,0326	0,025	5283	3824	1459
L10166	5	-46,4073307	-23,5666032	3346	0,1494	0,1248	5875	4258	1617
L10169	2	-46,4441227	-23,5965195	3830	0,0522	0,0499	6692	4988	1704
L10170	2	-46,4029258	-23,5791123	3594	0,0556	0,0499	6150	4576	1574
L10171	2	-46,3962457	-23,5991319	1706	0,1172	0,0499	2893	2180	713
L10172	1	-46,3911438	-23,5781477	2553	0,0392	0,025	4332	3191	1141
L10173	2	-46,4070213	-23,5656205	2817	0,071	0,0499	4782	3657	1125
L10174	2	-46,4394834	-23,5946999	2672	0,0749	0,0499	4565	3397	1168
L10175	1	-46,4239217	-23,6195549	2758	0,0363	0,025	4547	3517	1030
L10176	1	-46,4272779	-23,6121140	2705	0,037	0,025	4404	3473	931
L10178	1	-46,4094033	-23,5851215	3329	0,03	0,025	5585	4174	1411
L10179	2	-46,3916580	-23,5781044	2563	0,078	0,0499	4718	3343	1375
L10182	3	-46,4165108	-23,5924694	2887	0,1039	0,0749	4796	3618	1178
L10183	4	-46,3957789	-23,5915363	2543	0,1573	0,0998	4545	3320	1225
L10184	2	-46,3942223	-23,5789990	3555	0,0563	0,0499	6001	4511	1490
L10186	1	-46,4353757	-23,6050958	3112	0,0321	0,025	5433	4073	1360
L10187	2	-46,3967077	-23,5644405	2905	0,0688	0,0499	5094	3653	1441
L10189	2	-46,4043421	-23,6017481	2151	0,093	0,0499	3771	2855	916
L10190	1	-46,4063933	-23,5926393	3470	0,0288	0,025	6064	4335	1729
L10191	4	-46,4081455	-23,5938557	2942	0,136	0,0998	4794	3605	1189
L10193	3	-46,4414315	-23,5961736	2959	0,1014	0,0749	5227	3738	1489
L10194	3	-46,3915721	-23,5870657	3661	0,0819	0,0749	5997	4550	1447
L10195	2	-46,4005020	-23,5933829	2950	0,0678	0,0499	5001	3717	1284
L10197	2	-46,3997870	-23,5705358	1901	0,1052	0,0499	3155	2448	707
L10198	1	-46,4014360	-23,5912442	4177	0,0239	0,025	6889	5203	1686
L10199	6	-46,3975433	-23,6095547	3461	0,1734	0,1497	5769	4227	1542
L10200	2	-46,4077080	-23,5934470	2037	0,0982	0,0499	3462	2558	904
L10201	7	-46,4342227	-23,5757888	1260	0,5556	0,1747	2285	1597	688
L10202	15	-46,4258475	-23,5516624	1476	1,0163	0,3743	2694	1997	697
L10203	3	-46,4258537	-23,5660747	3386	0,0886	0,0749	6124	4511	1613
L10204	47	-46,4437362	-23,5536130	3367	1,3959	1,1729	5872	4414	1458
L10205	11	-46,4339366	-23,5523973	953	1,1542	0,2745	1561	1199	362
L10206	36	-46,4374003	-23,5499344	2591	1,3894	0,8984	4412	3400	1012
L10207	38	-46,4402616	-23,5431917	2833	1,3413	0,9483	4781	3684	1097
L10208	24	-46,4337487	-23,5491681	3521	0,6816	0,599	6483	4451	2032
L10209	57	-46,4412380	-23,5517239	2465	2,3124	1,4225	4185	3101	1084
L10210	44	-46,4355290	-23,5413160	4313	1,0202	1,0981	7351	5434	1917
L10211	60	-46,4410384	-23,5384069	4053	1,4804	1,4974	7309	5151	2158
L10212	14	-46,4277510	-23,5498460	3585	0,3905	0,3494	6336	4627	1709
L10213	35	-46,4350193	-23,5546910	4684	0,7472	0,8735	8573	6058	2515
L10214	10	-46,4333967	-23,5385367	1399	0,7148	0,2496	2572	1879	693
L10215	10	-46,4375782	-23,5533997	2536	0,3943	0,2496	4483	3244	1239
L10216	11	-46,4285496	-23,5394983	3748	0,2935	0,2745	6636	4916	1720
L10217	14	-46,4293241	-23,5467063	3148	0,4447	0,3494	5968	4010	1958
L10218	2	-46,4175328	-23,5652073	2492	0,0803	0,0499	4332	3281	1051
L10219	1	-46,4216949	-23,5880443	2893	0,0346	0,025	4936	3772	1164
L10220	6	-46,4161442	-23,5651315	3039	0,1974	0,1497	5389	3972	1417
L10221	4	-46,4326224	-23,5463241	531	0,7533	0,0998	906	716	190
L10222	41	-46,4387810	-23,5470846	1896	2,1624	1,0232	3138	2443	695
L10311	1	-46,7438418	-23,6469973	3989	0,0251	0,025	6890	4938	1952
L10313	1	-46,7409855	-23,6288859	4572	0,0219	0,025	7434	5319	2115
L10316	2	-46,7406208	-23,6440978	2363	0,0846	0,0499	4428	2886	1542
L10329	1	-46,7515285	-23,6467951	3583	0,0279	0,025	6346	4335	2011
L10493	2	-46,6004969	-23,6242367	3658	0,0547	0,0499	6286	4333	1953
L10500	1	-46,6198639	-23,6259356	4553	0,022	0,025	8580	5593	2987
L10501	1	-46,6131234	-23,6336255	3411	0,0293	0,025	6193	4182	2011
L10504	1	-46,6101359	-23,6467725	2446	0,0409	0,025	4304	2974	1330
L10506	1	-46,5972438	-23,6398797	2835	0,0353	0,025	4669	3551	1118
L10507	2	-46,6088981	-23,6130570	3204	0,0624	0,0499	5234	3891	1343
L10511	1	-46,5988854	-23,6473033	3074	0,0325	0,025	4952	3868	1084
L10513	2	-46,6148883	-23,6223499	2743	0,0729	0,0499	4986	3378	1608
L10516	3	-46,6134748	-23,6571470	3833	0,0783	0,0749	5910	4608	1302
L10517	2	-46,6050459	-23,6252795	2397	0,0834	0,0499	4071	2968	1103
L10609	1	-46,4834938	-23,5654763	1529	0,0654	0,025	2675	2050	625
L10610	7	-46,4812016	-23,5483731	3878	0,1805	0,1747	6716	5098	1618
L10611	49	-46,4696904	-23,5681129	5770	0,8492	1,2229	11060	7441	3619
L10612	6	-46,4871909	-23,5625475	3428	0,175	0,1497	5997	4558	1439
L10613	12	-46,4813947	-23,5513733	2971	0,4039	0,2995	4901	3803	1098
L10614	9	-46,4765220	-23,5538502	1616	0,5569	0,2246	2992	2135	857
L10615	13	-46,4563702	-23,5747489	3354	0,3876	0,3244	5745	4207	1538
L10616	4	-46,4850436	-23,5755403	2607	0,1534	0,0998	4518	3409	1109
L10617	13	-46,4705701	-23,5650788	2486	0,5229	0,3244	4479	3304	1175
L10618	9	-46,4876555	-23,5528722	3863	0,233	0,2246	7214	4790	2424
L10619	21	-46,4735226	-23,5580480	2559	0,8206	0,5241	4469	3296	1173
L10620	4	-46,4864496	-23,5496384	3089	0,1295	0,0998	5680	3970	1710
L10621	4	-46,4798018	-23,5438419	3988	0,1003	0,0998	7410	5062	2348
L10622	22	-46,4616617	-23,5574890	4046	0,5437	0,549	7280	5166	2114
L10623	9	-46,4610673	-23,5638539	2685	0,3352	0,2246	4646	3537	1109
L10624	7	-46,4474483	-23,5693701	1987	0,3523	0,1747	3374	2526	848
L10625	13	-46,4714895	-23,5528836	3285	0,3957	0,3244	5837	4288	1549
L10626	2	-46,4918596	-23,5564505	1317	0,1519	0,0499	2318	1776	542
L10627	19	-46,4652985	-23,5546299	3666	0,5183	0,4742	6843	4619	2224
L10628	12	-46,4787958	-23,5757265	2501	0,4798	0,2995	4279	3187	1092
L10629	4	-46,4814410	-23,5690400	3111	0,1286	0,0998	5332	4086	1246
L10630	4	-46,4606590	-23,5643471	657	0,6088	0,0998	1114	874	240
L10631	4	-46,4748034	-23,5576482	753	0,5312	0,0998	1240	968	272
L10632	2	-46,4857928	-23,5493032	1457	0,1373	0,0499	2432	1835	597
L10633	19	-46,4580781	-23,5527746	2129	0,8924	0,4742	3815	2839	976
L10635	1	-46,6440127	-23,7047708	4681	0,0214	0,025	8880	6015	2865
L10641	1	-46,6436362	-23,7008286	3775	0,0265	0,025	6742	4811	1931
L10644	1	-46,6556236	-23,6824021	2836	0,0353	0,025	4936	3557	1379
L10645	1	-46,6362933	-23,7001858	2822	0,0354	0,025	5118	3730	1388
L10647	2	-46,6809971	-23,6837327	3113	0,0642	0,0499	5197	3757	1440
L10660	1	-46,6730061	-23,6875554	2843	0,0352	0,025	5133	3531	1602
L10664	1	-46,6822506	-23,6859937	2727	0,0367	0,025	4800	3284	1516
L10665	2	-46,6401401	-23,7021728	2226	0,0898	0,0499	3949	2934	1015
L10669	1	-46,6638547	-23,6762157	2108	0,0474	0,025	3608	2741	867
L10672	1	-46,6554638	-23,6936711	1054	0,0949	0,025	1736	1348	388
L10674	1	-46,6488051	-23,6891793	776	0,1289	0,025	1295	1012	283
L10716	2	-46,5727801	-23,4924991	1031	0,194	0,0499	1733	1305	428
L10717	1	-46,5630814	-23,4738195	2767	0,0361	0,025	5120	3441	1679
L10718	1	-46,5859510	-23,4876316	2245	0,0445	0,025	4064	2964	1100
L10719	1	-46,5812144	-23,4890395	2814	0,0355	0,025	4897	3512	1385
L10721	3	-46,5753210	-23,4806909	3112	0,0964	0,0749	5709	3924	1785
L10722	3	-46,5624088	-23,4783293	2298	0,1305	0,0749	4490	2893	1597
L10723	1	-46,5874208	-23,4972108	3391	0,0295	0,025	6308	4248	2060
L10730	2	-46,5677498	-23,4890100	1919	0,1042	0,0499	3223	2470	753
L10731	3	-46,5732850	-23,4796325	3704	0,081	0,0749	7087	4869	2218
L10735	1	-46,5734783	-23,4926878	3047	0,0328	0,025	5191	3808	1383
L10736	1	-46,5681819	-23,4784924	3650	0,0274	0,025	6352	4719	1633
L10737	2	-46,5819128	-23,4810310	2931	0,0682	0,0499	5742	3793	1949
L10738	1	-46,5972000	-23,4951209	2600	0,0385	0,025	4771	3258	1513
L10742	3	-46,4935076	-23,6091331	3091	0,0971	0,0749	5399	3979	1420
L10743	1	-46,5020528	-23,5956074	396	0,2525	0,025	718	536	182
L10744	3	-46,5101702	-23,6058819	5877	0,051	0,0749	10885	7744	3141
L10745	4	-46,5040533	-23,6054351	4046	0,0989	0,0998	7138	5324	1814
L10749	7	-46,5009514	-23,5953008	3234	0,2165	0,1747	5657	4320	1337
L10750	1	-46,4877685	-23,6127096	3376	0,0296	0,025	5906	4461	1445
L10751	1	-46,5061790	-23,6170608	3511	0,0285	0,025	6321	4673	1648
L10752	2	-46,4907070	-23,6054790	4502	0,0444	0,0499	7815	5884	1931
L10755	1	-46,5095210	-23,5996670	3646	0,0274	0,025	6483	4687	1796
L10756	12	-46,5031776	-23,6019735	4100	0,2927	0,2995	6948	5368	1580
L10758	2	-46,5007848	-23,6042677	3731	0,0536	0,0499	6630	4687	1943
L10760	1	-46,4938454	-23,6105292	2751	0,0364	0,025	4899	3482	1417
L10764	1	-46,4893958	-23,6137160	2190	0,0457	0,025	3625	2783	842
L10765	1	-46,4965013	-23,6166543	3324	0,0301	0,025	6076	4282	1794
L10766	2	-46,4983849	-23,5987055	3171	0,0631	0,0499	5783	4036	1747
L10772	1	-46,6412490	-23,4854900	1860	0,0538	0,025	2866	2221	645
L10773	2	-46,6378689	-23,4793297	3726	0,0537	0,0499	5957	4473	1484
L10777	1	-46,6334518	-23,4764864	2961	0,0338	0,025	5466	3552	1914
L10780	1	-46,6459828	-23,4561450	2090	0,0478	0,025	3524	2632	892
L10781	1	-46,6492631	-23,4694520	4305	0,0232	0,025	7868	5458	2410
L10789	5	-46,6351309	-23,4713832	3445	0,1451	0,1248	6308	4270	2038
L10792	3	-46,6392692	-23,4685393	2749	0,1091	0,0749	4914	3299	1615
L10795	2	-46,6448499	-23,4728933	2607	0,0767	0,0499	4567	3376	1191
L10799	1	-46,6467390	-23,4772016	1155	0,0866	0,025	1950	1447	503
