cod_local	QT_VOTOS	longitude	latitude	LOC_VALID	%_LOC_V	%_CAND	QT_APTOS	QT_COMPARECIMENTO	QT_ABSTENCOES
L00006	1	-46,6471893	-23,5496488	4359	0,0229	0,0755	8358	5061	3297
L00008	1	-46,6464095	-23,5560819	3643	0,0274	0,0755	6983	4278	2705
L00011	1	-46,6535747	-23,5498948	3808	0,0263	0,0755	7072	4407	2665
L00019	1	-46,6376429	-23,5607300	2664	0,0375	0,0755	5259	3125	2134
L00022	1	-46,6521240	-23,5458002	10350	0,0097	0,0755	18525	11583	6942
L00023	2	-46,6498912	-23,5493645	2834	0,0706	0,1511	4909	3201	1708
L00024	1	-46,6497533	-23,5485991	1896	0,0527	0,0755	3234	2130	1104
L00027	2	-46,6368084	-23,5498480	2635	0,0759	0,1511	5430	3072	2358
L00028	1	-46,6528053	-23,5234860	651	0,1536	0,0755	1201	806	395
L00031	1	-46,6872489	-23,5323018	3785	0,0264	0,0755	5622	4272	1350
L00035	2	-46,6800459	-23,5481021	3932	0,0509	0,1511	6405	4313	2092
L00037	2	-46,6566164	-23,5307137	3471	0,0576	0,1511	6463	3952	2511
L00039	1	-46,6663954	-23,5361229	5419	0,0185	0,0755	8062	5901	2161
L00044	1	-46,6566305	-23,5207777	1534	0,0652	0,0755	2722	1815	907
L00045	1	-46,6523017	-23,5318175	2128	0,047	0,0755	3940	2485	1455
L00049	2	-46,6806583	-23,5307166	4578	0,0437	0,1511	8065	5186	2879
L00050	1	-46,6531096	-23,5391595	3449	0,029	0,0755	6577	4007	2570
L00052	4	-46,6832663	-23,5289919	4888	0,0818	0,3021	8677	5629	3048
L00053	1	-46,6630845	-23,5450242	5945	0,0168	0,0755	9970	6457	3513
L00055	1	-46,6566164	-23,5307137	5271	0,019	0,0755	9323	6035	3288
L00057	1	-46,6510689	-23,5302066	2410	0,0415	0,0755	4093	2814	1279
L00058	1	-46,6432297	-23,5320752	3161	0,0316	0,0755	6470	3731	2739
L00061	1	-46,6666956	-23,5298372	3408	0,0293	0,0755	6305	3946	2359
L00062	1	-46,6375237	-23,5287430	2256	0,0443	0,0755	4421	2765	1656
L00063	1	-46,6343483	-23,5436627	2624	0,0381	0,0755	5154	3085	2069
L00064	1	-46,6278434	-23,5475185	2980	0,0336	0,0755	5641	3584	2057
L00065	1	-46,6385252	-23,5376549	2229	0,0449	0,0755	4267	2744	1523
L00068	1	-46,6432775	-23,5262231	2815	0,0355	0,0755	5403	3409	1994
L00070	5	-46,6134834	-23,5400667	2964	0,1687	0,3776	5594	3588	2006
L00071	1	-46,6341197	-23,5306628	2982	0,0335	0,0755	5785	3615	2170
L00074	2	-46,6370866	-23,5384772	2847	0,0702	0,1511	6133	3437	2696
L00078	5	-46,6212238	-23,5429654	2774	0,1802	0,3776	5496	3398	2098
L00081	5	-46,5848689	-23,5392025	3560	0,1404	0,3776	5984	4200	1784
L00083	9	-46,5997287	-23,5410220	3324	0,2708	0,6798	6501	4011	2490
L00084	1	-46,5895134	-23,5593568	5301	0,0189	0,0755	8807	6387	2420
L00085	3	-46,5978907	-23,5552089	4372	0,0686	0,2266	8050	5269	2781
L00086	2	-46,6000356	-23,5353560	2856	0,07	0,1511	5171	3468	1703
L00088	1	-46,6217269	-23,5533444	1019	0,0981	0,0755	1932	1238	694
L00089	2	-46,5902871	-23,5470008	2261	0,0885	0,1511	4286	2820	1466
L00092	2	-46,5828225	-23,5542479	3888	0,0514	0,1511	7164	4714	2450
L00093	1	-46,5813248	-23,5619799	3706	0,027	0,0755	6970	4489	2481
L00097	1	-46,5595868	-23,5719075	2559	0,0391	0,0755	4560	3187	1373
L00106	2	-46,5939719	-23,5375195	4328	0,0462	0,1511	6924	5149	1775
L00107	1	-46,6116378	-23,5511180	2148	0,0466	0,0755	4565	2585	1980
L00108	7	-46,5976041	-23,5519593	6779	0,1033	0,5287	11883	7994	3889
L00109	1	-46,6685837	-23,5678112	2042	0,049	0,0755	3574	2207	1367
L00121	1	-46,6790390	-23,5798975	3855	0,0259	0,0755	7199	4264	2935
L00132	1	-46,6416210	-23,5785510	4598	0,0217	0,0755	7651	5166	2485
L00134	1	-46,6358455	-23,5895447	4856	0,0206	0,0755	8425	5454	2971
L00135	2	-46,6431906	-23,5719338	4487	0,0446	0,1511	7477	5015	2462
L00144	1	-46,6356180	-23,5786976	2260	0,0442	0,0755	3961	2589	1372
L00152	1	-46,6459660	-23,5746810	3017	0,0331	0,0755	4888	3361	1527
L00528	2	-46,7937390	-23,6862114	4929	0,0406	0,1511	8528	6298	2230
L00552	1	-46,7867141	-23,6791697	1483	0,0674	0,0755	2634	1909	725
L00555	2	-46,7999759	-23,6870539	3475	0,0576	0,1511	6174	4460	1714
L00560	2	-46,7971617	-23,6783864	2752	0,0727	0,1511	4757	3583	1174
L00561	1	-46,7797991	-23,6713610	3438	0,0291	0,0755	6027	4213	1814
L05530	1	-46,7007739	-23,6497088	5044	0,0198	0,0755	8236	5638	2598
L05552	1	-46,4488381	-23,4906612	2090	0,0478	0,0755	3620	2620	1000
L05553	1	-46,4351534	-23,5022679	3506	0,0285	0,0755	6236	4381	1855
L05554	6	-46,4441795	-23,4982353	3546	0,1692	0,4532	6065	4260	1805
L05557	4	-46,4452179	-23,4993366	2352	0,1701	0,3021	3986	2897	1089
L05559	1	-46,4198222	-23,5098866	1943	0,0515	0,0755	3330	2529	801
L05564	3	-46,4259779	-23,5162635	4083	0,0735	0,2266	6687	5009	1678
L05565	1	-46,4195668	-23,5172129	2191	0,0456	0,0755	3749	2826	923
L05566	2	-46,4352447	-23,5020281	2851	0,0702	0,1511	4735	3521	1214
L05570	1	-46,4345329	-23,5094734	3688	0,0271	0,0755	6309	4565	1744
L05571	1	-46,4218866	-23,5204965	2679	0,0373	0,0755	4440	3324	1116
L05572	1	-46,4193422	-23,5228558	2139	0,0468	0,0755	3993	2664	1329
L05573	1	-46,4192720	-23,4963124	2328	0,043	0,0755	4347	2982	1365
L05578	2	-46,4526050	-23,5387875	2564	0,078	0,1511	4882	3187	1695
L05579	2	-46,4415141	-23,5227656	2072	0,0965	0,1511	3867	2846	1021
L05580	6	-46,4367093	-23,5286893	3428	0,175	0,4532	6257	4314	1943
L05581	1	-46,4522081	-23,5171617	3935	0,0254	0,0755	6924	5015	1909
L05582	4	-46,4362612	-23,5281919	1912	0,2092	0,3021	3481	2438	1043
L05583	8	-46,4325849	-23,5321585	3488	0,2294	0,6042	6128	4395	1733
L05584	2	-46,4623208	-23,5289299	3239	0,0617	0,1511	5568	4191	1377
L05585	1	-46,4451845	-23,5472188	2365	0,0423	0,0755	4123	3094	1029
L05588	1	-46,4326641	-23,5174330	2595	0,0385	0,0755	4297	3303	994
L05590	1	-46,4560761	-23,5496358	3285	0,0304	0,0755	6239	4284	1955
L05591	4	-46,4544144	-23,5410443	3621	0,1105	0,3021	6839	4640	2199
L05593	2	-46,4528982	-23,5182408	3494	0,0572	0,1511	6309	4695	1614
L05597	4	-46,4601240	-23,5260232	3143	0,1273	0,3021	5422	4051	1371
L05602	1	-46,4402958	-23,5148095	3394	0,0295	0,0755	6298	4377	1921
L05603	1	-46,4430227	-23,5314831	2610	0,0383	0,0755	4621	3404	1217
L05604	2	-46,4434311	-23,5313295	1136	0,1761	0,1511	1958	1485	473
L05607	1	-46,4470139	-23,5216112	1268	0,0789	0,0755	2275	1708	567
L05617	2	-46,6180480	-23,4923992	3331	0,06	0,1511	5427	3880	1547
L05624	1	-46,6161131	-23,5004170	2563	0,039	0,0755	4896	3055	1841
L05638	2	-46,6330906	-23,4915684	3666	0,0546	0,1511	6121	4251	1870
L05646	1	-46,7000457	-23,5224777	2592	0,0386	0,0755	4343	2970	1373
L05658	1	-46,7052733	-23,5150700	2442	0,041	0,0755	4469	2893	1576
L05661	1	-46,7443554	-23,5048937	2325	0,043	0,0755	4192	2863	1329
L05663	4	-46,7053463	-23,5246614	2188	0,1828	0,3021	4237	2584	1653
L05664	1	-46,7492548	-23,5117336	1714	0,0583	0,0755	3333	2162	1171
L05668	1	-46,7212419	-23,5119029	1112	0,0899	0,0755	2192	1343	849
L05672	1	-46,7311891	-23,5069529	1946	0,0514	0,0755	3336	2311	1025
L05674	1	-46,7403488	-23,4962095	1814	0,0551	0,0755	3029	2259	770
L05676	1	-46,7424159	-23,5202320	790	0,1266	0,0755	1426	991	435
L05681	1	-46,6949470	-23,5283220	1938	0,0516	0,0755	3100	2183	917
L05685	2	-46,7053660	-23,5158470	812	0,2463	0,1511	1357	974	383
L05688	1	-46,7278581	-23,5209253	3285	0,0304	0,0755	5542	3799	1743
L05692	1	-46,7342495	-23,5279924	4939	0,0202	0,0755	7451	5535	1916
L05699	3	-46,7009593	-23,5471309	1742	0,1722	0,2266	2791	1881	910
L05704	1	-46,7169080	-23,5430685	2482	0,0403	0,0755	4378	2777	1601
L05709	2	-46,6896173	-23,5508030	2889	0,0692	0,1511	4742	3138	1604
L05720	1	-46,5018743	-23,5298075	832	0,1202	0,0755	1456	1081	375
L05722	2	-46,5000225	-23,5253888	2828	0,0707	0,1511	4665	3627	1038
L05725	1	-46,5417930	-23,5164577	1220	0,082	0,0755	2066	1547	519
L05726	1	-46,4882070	-23,5327782	863	0,1159	0,0755	1543	1100	443
L05727	1	-46,5492590	-23,5262720	2649	0,0378	0,0755	4685	3161	1524
L05729	2	-46,5386362	-23,5224127	3595	0,0556	0,1511	7112	4601	2511
L05731	2	-46,5285678	-23,5250739	3128	0,0639	0,1511	5872	3858	2014
L05733	1	-46,5480210	-23,5212900	2116	0,0473	0,0755	4002	2723	1279
L05734	1	-46,5478984	-23,5284411	2172	0,046	0,0755	4014	2746	1268
L05735	1	-46,4932640	-23,5309670	2238	0,0447	0,0755	4145	2862	1283
L05736	2	-46,5179226	-23,5228086	3663	0,0546	0,1511	6711	4640	2071
L05737	1	-46,4989941	-23,5275262	2079	0,0481	0,0755	3862	2632	1230
L05739	1	-46,4991515	-23,5296706	3000	0,0333	0,0755	5527	3909	1618
L05740	1	-46,5095310	-23,5250203	3929	0,0255	0,0755	7326	4889	2437
L05742	1	-46,5211173	-23,5214041	2853	0,0351	0,0755	5266	3603	1663
L05744	1	-46,5317318	-23,5311949	1071	0,0934	0,0755	1768	1306	462
L05746	1	-46,5505175	-23,5250578	1516	0,066	0,0755	2837	1855	982
L05748	1	-46,5402474	-23,5261748	1467	0,0682	0,0755	2351	1835	516
L05749	1	-46,5657556	-23,5447205	2552	0,0392	0,0755	4152	3034	1118
L05751	2	-46,5757522	-23,5380963	4097	0,0488	0,1511	6495	4845	1650
L05752	3	-46,5494401	-23,5441268	4128	0,0727	0,2266	7403	5019	2384
L05753	2	-46,5571310	-23,5490160	3586	0,0558	0,1511	6008	4212	1796
L05754	1	-46,5702535	-23,5486528	3035	0,0329	0,0755	4571	3526	1045
L05755	1	-46,5179584	-23,5638358	3205	0,0312	0,0755	5295	4046	1249
L05756	1	-46,5564250	-23,5331500	2613	0,0383	0,0755	4568	3155	1413
L05757	1	-46,5403970	-23,5459183	2015	0,0496	0,0755	3549	2496	1053
L05760	2	-46,4984532	-23,5847269	4733	0,0423	0,1511	8851	6109	2742
L05761	3	-46,5547639	-23,5507972	2499	0,12	0,2266	4611	3030	1581
L05770	2	-46,5075141	-23,5806329	2164	0,0924	0,1511	3900	2720	1180
L05772	2	-46,5679267	-23,5325642	2271	0,0881	0,1511	4284	2700	1584
L05776	1	-46,5726461	-23,5512878	2634	0,038	0,0755	4333	3190	1143
L05777	1	-46,5636721	-23,5353692	1934	0,0517	0,0755	3252	2352	900
L05778	2	-46,5363195	-23,5540735	2588	0,0773	0,1511	4862	3218	1644
L05780	2	-46,5072844	-23,5706991	5535	0,0361	0,1511	10333	6962	3371
L05781	7	-46,5589094	-23,5412357	2005	0,3491	0,5287	3920	2483	1437
L05782	2	-46,5454070	-23,5485123	1497	0,1336	0,1511	2866	1877	989
L05785	2	-46,4982329	-23,5898352	2069	0,0967	0,1511	3681	2817	864
L05795	2	-46,5630428	-23,5455348	2537	0,0788	0,1511	4283	2957	1326
L05796	1	-46,5581932	-23,5503944	4508	0,0222	0,0755	6964	5342	1622
L05797	3	-46,5602785	-23,5363132	5811	0,0516	0,2266	9848	6857	2991
L05801	1	-46,5968739	-23,5084251	2820	0,0355	0,0755	5313	3529	1784
L05806	1	-46,5685781	-23,5119963	4184	0,0239	0,0755	7823	5387	2436
L05807	1	-46,5779360	-23,5053673	3549	0,0282	0,0755	6465	4410	2055
L05808	2	-46,5892786	-23,5184715	2964	0,0675	0,1511	5799	3706	2093
L05823	2	-46,5847505	-23,5062429	2469	0,081	0,1511	4405	3039	1366
L05824	1	-46,5850061	-23,5058039	555	0,1802	0,0755	877	693	184
L05834	1	-46,5964032	-23,5194682	1589	0,0629	0,0755	2795	1963	832
L05838	2	-46,5930563	-23,5195686	3761	0,0532	0,1511	6624	4656	1968
L05846	4	-46,6811823	-23,4913790	3097	0,1292	0,3021	5454	4068	1386
L05847	1	-46,6551176	-23,4983123	3654	0,0274	0,0755	6457	4489	1968
L05848	1	-46,6506305	-23,5026837	3720	0,0269	0,0755	6771	4492	2279
L05849	1	-46,6657859	-23,4885740	3928	0,0255	0,0755	7229	4920	2309
L05850	1	-46,6672729	-23,4955761	2587	0,0387	0,0755	4487	3234	1253
L05857	1	-46,6610100	-23,4937600	3204	0,0312	0,0755	6028	4077	1951
L05860	1	-46,6806536	-23,4985927	2933	0,0341	0,0755	5335	3608	1727
L05861	1	-46,6633902	-23,4700233	2413	0,0414	0,0755	4175	2930	1245
L05863	1	-46,6642085	-23,4767719	3809	0,0263	0,0755	7192	4768	2424
L05864	1	-46,6729030	-23,5109220	2299	0,0435	0,0755	4247	2858	1389
L05866	1	-46,6545707	-23,4916062	2697	0,0371	0,0755	4880	3285	1595
L05870	2	-46,6722354	-23,4967228	2389	0,0837	0,1511	4246	3161	1085
L05875	1	-46,6702128	-23,4900049	1711	0,0584	0,0755	3184	2157	1027
L05889	2	-46,6306396	-23,4568482	2624	0,0762	0,1511	4737	3252	1485
L05891	1	-46,5884421	-23,4440711	2609	0,0383	0,0755	4730	3437	1293
L05897	2	-46,5851276	-23,4502408	3003	0,0666	0,1511	5429	3962	1467
L05899	1	-46,6056454	-23,4658408	3170	0,0315	0,0755	5858	3789	2069
L05906	1	-46,6048700	-23,4811680	2460	0,0407	0,0755	4808	3065	1743
L05908	2	-46,5774727	-23,4379629	2559	0,0782	0,1511	4721	3325	1396
L05909	1	-46,5745264	-23,4316764	1629	0,0614	0,0755	3155	2181	974
L05919	1	-46,6120305	-23,4757531	1300	0,0769	0,0755	2166	1565	601
L05934	1	-46,5733889	-23,5841252	2885	0,0347	0,0755	5165	3545	1620
L05936	1	-46,5703839	-23,5879450	1764	0,0567	0,0755	2906	2096	810
L05944	2	-46,5421787	-23,5921449	3003	0,0666	0,1511	5738	3791	1947
L05946	1	-46,5642049	-23,5759686	2719	0,0368	0,0755	4371	3343	1028
L05948	1	-46,5542887	-23,6019436	1256	0,0796	0,0755	2152	1652	500
L05956	1	-46,5394300	-23,5959940	2022	0,0495	0,0755	3634	2528	1106
L05977	1	-46,6702545	-23,6470231	3091	0,0324	0,0755	4695	3516	1179
L05994	2	-46,6880132	-23,6223740	4177	0,0479	0,1511	7394	4699	2695
L06001	1	-46,6367820	-23,6023840	4353	0,023	0,0755	7231	4917	2314
L06002	1	-46,6235160	-23,6123380	3568	0,028	0,0755	6002	4132	1870
L06004	1	-46,6210529	-23,6057597	883	0,1133	0,0755	1335	1043	292
L06006	2	-46,6360133	-23,6258929	2395	0,0835	0,1511	4157	2791	1366
L06008	1	-46,6239491	-23,6061875	2084	0,048	0,0755	3561	2425	1136
L06012	1	-46,6319660	-23,6059990	2471	0,0405	0,0755	4092	2850	1242
L06013	2	-46,6344010	-23,5954544	2340	0,0855	0,1511	4149	2692	1457
L06023	1	-46,6389150	-23,6157370	2881	0,0347	0,0755	4965	3266	1699
L06025	2	-46,6389693	-23,6190507	3888	0,0514	0,1511	6569	4406	2163
L06026	6	-46,6383254	-23,5955707	3315	0,181	0,4532	5603	3692	1911
L06027	1	-46,6300558	-23,5928665	2573	0,0389	0,0755	4339	2922	1417
L06030	1	-46,6079927	-23,5824240	1637	0,0611	0,0755	2785	1978	807
L06031	12	-46,5834188	-23,6215419	2911	0,4122	0,9063	5114	3726	1388
L06034	9	-46,5919260	-23,6218968	1852	0,486	0,6798	3149	2340	809
L06036	1	-46,6027202	-23,6187027	1079	0,0927	0,0755	2228	1350	878
L06040	3	-46,6000559	-23,6225320	1860	0,1613	0,2266	3641	2456	1185
L06042	36	-46,5932441	-23,6218013	3332	1,0804	2,719	5834	4057	1777
L06045	3	-46,5907336	-23,5984174	3727	0,0805	0,2266	6818	4710	2108
L06046	5	-46,5830025	-23,6226329	2716	0,1841	0,3776	4830	3455	1375
L06047	5	-46,5866191	-23,6277500	3027	0,1652	0,3776	5754	3872	1882
L06048	6	-46,5945812	-23,6240333	3452	0,1738	0,4532	6548	4452	2096
L06049	7	-46,5971870	-23,6124820	2991	0,234	0,5287	5347	3706	1641
L06050	2	-46,5889064	-23,6343276	2672	0,0749	0,1511	4589	3469	1120
L06051	2	-46,6031399	-23,6063806	3228	0,062	0,1511	5899	4148	1751
L06052	1	-46,6023320	-23,6013361	2212	0,0452	0,0755	4121	2738	1383
L06056	2	-46,6019600	-23,5909040	5133	0,039	0,1511	9867	6305	3562
L06058	1	-46,5930326	-23,5972734	2828	0,0354	0,0755	5015	3572	1443
L06059	6	-46,5975968	-23,6097769	2880	0,2083	0,4532	4845	3529	1316
L06060	6	-46,5954073	-23,6104073	3797	0,158	0,4532	6278	4612	1666
L06061	2	-46,5809811	-23,6100573	2017	0,0992	0,1511	3626	2610	1016
L06062	7	-46,5863383	-23,6186398	3309	0,2115	0,5287	5473	4075	1398
L06063	8	-46,5967273	-23,6269558	1159	0,6903	0,6042	1865	1435	430
L06064	2	-46,5956377	-23,5958120	1677	0,1193	0,1511	3055	2103	952
L06683	1	-46,6987338	-23,7098273	2586	0,0387	0,0755	4747	3089	1658
L07572	1	-46,6503535	-23,6588627	1554	0,0644	0,0755	2594	1913	681
L07573	1	-46,6398751	-23,6453386	2341	0,0427	0,0755	3752	2782	970
L07576	2	-46,6349642	-23,6431290	2278	0,0878	0,1511	4207	2702	1505
L07579	1	-46,6444998	-23,6334867	4067	0,0246	0,0755	7242	4778	2464
L07580	1	-46,6579978	-23,6496781	3546	0,0282	0,0755	6231	4318	1913
L07581	1	-46,6363601	-23,6810716	3028	0,033	0,0755	5287	3909	1378
L07588	1	-46,6585002	-23,6601214	4100	0,0244	0,0755	7296	5008	2288
L07595	2	-46,6355606	-23,6678098	4296	0,0466	0,1511	7638	5546	2092
L07596	1	-46,6408930	-23,6522075	3383	0,0296	0,0755	6330	4133	2197
L07663	2	-46,7465927	-23,4712764	2639	0,0758	0,1511	4854	3268	1586
L07666	10	-46,7187075	-23,4795423	4684	0,2135	0,7553	9004	6008	2996
L07667	1	-46,7261678	-23,4829058	2616	0,0382	0,0755	4926	3233	1693
L07670	7	-46,7157223	-23,4910050	3437	0,2037	0,5287	6527	4354	2173
L07672	3	-46,7132794	-23,5018341	2276	0,1318	0,2266	4138	2805	1333
L07675	1	-46,7341179	-23,4868877	2381	0,042	0,0755	4269	2907	1362
L07676	1	-46,7132969	-23,4942851	2690	0,0372	0,0755	5011	3334	1677
L07677	1	-46,7174065	-23,4896350	2905	0,0344	0,0755	5357	3563	1794
L07683	4	-46,4716478	-23,4993793	1880	0,2128	0,3021	3092	2381	711
L07684	2	-46,4880489	-23,4975812	632	0,3165	0,1511	1162	808	354
L07689	1	-46,4919582	-23,5063549	2108	0,0474	0,0755	3605	2714	891
L07691	2	-46,4782924	-23,4882415	2673	0,0748	0,1511	4549	3394	1155
L07692	1	-46,4761134	-23,5015127	2666	0,0375	0,0755	4912	3325	1587
L07693	3	-46,4705358	-23,4926534	4113	0,0729	0,2266	7400	5306	2094
L07694	7	-46,4971517	-23,4840369	2951	0,2372	0,5287	4712	3627	1085
L07695	2	-46,4925761	-23,4889873	3199	0,0625	0,1511	5543	4116	1427
L07696	4	-46,4669867	-23,4900232	2210	0,181	0,3021	3851	2948	903
L07698	2	-46,4818882	-23,4858938	2747	0,0728	0,1511	5345	3538	1807
L07699	1	-46,4816039	-23,4998180	2953	0,0339	0,0755	5279	3696	1583
L07700	7	-46,4851971	-23,4905377	3489	0,2006	0,5287	6056	4395	1661
L07701	3	-46,4889435	-23,4985564	3277	0,0915	0,2266	5967	4095	1872
L07702	1	-46,4749626	-23,4875229	2327	0,043	0,0755	4070	2936	1134
L07703	1	-46,4731818	-23,5027056	2186	0,0457	0,0755	3519	2750	769
L07704	2	-46,4783102	-23,4996696	2270	0,0881	0,1511	4005	2861	1144
L07705	1	-46,4753246	-23,4969321	1922	0,052	0,0755	3284	2392	892
L07707	2	-46,4674092	-23,4866528	1249	0,1601	0,1511	2183	1661	522
L07711	2	-46,4928392	-23,4853243	1271	0,1574	0,1511	2067	1641	426
L07712	2	-46,4733392	-23,4886727	826	0,2421	0,1511	1450	1023	427
L07713	2	-46,4966140	-23,4924641	1374	0,1456	0,1511	2302	1760	542
L07714	1	-46,4773819	-23,4879119	1046	0,0956	0,0755	1700	1307	393
L07715	1	-46,7054395	-23,4973447	1332	0,0751	0,0755	2162	1641	521
L07716	1	-46,6940451	-23,4986203	1924	0,052	0,0755	3114	2268	846
L07720	3	-46,6906776	-23,4886152	2477	0,1211	0,2266	4263	2952	1311
L07721	4	-46,7021950	-23,4842550	3320	0,1205	0,3021	6150	4149	2001
L07723	1	-46,7155090	-23,4737413	2363	0,0423	0,0755	4249	3098	1151
L07725	1	-46,7203590	-23,4728158	1930	0,0518	0,0755	3380	2566	814
L07729	1	-46,7028160	-23,4979150	3736	0,0268	0,0755	6670	4600	2070
L07731	2	-46,6997557	-23,4958002	3556	0,0562	0,1511	6178	4337	1841
L07732	2	-46,6916354	-23,4865099	2408	0,0831	0,1511	4588	2950	1638
L07736	1	-46,6899944	-23,4971911	1941	0,0515	0,0755	3393	2305	1088
L07741	1	-46,6915530	-23,4896820	2900	0,0345	0,0755	4958	3548	1410
L07743	1	-46,7214900	-23,4681351	742	0,1348	0,0755	1290	983	307
L07750	1	-46,7708337	-23,6299871	13605	0,0074	0,0755	25821	17652	8169
L07751	1	-46,7857380	-23,6492250	2439	0,041	0,0755	4196	3122	1074
L07754	1	-46,7510131	-23,6228353	4006	0,025	0,0755	7103	5278	1825
L07755	3	-46,7557573	-23,6290243	3980	0,0754	0,2266	6741	5172	1569
L07760	1	-46,7556667	-23,6404221	3739	0,0267	0,0755	6385	4685	1700
L07764	1	-46,7625103	-23,6349197	3815	0,0262	0,0755	6862	4883	1979
L07767	2	-46,7490615	-23,6345587	3174	0,063	0,1511	5702	4133	1569
L07769	1	-46,7686119	-23,6296456	3708	0,027	0,0755	6898	4781	2117
L07773	1	-46,7538973	-23,6349349	4025	0,0248	0,0755	6657	5039	1618
L08195	1	-46,7277361	-23,6045363	3437	0,0291	0,0755	5923	4007	1916
L08197	2	-46,7361238	-23,5854310	1908	0,1048	0,1511	3173	2287	886
L08205	2	-46,7205486	-23,5875210	2564	0,078	0,1511	4386	2949	1437
L08222	1	-46,5231986	-23,5430712	747	0,1339	0,0755	1280	947	333
L08223	1	-46,5031002	-23,5704138	1840	0,0543	0,0755	3025	2358	667
L08225	1	-46,5100191	-23,5446064	4128	0,0242	0,0755	7026	5147	1879
L08226	1	-46,5156979	-23,5307305	1416	0,0706	0,0755	2280	1812	468
L08228	1	-46,5242269	-23,5438048	897	0,1115	0,0755	1494	1147	347
L08229	7	-46,4982241	-23,5504038	2927	0,2392	0,5287	5051	3739	1312
L08230	3	-46,5221139	-23,5406331	2745	0,1093	0,2266	5219	3471	1748
L08231	1	-46,5079969	-23,5544033	2026	0,0494	0,0755	3550	2546	1004
L08232	1	-46,5442704	-23,5350483	1844	0,0542	0,0755	3342	2318	1024
L08233	1	-46,5151760	-23,5433139	1746	0,0573	0,0755	3085	2237	848
L08235	4	-46,4958682	-23,5663286	2328	0,1718	0,3021	4095	3031	1064
L08236	1	-46,4990570	-23,5735096	2833	0,0353	0,0755	4657	3582	1075
L08237	5	-46,5212577	-23,5434956	2878	0,1737	0,3776	5496	3656	1840
L08238	1	-46,5056207	-23,5405406	972	0,1029	0,0755	1635	1239	396
L08241	3	-46,4913846	-23,5478378	2076	0,1445	0,2266	3674	2778	896
L08243	1	-46,5065643	-23,5285802	1947	0,0514	0,0755	3332	2479	853
L08245	6	-46,4984607	-23,5625811	3684	0,1629	0,4532	6646	4873	1773
L08247	2	-46,4906529	-23,5403308	4098	0,0488	0,1511	7785	5311	2474
L08248	1	-46,5330363	-23,5393366	1903	0,0525	0,0755	3430	2454	976
L08253	1	-46,5180016	-23,5532674	1140	0,0877	0,0755	1856	1423	433
L08256	1	-46,5191281	-23,5450183	2851	0,0351	0,0755	5189	3512	1677
L08257	8	-46,4932714	-23,5642955	2006	0,3988	0,6042	3537	2652	885
L08258	3	-46,5095374	-23,5384628	2376	0,1263	0,2266	4461	3015	1446
L08259	1	-46,5081299	-23,5436866	2539	0,0394	0,0755	4640	3247	1393
L08260	1	-46,5041450	-23,5368140	2070	0,0483	0,0755	3558	2654	904
L08262	1	-46,5005028	-23,5350092	2427	0,0412	0,0755	4145	3117	1028
L08264	2	-46,4940747	-23,5593746	897	0,223	0,1511	1578	1194	384
L08265	1	-46,5251630	-23,5338233	5108	0,0196	0,0755	9329	6208	3121
L08268	3	-46,5382964	-23,5663555	2910	0,1031	0,2266	5207	3628	1579
L08272	2	-46,5288323	-23,5727122	2238	0,0894	0,1511	4229	2897	1332
L08273	1	-46,5293776	-23,5796946	1844	0,0542	0,0755	3265	2427	838
L08275	1	-46,5344569	-23,5777136	2311	0,0433	0,0755	4317	2988	1329
L08276	1	-46,5458952	-23,5550134	2003	0,0499	0,0755	3017	2414	603
L08278	1	-46,5421410	-23,5610590	3394	0,0295	0,0755	6342	4245	2097
L08279	1	-46,5397986	-23,5751068	3183	0,0314	0,0755	5939	4067	1872
L08280	3	-46,5272729	-23,5842759	3215	0,0933	0,2266	5879	4206	1673
L08281	1	-46,5410608	-23,5606823	3255	0,0307	0,0755	5649	4123	1526
L08282	1	-46,5363320	-23,5554260	2096	0,0477	0,0755	3766	2596	1170
L08290	1	-46,5242645	-23,5744660	1705	0,0587	0,0755	2898	2194	704
L08291	1	-46,5310432	-23,5705664	1533	0,0652	0,0755	2532	1897	635
L08293	2	-46,6083813	-23,4903083	2174	0,092	0,1511	3215	2572	643
L08295	2	-46,5903643	-23,4794354	1163	0,172	0,1511	1836	1454	382
L08298	1	-46,5964456	-23,4816480	2676	0,0374	0,0755	5140	3366	1774
L08306	1	-46,5810523	-23,4735563	1953	0,0512	0,0755	3282	2468	814
L08308	1	-46,5845419	-23,4570823	3848	0,026	0,0755	7444	5062	2382
L08312	1	-46,5846950	-23,4614040	3278	0,0305	0,0755	6142	4077	2065
L08328	2	-46,5218639	-23,6015171	3067	0,0652	0,1511	5474	3871	1603
L08330	1	-46,5220144	-23,6090632	4420	0,0226	0,0755	8006	5587	2419
L08332	2	-46,5276317	-23,6081073	3269	0,0612	0,1511	5625	4153	1472
L08337	2	-46,5124860	-23,5891800	2899	0,069	0,1511	5040	3740	1300
L08339	1	-46,5170364	-23,6013813	1959	0,051	0,0755	3455	2476	979
L08342	1	-46,5266764	-23,5902384	2424	0,0413	0,0755	4325	3078	1247
L08348	1	-46,5374573	-23,5872801	1735	0,0576	0,0755	2944	2171	773
L08349	1	-46,5265229	-23,5911881	1522	0,0657	0,0755	2691	1958	733
L08354	1	-46,6718510	-23,6480180	3606	0,0277	0,0755	5953	4267	1686
L08358	1	-46,6595184	-23,6732345	3334	0,03	0,0755	6265	4353	1912
L08360	1	-46,6643846	-23,6634460	2151	0,0465	0,0755	3871	2637	1234
L08375	2	-46,6386530	-23,6906350	1750	0,1143	0,1511	3291	2401	890
L08378	1	-46,4008120	-23,4977007	1709	0,0585	0,0755	3255	2338	917
L08379	3	-46,4032172	-23,4985582	2538	0,1182	0,2266	4585	3259	1326
L08382	1	-46,3763198	-23,4939856	3628	0,0276	0,0755	6476	4624	1852
L08387	1	-46,3754478	-23,4964448	3203	0,0312	0,0755	5688	4215	1473
L08388	1	-46,3717432	-23,4962403	1681	0,0595	0,0755	3000	2313	687
L08390	1	-46,3766695	-23,5066526	4172	0,024	0,0755	7610	5548	2062
L08391	1	-46,3965404	-23,5176660	3624	0,0276	0,0755	6265	4666	1599
L08392	1	-46,4006667	-23,5034363	3308	0,0302	0,0755	6122	4146	1976
L08394	2	-46,3870301	-23,4964237	3348	0,0597	0,1511	5936	4200	1736
L08396	1	-46,3830556	-23,4914097	2865	0,0349	0,0755	5005	3783	1222
L08397	1	-46,3844165	-23,4797530	3246	0,0308	0,0755	5337	4090	1247
L08400	1	-46,3850728	-23,5122978	3974	0,0252	0,0755	7123	5016	2107
L08401	1	-46,3808672	-23,5028827	722	0,1385	0,0755	1259	974	285
L08404	1	-46,3922999	-23,4852473	2625	0,0381	0,0755	4589	3442	1147
L08405	1	-46,3718376	-23,5014239	2671	0,0374	0,0755	4809	3768	1041
L08409	3	-46,4020530	-23,4932319	3373	0,0889	0,2266	6356	4333	2023
L08411	1	-46,3698794	-23,5080357	3148	0,0318	0,0755	5639	4225	1414
L08414	1	-46,3950439	-23,4989421	2828	0,0354	0,0755	5125	3485	1640
L08415	1	-46,3940515	-23,4832409	2647	0,0378	0,0755	4861	3522	1339
L08416	3	-46,3888850	-23,4978960	1488	0,2016	0,2266	2526	1944	582
L08417	1	-46,3806444	-23,5150740	2751	0,0364	0,0755	4718	3665	1053
L08418	4	-46,3817906	-23,5034832	3675	0,1088	0,3021	6492	4833	1659
L08419	2	-46,3864385	-23,4906431	1177	0,1699	0,1511	2039	1548	491
L08421	2	-46,3873807	-23,5128291	521	0,3839	0,1511	935	707	228
L08422	1	-46,4003582	-23,5441270	1520	0,0658	0,0755	2178	1462	716
L08423	4	-46,3977921	-23,5358129	1106	0,3617	0,3021	2069	1477	592
L08425	1	-46,4057199	-23,5624173	3131	0,0319	0,0755	5663	4158	1505
L08426	1	-46,4008912	-23,5381934	3356	0,0298	0,0755	6116	4546	1570
L08427	10	-46,4213722	-23,5297891	4764	0,2099	0,7553	7765	5959	1806
L08429	1	-46,4009383	-23,5583730	2595	0,0385	0,0755	4383	3368	1015
L08431	3	-46,4023983	-23,5435780	3363	0,0892	0,2266	5917	4490	1427
L08432	13	-46,4189254	-23,5384808	3214	0,4045	0,9819	5635	4179	1456
L08434	2	-46,4184068	-23,5376100	1088	0,1838	0,1511	2100	1473	627
L08435	1	-46,4142302	-23,5447436	2123	0,0471	0,0755	4075	2620	1455
L08436	2	-46,4107031	-23,5355506	3955	0,0506	0,1511	7305	5186	2119
L08438	3	-46,4254538	-23,5250259	3705	0,081	0,2266	6437	4786	1651
L08439	1	-46,4207673	-23,5460751	2866	0,0349	0,0755	5637	3838	1799
L08440	3	-46,4091642	-23,5275663	2973	0,1009	0,2266	5298	3892	1406
L08441	5	-46,3973726	-23,5355326	2439	0,205	0,3776	4306	3101	1205
L08442	3	-46,3994934	-23,5325352	3824	0,0785	0,2266	7163	5062	2101
L08444	2	-46,3977921	-23,5358129	2757	0,0725	0,1511	5165	3761	1404
L08445	1	-46,4037610	-23,5596980	3457	0,0289	0,0755	2665	1848	817
L08446	8	-46,4185555	-23,5307546	2258	0,3543	0,6042	4003	2970	1033
L08447	1	-46,4023822	-23,5509844	1988	0,0503	0,0755	3479	2599	880
L08448	3	-46,4087514	-23,5527119	2094	0,1433	0,2266	4017	2779	1238
L08449	1	-46,4174509	-23,5537296	2587	0,0387	0,0755	5105	3534	1571
L08450	5	-46,4075993	-23,5541832	3404	0,1469	0,3776	5663	4220	1443
L08451	2	-46,3909828	-23,5442229	2400	0,0833	0,1511	4283	3241	1042
L08452	6	-46,4116268	-23,5278328	3591	0,1671	0,4532	6073	4598	1475
L08453	5	-46,4234233	-23,5381049	2084	0,2399	0,3776	3936	2769	1167
L08454	4	-46,4066295	-23,5366390	2713	0,1474	0,3021	4822	3590	1232
L08455	2	-46,4007548	-23,5495498	2353	0,085	0,1511	4306	3004	1302
L08456	9	-46,4126165	-23,5416929	2557	0,352	0,6798	4651	3173	1478
L08458	2	-46,4104297	-23,5438072	1432	0,1397	0,1511	2582	1817	765
L08461	9	-46,4228459	-23,5390975	2171	0,4146	0,6798	3128	2231	897
L08462	2	-46,4037610	-23,5596980	1122	0,1783	0,1511	954	745	209
L08854	2	-46,6901081	-23,7285932	1755	0,114	0,1511	3031	2265	766
L08862	1	-46,6941916	-23,7361482	4568	0,0219	0,0755	8304	5797	2507
L08865	1	-46,6897118	-23,7494669	2152	0,0465	0,0755	3650	2758	892
L08872	1	-46,6890875	-23,7386502	2798	0,0357	0,0755	4627	3538	1089
L08874	2	-46,6701917	-23,7428868	5030	0,0398	0,1511	8684	6561	2123
L08875	2	-46,6915742	-23,7450075	3614	0,0553	0,1511	6510	4487	2023
L08883	1	-46,6962564	-23,7488134	1292	0,0774	0,0755	2132	1641	491
L08889	1	-46,7529192	-23,6919752	3326	0,0301	0,0755	5647	4219	1428
L08899	1	-46,7296989	-23,6686244	4808	0,0208	0,0755	7532	5810	1722
L08903	1	-46,7549903	-23,6797057	2449	0,0408	0,0755	4419	3166	1253
L08912	1	-46,7544275	-23,6715623	3436	0,0291	0,0755	5880	4460	1420
L08915	1	-46,7923315	-23,7092825	2309	0,0433	0,0755	4001	2961	1040
L08932	1	-46,7488560	-23,6665560	1906	0,0525	0,0755	3162	2420	742
L08939	1	-46,7687891	-23,6747016	1964	0,0509	0,0755	3621	2542	1079
L08941	2	-46,7584936	-23,6672249	1847	0,1083	0,1511	3218	2371	847
L08948	1	-46,7709966	-23,6560362	4506	0,0222	0,0755	7853	5738	2115
L08951	4	-46,7886418	-23,6575053	2044	0,1957	0,3021	3413	2611	802
L08985	1	-46,7491328	-23,5658101	3021	0,0331	0,0755	5172	3648	1524
L08988	1	-46,7545127	-23,5689070	2999	0,0333	0,0755	5372	3588	1784
L09037	1	-46,4562405	-23,6205281	2079	0,0481	0,0755	3718	2655	1063
L09045	1	-46,4515686	-23,6112921	2639	0,0379	0,0755	4345	3304	1041
L09054	1	-46,4796851	-23,6207251	2559	0,0391	0,0755	5002	3387	1615
L09057	2	-46,4881751	-23,5991604	3417	0,0585	0,1511	5868	4270	1598
L09058	1	-46,4473773	-23,6255264	3254	0,0307	0,0755	5325	3988	1337
L09059	1	-46,4626277	-23,6209456	3192	0,0313	0,0755	6229	4211	2018
L09063	1	-46,4785920	-23,6052751	3582	0,0279	0,0755	6447	4604	1843
L09070	2	-46,4466713	-23,6086516	4014	0,0498	0,1511	7074	5208	1866
L09072	2	-46,4711933	-23,6237846	2817	0,071	0,1511	4983	3737	1246
L09073	1	-46,4623540	-23,6265038	2947	0,0339	0,0755	5192	3866	1326
L09074	1	-46,4538383	-23,5987817	2975	0,0336	0,0755	5013	3755	1258
L09077	1	-46,4645811	-23,6112224	3566	0,028	0,0755	6521	4469	2052
L09086	1	-46,4803863	-23,6171679	501	0,1996	0,0755	831	661	170
L09095	1	-46,6814668	-23,4770174	995	0,1005	0,0755	1692	1272	420
L09096	4	-46,6919830	-23,4800350	2740	0,146	0,3021	4783	3354	1429
L09098	1	-46,7030593	-23,4716926	3193	0,0313	0,0755	5790	3980	1810
L09099	2	-46,6998285	-23,4605103	2820	0,0709	0,1511	4930	3583	1347
L09102	1	-46,6877814	-23,4600022	3235	0,0309	0,0755	5834	4249	1585
L09103	2	-46,6729691	-23,4629576	3071	0,0651	0,1511	5490	4096	1394
L09107	1	-46,6864059	-23,4697610	2203	0,0454	0,0755	4116	2829	1287
L09109	1	-46,7072163	-23,4599973	3074	0,0325	0,0755	5299	3983	1316
L09112	3	-46,6975146	-23,4687553	3273	0,0917	0,2266	6109	4041	2068
L09113	1	-46,6882642	-23,4736711	3556	0,0281	0,0755	6282	4605	1677
L09115	1	-46,7003948	-23,4748538	1533	0,0652	0,0755	2655	1984	671
L09117	3	-46,7020440	-23,4580940	3715	0,0808	0,2266	6828	4901	1927
L09121	1	-46,6774616	-23,4736278	2374	0,0421	0,0755	4175	3125	1050
L09124	2	-46,6736651	-23,4709745	2675	0,0748	0,1511	4617	3454	1163
L09129	1	-46,6940812	-23,4585925	3967	0,0252	0,0755	6922	5126	1796
L09134	5	-46,6848409	-23,4554709	3273	0,1528	0,3776	5723	4296	1427
L09135	3	-46,6875898	-23,4827743	3242	0,0925	0,2266	6012	4001	2011
L09138	3	-46,6809709	-23,4669256	2642	0,1136	0,2266	4579	3416	1163
L09144	1	-46,7035177	-23,4614133	1057	0,0946	0,0755	1938	1370	568
L09341	1	-46,6962116	-23,7633829	3630	0,0275	0,0755	5815	4452	1363
L09345	1	-46,7226984	-23,7765320	3746	0,0267	0,0755	6480	4713	1767
L09348	2	-46,7339841	-23,8396236	1854	0,1079	0,1511	2931	2282	649
L09353	4	-46,7400817	-23,8783745	1743	0,2295	0,3021	3113	2365	748
L09362	1	-46,7145555	-23,7851162	4313	0,0232	0,0755	7001	5315	1686
L09366	1	-46,7131152	-23,7598945	1723	0,058	0,0755	2791	2164	627
L09367	1	-46,7096936	-23,7717519	1892	0,0529	0,0755	3177	2421	756
L09644	5	-46,7595246	-23,4046073	6764	0,0739	0,3776	12622	8645	3977
L09645	7	-46,7119327	-23,4419746	3269	0,2141	0,5287	5682	4161	1521
L09646	1	-46,7549560	-23,4068430	2871	0,0348	0,0755	5297	3589	1708
L09647	2	-46,7170362	-23,4446937	2209	0,0905	0,1511	3864	2823	1041
L09648	19	-46,7176648	-23,4359306	3664	0,5186	1,435	6857	4617	2240
L09650	4	-46,7167070	-23,4450305	2708	0,1477	0,3021	4712	3446	1266
L09651	1	-46,7918881	-23,4360240	1363	0,0734	0,0755	2182	1702	480
L09653	1	-46,7571522	-23,4107543	2816	0,0355	0,0755	5154	3588	1566
L09655	3	-46,7754560	-23,4356680	2685	0,1117	0,2266	4347	3385	962
L09656	4	-46,7076665	-23,4422276	2819	0,1419	0,3021	4709	3625	1084
L09657	7	-46,7266588	-23,4265393	2406	0,2909	0,5287	4002	3119	883
L09659	7	-46,7160862	-23,4514401	2588	0,2705	0,5287	4894	3251	1643
L09661	1	-46,7122032	-23,4487517	1353	0,0739	0,0755	2268	1720	548
L09662	1	-46,7924236	-23,4385264	1718	0,0582	0,0755	2807	2152	655
L09663	1	-46,7399698	-23,4091960	1434	0,0697	0,0755	2605	1936	669
L09665	7	-46,7886883	-23,4499804	1255	0,5578	0,5287	2182	1658	524
L09669	3	-46,7604130	-23,4096050	2754	0,1089	0,2266	5019	3660	1359
L09670	7	-46,7192047	-23,4348671	2032	0,3445	0,5287	3853	2568	1285
L09671	2	-46,7508213	-23,4136565	4987	0,0401	0,1511	8189	6303	1886
L09673	1	-46,7384315	-23,4028665	2893	0,0346	0,0755	5072	3732	1340
L09676	6	-46,7277583	-23,4386909	1807	0,332	0,4532	3125	2351	774
L09678	2	-46,7174060	-23,4409910	1966	0,1017	0,1511	3436	2563	873
L09679	7	-46,7290271	-23,4281151	2096	0,334	0,5287	3630	2766	864
L09680	3	-46,7192925	-23,4350205	2678	0,112	0,2266	4924	3572	1352
L09683	1	-46,7943213	-23,4324396	3095	0,0323	0,0755	4938	3901	1037
L09685	3	-46,7141265	-23,4344010	2433	0,1233	0,2266	4113	3094	1019
L09686	1	-46,7483690	-23,4177540	1820	0,0549	0,0755	3403	2398	1005
L09687	6	-46,7169255	-23,4553166	2697	0,2225	0,4532	4650	3488	1162
L09688	2	-46,7166746	-23,4347728	1683	0,1188	0,1511	2857	2153	704
L09692	2	-46,7535522	-23,4080667	1410	0,1418	0,1511	2383	1784	599
L09693	1	-46,7491167	-23,4005740	1242	0,0805	0,0755	2095	1595	500
L09698	3	-46,5211510	-23,5024680	3117	0,0962	0,2266	5306	4002	1304
L09701	2	-46,5067684	-23,5021411	4523	0,0442	0,1511	8238	6120	2118
L09702	2	-46,5462397	-23,5116021	3181	0,0629	0,1511	5845	4123	1722
L09703	2	-46,5143098	-23,5025941	3250	0,0615	0,1511	6003	4205	1798
L09704	1	-46,5346956	-23,5090208	3162	0,0316	0,0755	6202	4010	2192
L09709	2	-46,5011218	-23,4970068	2480	0,0806	0,1511	4098	3151	947
L09711	2	-46,5256831	-23,5120904	4021	0,0497	0,1511	7414	5163	2251
L09712	3	-46,5312644	-23,5048651	2786	0,1077	0,2266	5242	3698	1544
L09713	3	-46,5202416	-23,5000815	2013	0,149	0,2266	3488	2617	871
L09714	2	-46,5267033	-23,5028825	2319	0,0862	0,1511	4701	2945	1756
L09715	5	-46,5417660	-23,5078996	2268	0,2205	0,3776	4139	2897	1242
L09716	1	-46,5307769	-23,5112782	2975	0,0336	0,0755	5262	3745	1517
L09717	3	-46,4987106	-23,5049643	2292	0,1309	0,2266	3848	2901	947
L09722	1	-46,5308186	-23,5118465	1247	0,0802	0,0755	2089	1595	494
L09754	1	-46,4761598	-23,5359998	2662	0,0376	0,0755	4728	3332	1396
L09756	2	-46,5035712	-23,5158497	3180	0,0629	0,1511	5593	4105	1488
L09757	2	-46,4799583	-23,5263781	2015	0,0993	0,1511	3665	2771	894
L09760	1	-46,5123128	-23,5122863	1870	0,0535	0,0755	3618	2345	1273
L09763	1	-46,4896747	-23,5160828	2228	0,0449	0,0755	3691	2807	884
L09766	1	-46,4880409	-23,5223342	3475	0,0288	0,0755	6125	4652	1473
L09767	1	-46,5095837	-23,5191133	2136	0,0468	0,0755	3746	2741	1005
L09770	7	-46,5081371	-23,5141476	2763	0,2533	0,5287	5024	3413	1611
L09772	1	-46,4729202	-23,5342395	2773	0,0361	0,0755	4787	3486	1301
L09773	1	-46,4860731	-23,5267363	2945	0,034	0,0755	4827	3741	1086
L09780	1	-46,4939673	-23,5195032	2596	0,0385	0,0755	4433	3417	1016
L09925	2	-46,4289892	-23,4865951	4098	0,0488	0,1511	7255	5323	1932
L09926	1	-46,4100903	-23,4872826	3946	0,0253	0,0755	6777	5183	1594
L09927	3	-46,4105791	-23,5212702	3639	0,0824	0,2266	6418	4656	1762
L09929	1	-46,4136703	-23,4837091	3959	0,0253	0,0755	6588	5137	1451
L09930	4	-46,4160982	-23,5152778	3213	0,1245	0,3021	5343	4160	1183
L09934	6	-46,4079760	-23,4926871	4280	0,1402	0,4532	7364	5388	1976
L09936	3	-46,4103530	-23,5225647	2103	0,1427	0,2266	3821	2877	944
L09938	2	-46,4304864	-23,4825986	3466	0,0577	0,1511	5946	4422	1524
L09940	2	-46,4159193	-23,5160292	2494	0,0802	0,1511	4441	3412	1029
L09941	2	-46,4089885	-23,5011168	2267	0,0882	0,1511	3907	3021	886
L09943	6	-46,4100104	-23,4972377	3575	0,1678	0,4532	6284	4540	1744
L09944	1	-46,4089885	-23,5099210	2792	0,0358	0,0755	4837	3753	1084
L09945	1	-46,4180582	-23,4867289	3677	0,0272	0,0755	6336	4651	1685
L09946	1	-46,4171324	-23,4973316	1552	0,0644	0,0755	2567	1991	576
L09947	1	-46,4192075	-23,4763812	780	0,1282	0,0755	1317	1002	315
L09948	1	-46,4030957	-23,5139436	1816	0,0551	0,0755	3163	2414	749
L09949	4	-46,4214494	-23,4876594	3612	0,1107	0,3021	6099	4488	1611
L09951	1	-46,4265698	-23,4780423	1572	0,0636	0,0755	2602	2034	568
L09953	3	-46,4731140	-23,5114910	2130	0,1408	0,2266	3810	2793	1017
L09956	1	-46,4586839	-23,5113158	2441	0,041	0,0755	4199	3148	1051
L09957	2	-46,4581172	-23,4840344	741	0,2699	0,1511	1493	995	498
L09961	2	-46,4759909	-23,5120600	2556	0,0782	0,1511	4311	3397	914
L09962	1	-46,4551140	-23,5001057	2153	0,0464	0,0755	3785	2650	1135
L09963	4	-46,4697092	-23,5174500	2760	0,1449	0,3021	4709	3527	1182
L09966	3	-46,4707463	-23,5183632	1412	0,2125	0,2266	2465	1865	600
L09967	1	-46,4485753	-23,5009963	2271	0,044	0,0755	3893	2812	1081
L09968	3	-46,4469938	-23,5086770	2427	0,1236	0,2266	4394	2952	1442
L09970	1	-46,4560056	-23,5122728	3898	0,0257	0,0755	6534	5016	1518
L09972	6	-46,4663780	-23,5115601	2666	0,2251	0,4532	4869	3367	1502
L09975	1	-46,4600054	-23,5113119	1114	0,0898	0,0755	2009	1504	505
L10132	1	-46,7445881	-23,4500351	3272	0,0306	0,0755	5780	4132	1648
L10133	4	-46,7369336	-23,4466755	2437	0,1641	0,3021	3928	3008	920
L10134	1	-46,7361616	-23,4500614	2869	0,0349	0,0755	5129	3556	1573
L10136	1	-46,7342707	-23,4485696	2255	0,0443	0,0755	3877	2856	1021
L10138	1	-46,7498728	-23,4458752	1878	0,0532	0,0755	3193	2426	767
L10139	1	-46,7581248	-23,4814649	2609	0,0383	0,0755	4345	3256	1089
L10140	1	-46,7462176	-23,4551621	1903	0,0525	0,0755	3307	2338	969
L10144	1	-46,7399232	-23,4365548	2333	0,0429	0,0755	3666	2924	742
L10146	1	-46,7518624	-23,4341802	2704	0,037	0,0755	4539	3584	955
L10147	1	-46,7433597	-23,4559128	2088	0,0479	0,0755	3915	2589	1326
L10148	1	-46,7311790	-23,4454790	2341	0,0427	0,0755	3944	2990	954
L10149	3	-46,7466848	-23,4441827	3405	0,0881	0,2266	5816	4442	1374
L10150	1	-46,7376300	-23,4559550	1157	0,0864	0,0755	1989	1497	492
L10161	1	-46,4041961	-23,5809663	1876	0,0533	0,0755	3205	2396	809
L10162	2	-46,4037340	-23,5668844	2580	0,0775	0,1511	4380	3282	1098
L10170	1	-46,4029258	-23,5791123	3594	0,0278	0,0755	6150	4576	1574
L10171	1	-46,3962457	-23,5991319	1706	0,0586	0,0755	2893	2180	713
L10173	1	-46,4070213	-23,5656205	2817	0,0355	0,0755	4782	3657	1125
L10183	2	-46,3957789	-23,5915363	2543	0,0786	0,1511	4545	3320	1225
L10187	1	-46,3967077	-23,5644405	2905	0,0344	0,0755	5094	3653	1441
L10188	1	-46,4191310	-23,5953088	1697	0,0589	0,0755	2949	2195	754
L10190	1	-46,4063933	-23,5926393	3470	0,0288	0,0755	6064	4335	1729
L10192	1	-46,4115162	-23,5827476	2764	0,0362	0,0755	4732	3574	1158
L10194	1	-46,3915721	-23,5870657	3661	0,0273	0,0755	5997	4550	1447
L10196	1	-46,3972299	-23,5709308	246	0,4065	0,0755	432	321	111
L10202	2	-46,4258475	-23,5516624	1476	0,1355	0,1511	2694	1997	697
L10203	1	-46,4258537	-23,5660747	3386	0,0295	0,0755	6124	4511	1613
L10204	2	-46,4437362	-23,5536130	3367	0,0594	0,1511	5872	4414	1458
L10207	1	-46,4402616	-23,5431917	2833	0,0353	0,0755	4781	3684	1097
L10208	2	-46,4337487	-23,5491681	3521	0,0568	0,1511	6483	4451	2032
L10209	1	-46,4412380	-23,5517239	2465	0,0406	0,0755	4185	3101	1084
L10210	2	-46,4355290	-23,5413160	4313	0,0464	0,1511	7351	5434	1917
L10211	1	-46,4410384	-23,5384069	4053	0,0247	0,0755	7309	5151	2158
L10212	4	-46,4277510	-23,5498460	3585	0,1116	0,3021	6336	4627	1709
L10216	7	-46,4285496	-23,5394983	3748	0,1868	0,5287	6636	4916	1720
L10217	3	-46,4293241	-23,5467063	3148	0,0953	0,2266	5968	4010	1958
L10219	2	-46,4216949	-23,5880443	2893	0,0691	0,1511	4936	3772	1164
L10220	1	-46,4161442	-23,5651315	3039	0,0329	0,0755	5389	3972	1417
L10221	1	-46,4326224	-23,5463241	531	0,1883	0,0755	906	716	190
L10222	3	-46,4387810	-23,5470846	1896	0,1582	0,2266	3138	2443	695
L10319	2	-46,7322309	-23,6212240	7028	0,0285	0,1511	12398	8767	3631
L10333	1	-46,7411845	-23,6324928	2557	0,0391	0,0755	4483	2941	1542
L10342	1	-46,7280051	-23,6215451	3199	0,0313	0,0755	5761	3985	1776
L10491	3	-46,6063628	-23,6334842	2562	0,1171	0,2266	4662	3165	1497
L10498	1	-46,5966151	-23,6408907	3200	0,0312	0,0755	5549	3932	1617
L10503	5	-46,6068182	-23,6262334	2963	0,1687	0,3776	5466	3635	1831
L10504	2	-46,6101359	-23,6467725	2446	0,0818	0,1511	4304	2974	1330
L10506	1	-46,5972438	-23,6398797	2835	0,0353	0,0755	4669	3551	1118
L10510	2	-46,5992590	-23,6380620	2766	0,0723	0,1511	4728	3350	1378
L10511	2	-46,5988854	-23,6473033	3074	0,0651	0,1511	4952	3868	1084
L10514	5	-46,6067712	-23,6385971	3445	0,1451	0,3776	5811	4310	1501
L10515	1	-46,5935567	-23,6451630	3108	0,0322	0,0755	5258	3966	1292
L10609	1	-46,4834938	-23,5654763	1529	0,0654	0,0755	2675	2050	625
L10611	2	-46,4696904	-23,5681129	5770	0,0347	0,1511	11060	7441	3619
L10612	3	-46,4871909	-23,5625475	3428	0,0875	0,2266	5997	4558	1439
L10613	2	-46,4813947	-23,5513733	2971	0,0673	0,1511	4901	3803	1098
L10615	1	-46,4563702	-23,5747489	3354	0,0298	0,0755	5745	4207	1538
L10617	1	-46,4705701	-23,5650788	2486	0,0402	0,0755	4479	3304	1175
L10618	4	-46,4876555	-23,5528722	3863	0,1035	0,3021	7214	4790	2424
L10621	2	-46,4798018	-23,5438419	3988	0,0502	0,1511	7410	5062	2348
L10622	1	-46,4616617	-23,5574890	4046	0,0247	0,0755	7280	5166	2114
L10624	1	-46,4474483	-23,5693701	1987	0,0503	0,0755	3374	2526	848
L10625	1	-46,4714895	-23,5528836	3285	0,0304	0,0755	5837	4288	1549
L10628	2	-46,4787958	-23,5757265	2501	0,08	0,1511	4279	3187	1092
L10629	2	-46,4814410	-23,5690400	3111	0,0643	0,1511	5332	4086	1246
L10632	2	-46,4857928	-23,5493032	1457	0,1373	0,1511	2432	1835	597
L10635	3	-46,6440127	-23,7047708	4681	0,0641	0,2266	8880	6015	2865
L10644	1	-46,6556236	-23,6824021	2836	0,0353	0,0755	4936	3557	1379
L10649	1	-46,6574272	-23,6831739	3484	0,0287	0,0755	6377	4622	1755
L10653	1	-46,6580576	-23,7104493	3879	0,0258	0,0755	6559	4846	1713
L10669	1	-46,6638547	-23,6762157	2108	0,0474	0,0755	3608	2741	867
L10715	1	-46,5738210	-23,4767120	1723	0,058	0,0755	3005	2230	775
L10717	1	-46,5630814	-23,4738195	2767	0,0361	0,0755	5120	3441	1679
L10721	1	-46,5753210	-23,4806909	3112	0,0321	0,0755	5709	3924	1785
L10727	2	-46,5724481	-23,4898866	3376	0,0592	0,1511	6286	4313	1973
L10731	2	-46,5732850	-23,4796325	3704	0,054	0,1511	7087	4869	2218
L10734	1	-46,5710103	-23,4865175	2594	0,0386	0,0755	4572	3267	1305
L10735	4	-46,5734783	-23,4926878	3047	0,1313	0,3021	5191	3808	1383
L10736	1	-46,5681819	-23,4784924	3650	0,0274	0,0755	6352	4719	1633
L10747	2	-46,5153124	-23,6258598	2667	0,075	0,1511	4720	3501	1219
L10750	4	-46,4877685	-23,6127096	3376	0,1185	0,3021	5906	4461	1445
L10753	1	-46,4946434	-23,6191737	1413	0,0708	0,0755	2488	1908	580
L10756	1	-46,5031776	-23,6019735	4100	0,0244	0,0755	6948	5368	1580
L10761	1	-46,5060459	-23,6042916	1480	0,0676	0,0755	2549	1937	612
L10765	1	-46,4965013	-23,6166543	3324	0,0301	0,0755	6076	4282	1794
L10782	3	-46,6285532	-23,4710309	2053	0,1461	0,2266	3411	2494	917
L10784	1	-46,6538036	-23,4559206	2010	0,0498	0,0755	3602	2586	1016
L10789	4	-46,6351309	-23,4713832	3445	0,1161	0,3021	6308	4270	2038
L10791	2	-46,6510885	-23,4620515	3736	0,0535	0,1511	6918	4639	2279
