cod_local	QT_VOTOS	longitude	latitude	LOC_VALID	%_LOC_V	%_CAND	QT_APTOS	QT_COMPARECIMENTO	QT_ABSTENCOES
L00004	1	-46,6511260	-23,5652103	5298	0,0189	0,097	9838	5921	3917
L00006	1	-46,6471893	-23,5496488	4359	0,0229	0,097	8358	5061	3297
L00007	1	-46,6432717	-23,5529543	1958	0,0511	0,097	3791	2317	1474
L00008	1	-46,6464095	-23,5560819	3643	0,0274	0,097	6983	4278	2705
L00011	2	-46,6535747	-23,5498948	3808	0,0525	0,194	7072	4407	2665
L00013	2	-46,6421456	-23,5572933	2899	0,069	0,194	5416	3426	1990
L00014	1	-46,6289218	-23,5548030	2700	0,037	0,097	5182	3459	1723
L00019	1	-46,6376429	-23,5607300	2664	0,0375	0,097	5259	3125	2134
L00021	2	-46,6419109	-23,5592168	3437	0,0582	0,194	6548	4013	2535
L00022	2	-46,6521240	-23,5458002	10350	0,0193	0,194	18525	11583	6942
L00023	2	-46,6498912	-23,5493645	2834	0,0706	0,194	4909	3201	1708
L00030	1	-46,6716846	-23,5278546	4168	0,024	0,097	8123	4653	3470
L00031	1	-46,6872489	-23,5323018	3785	0,0264	0,097	5622	4272	1350
L00032	1	-46,6564979	-23,5376940	1668	0,06	0,097	2471	1844	627
L00034	4	-46,6605264	-23,5415277	5254	0,0761	0,388	7993	5767	2226
L00042	1	-46,6513283	-23,5415864	1556	0,0643	0,097	2631	1843	788
L00049	2	-46,6806583	-23,5307166	4578	0,0437	0,194	8065	5186	2879
L00051	1	-46,6946005	-23,5421890	3052	0,0328	0,097	5602	3572	2030
L00052	1	-46,6832663	-23,5289919	4888	0,0205	0,097	8677	5629	3048
L00053	1	-46,6630845	-23,5450242	5945	0,0168	0,097	9970	6457	3513
L00055	1	-46,6566164	-23,5307137	5271	0,019	0,097	9323	6035	3288
L00060	4	-46,6711550	-23,5381000	10857	0,0368	0,388	17946	11853	6093
L00061	1	-46,6666956	-23,5298372	3408	0,0293	0,097	6305	3946	2359
L00063	2	-46,6343483	-23,5436627	2624	0,0762	0,194	5154	3085	2069
L00067	1	-46,6107088	-23,5252045	1435	0,0697	0,097	2765	1755	1010
L00068	1	-46,6432775	-23,5262231	2815	0,0355	0,097	5403	3409	1994
L00069	1	-46,6240453	-23,5332439	1765	0,0567	0,097	3469	2192	1277
L00071	1	-46,6341197	-23,5306628	2982	0,0335	0,097	5785	3615	2170
L00073	1	-46,6217056	-23,5381881	1287	0,0777	0,097	2708	1593	1115
L00074	2	-46,6370866	-23,5384772	2847	0,0702	0,194	6133	3437	2696
L00082	1	-46,5746890	-23,5568730	2818	0,0355	0,097	4581	3379	1202
L00085	1	-46,5978907	-23,5552089	4372	0,0229	0,097	8050	5269	2781
L00090	2	-46,5652413	-23,5675233	2503	0,0799	0,194	4461	3203	1258
L00100	3	-46,5637915	-23,5715671	2872	0,1045	0,291	5130	3619	1511
L00106	2	-46,5939719	-23,5375195	4328	0,0462	0,194	6924	5149	1775
L00109	2	-46,6685837	-23,5678112	2042	0,0979	0,194	3574	2207	1367
L00110	5	-46,6602508	-23,5695486	2517	0,1986	0,485	4741	2759	1982
L00111	19	-46,6590182	-23,5634584	7550	0,2517	1,8429	13488	8273	5215
L00112	1	-46,6747793	-23,5889660	1465	0,0683	0,097	2322	1627	695
L00113	2	-46,6642690	-23,5638420	4708	0,0425	0,194	8733	5175	3558
L00115	3	-46,6759394	-23,5867575	1860	0,1613	0,291	3357	2042	1315
L00117	4	-46,6709040	-23,5923207	3151	0,1269	0,388	5443	3456	1987
L00118	1	-46,6768341	-23,5885769	2860	0,035	0,097	5240	3249	1991
L00120	1	-46,6758302	-23,6004582	2006	0,0499	0,097	3761	2276	1485
L00121	2	-46,6790390	-23,5798975	3855	0,0519	0,194	7199	4264	2935
L00122	2	-46,6734804	-23,5826449	2473	0,0809	0,194	4205	2672	1533
L00123	1	-46,6731135	-23,5792999	2804	0,0357	0,097	4967	3078	1889
L00124	3	-46,6605835	-23,5566944	5697	0,0527	0,291	10701	6297	4404
L00125	3	-46,6822891	-23,5834680	4924	0,0609	0,291	9066	5408	3658
L00126	10	-46,6724723	-23,5954720	3916	0,2554	0,9699	6669	4338	2331
L00127	2	-46,6605835	-23,5566944	6318	0,0317	0,194	11459	6999	4460
L00128	3	-46,6769068	-23,6001070	3888	0,0772	0,291	6994	4384	2610
L00129	2	-46,6486232	-23,5813704	3537	0,0565	0,194	5654	3970	1684
L00131	1	-46,6442337	-23,5847251	4116	0,0243	0,097	7035	4617	2418
L00132	5	-46,6416210	-23,5785510	4598	0,1087	0,485	7651	5166	2485
L00134	1	-46,6358455	-23,5895447	4856	0,0206	0,097	8425	5454	2971
L00135	1	-46,6431906	-23,5719338	4487	0,0223	0,097	7477	5015	2462
L00136	1	-46,6234512	-23,5608329	4167	0,024	0,097	7421	4897	2524
L00137	1	-46,6125927	-23,5728431	3033	0,033	0,097	4908	3570	1338
L00148	1	-46,6273889	-23,5872670	4439	0,0225	0,097	7836	5122	2714
L00150	3	-46,6299014	-23,5758099	4050	0,0741	0,291	6863	4657	2206
L00153	2	-46,6399206	-23,5899717	4323	0,0463	0,194	6624	4826	1798
L00156	2	-46,6397771	-23,5727404	4608	0,0434	0,194	8784	5242	3542
L00157	2	-46,6389836	-23,5697573	5176	0,0386	0,194	8809	5934	2875
L00526	1	-46,7757878	-23,6743707	289	0,346	0,097	472	351	121
L00533	2	-46,7766842	-23,6810185	3832	0,0522	0,194	6561	4847	1714
L00534	1	-46,7872371	-23,6773522	3311	0,0302	0,097	5703	4173	1530
L00535	2	-46,7885429	-23,6654381	2164	0,0924	0,194	3718	2707	1011
L00537	1	-46,7846410	-23,6975287	3599	0,0278	0,097	6096	4448	1648
L00542	1	-46,7901616	-23,6750896	3768	0,0265	0,097	6810	4643	2167
L00544	5	-46,7734160	-23,6802425	3538	0,1413	0,485	6419	4341	2078
L00545	1	-46,7766899	-23,6802567	3771	0,0265	0,097	6802	4728	2074
L00550	4	-46,7755198	-23,6742186	2704	0,1479	0,388	4775	3448	1327
L00551	1	-46,7827546	-23,6998617	2755	0,0363	0,097	4627	3392	1235
L00556	1	-46,7765383	-23,6680796	2361	0,0424	0,097	3983	2908	1075
L00558	1	-46,7896575	-23,6835516	593	0,1686	0,097	1112	791	321
L00562	3	-46,7764988	-23,6792511	2508	0,1196	0,291	4349	3228	1121
L05531	1	-46,7133162	-23,6344474	2027	0,0493	0,097	3063	2266	797
L05532	1	-46,7034029	-23,6447800	2886	0,0347	0,097	4752	3201	1551
L05533	1	-46,7012118	-23,6454413	2673	0,0374	0,097	4610	2961	1649
L05534	2	-46,6930410	-23,6638790	5787	0,0346	0,194	9716	6724	2992
L05536	1	-46,6821350	-23,6631782	5321	0,0188	0,097	8921	6173	2748
L05540	1	-46,7098940	-23,6536635	1724	0,058	0,097	3235	2032	1203
L05541	2	-46,7153680	-23,6417200	3773	0,053	0,194	6610	4390	2220
L05542	1	-46,7071520	-23,6499060	3093	0,0323	0,097	5733	3640	2093
L05549	2	-46,7057350	-23,6332760	4550	0,044	0,194	7718	5073	2645
L05550	3	-46,6945706	-23,6304883	5120	0,0586	0,291	8978	5840	3138
L05551	1	-46,7022860	-23,6510126	4767	0,021	0,097	8841	5514	3327
L05579	1	-46,4415141	-23,5227656	2072	0,0483	0,097	3867	2846	1021
L05593	1	-46,4528982	-23,5182408	3494	0,0286	0,097	6309	4695	1614
L05596	1	-46,4536228	-23,5552304	3671	0,0272	0,097	6672	4852	1820
L05597	1	-46,4601240	-23,5260232	3143	0,0318	0,097	5422	4051	1371
L05607	1	-46,4470139	-23,5216112	1268	0,0789	0,097	2275	1708	567
L05610	2	-46,4554689	-23,5282555	6146	0,0325	0,194	10609	7693	2916
L05612	1	-46,6264879	-23,4763633	1123	0,089	0,097	2007	1430	577
L05613	1	-46,6310064	-23,5025938	1028	0,0973	0,097	2041	1205	836
L05617	2	-46,6180480	-23,4923992	3331	0,06	0,194	5427	3880	1547
L05629	1	-46,6242804	-23,4770119	2556	0,0391	0,097	4643	3161	1482
L05646	2	-46,7000457	-23,5224777	2592	0,0772	0,194	4343	2970	1373
L05653	1	-46,7091294	-23,5350839	1807	0,0553	0,097	3207	2079	1128
L05657	1	-46,6883851	-23,5246954	2280	0,0439	0,097	3964	2619	1345
L05659	1	-46,7518718	-23,5135808	2141	0,0467	0,097	4040	2770	1270
L05666	1	-46,7036723	-23,5400795	2096	0,0477	0,097	3593	2404	1189
L05669	1	-46,7164216	-23,5283737	1777	0,0563	0,097	3016	2011	1005
L05676	1	-46,7424159	-23,5202320	790	0,1266	0,097	1426	991	435
L05678	1	-46,7498669	-23,4969079	2593	0,0386	0,097	4758	3251	1507
L05681	1	-46,6949470	-23,5283220	1938	0,0516	0,097	3100	2183	917
L05693	1	-46,6769917	-23,5570934	4108	0,0243	0,097	6768	4547	2221
L05696	1	-46,6826600	-23,5737124	2813	0,0355	0,097	4397	3021	1376
L05698	2	-46,7044200	-23,5423500	1912	0,1046	0,194	2816	2116	700
L05700	10	-46,7170159	-23,5510140	4888	0,2046	0,9699	7257	5167	2090
L05701	1	-46,6827189	-23,5583923	2882	0,0347	0,097	4777	3189	1588
L05702	1	-46,7020044	-23,5462734	1456	0,0687	0,097	1995	1533	462
L05704	1	-46,7169080	-23,5430685	2482	0,0403	0,097	4378	2777	1601
L05705	1	-46,6896585	-23,5656255	3181	0,0314	0,097	5968	3546	2422
L05706	2	-46,6827388	-23,5501422	2508	0,0797	0,194	4043	2732	1311
L05707	2	-46,7072431	-23,5459153	2353	0,085	0,194	3966	2589	1377
L05710	5	-46,6788148	-23,5592954	3381	0,1479	0,485	5828	3742	2086
L05711	1	-46,6940900	-23,5501725	1686	0,0593	0,097	2686	1891	795
L05713	1	-46,6816743	-23,5708583	3367	0,0297	0,097	5931	3590	2341
L05715	1	-46,6918510	-23,5514540	1237	0,0808	0,097	1953	1335	618
L05717	1	-46,6818722	-23,5560723	2822	0,0354	0,097	4697	3062	1635
L05718	1	-46,6823120	-23,5625230	2934	0,0341	0,097	4770	3236	1534
L05727	1	-46,5492590	-23,5262720	2649	0,0378	0,097	4685	3161	1524
L05736	1	-46,5179226	-23,5228086	3663	0,0273	0,097	6711	4640	2071
L05739	1	-46,4991515	-23,5296706	3000	0,0333	0,097	5527	3909	1618
L05740	1	-46,5095310	-23,5250203	3929	0,0255	0,097	7326	4889	2437
L05745	2	-46,5393250	-23,5309129	2457	0,0814	0,194	4417	3008	1409
L05746	1	-46,5505175	-23,5250578	1516	0,066	0,097	2837	1855	982
L05750	1	-46,5686249	-23,5424482	4557	0,0219	0,097	7587	5295	2292
L05755	1	-46,5179584	-23,5638358	3205	0,0312	0,097	5295	4046	1249
L05757	1	-46,5403970	-23,5459183	2015	0,0496	0,097	3549	2496	1053
L05766	1	-46,5138214	-23,5842903	1916	0,0522	0,097	3190	2507	683
L05774	5	-46,5225365	-23,5551065	2202	0,2271	0,485	4174	2786	1388
L05780	2	-46,5072844	-23,5706991	5535	0,0361	0,194	10333	6962	3371
L05788	1	-46,5170255	-23,5575103	1578	0,0634	0,097	3137	1967	1170
L05791	1	-46,5315630	-23,5480380	1380	0,0725	0,097	2259	1735	524
L05793	1	-46,5257140	-23,5554119	2865	0,0349	0,097	5360	3578	1782
L05797	1	-46,5602785	-23,5363132	5811	0,0172	0,097	9848	6857	2991
L05800	1	-46,6048519	-23,5043234	2579	0,0388	0,097	4629	3241	1388
L05801	1	-46,5968739	-23,5084251	2820	0,0355	0,097	5313	3529	1784
L05815	2	-46,5904721	-23,5159874	2393	0,0836	0,194	4362	2917	1445
L05817	1	-46,6117405	-23,5017844	2739	0,0365	0,097	5039	3341	1698
L05818	2	-46,5907052	-23,5016081	2983	0,067	0,194	5429	3613	1816
L05819	1	-46,5825547	-23,5256742	2853	0,0351	0,097	5154	3537	1617
L05840	1	-46,6572517	-23,5114641	1179	0,0848	0,097	1961	1422	539
L05844	1	-46,6552440	-23,4837840	4064	0,0246	0,097	6975	5136	1839
L05850	2	-46,6672729	-23,4955761	2587	0,0773	0,194	4487	3234	1253
L05857	1	-46,6610100	-23,4937600	3204	0,0312	0,097	6028	4077	1951
L05863	1	-46,6642085	-23,4767719	3809	0,0263	0,097	7192	4768	2424
L05865	1	-46,6698247	-23,4725347	947	0,1056	0,097	1605	1205	400
L05866	1	-46,6545707	-23,4916062	2697	0,0371	0,097	4880	3285	1595
L05869	1	-46,6506816	-23,5123597	1285	0,0778	0,097	2257	1556	701
L05876	2	-46,6599580	-23,5051240	2430	0,0823	0,194	4034	2954	1080
L05883	2	-46,6071629	-23,4804948	2403	0,0832	0,194	4353	2845	1508
L05884	1	-46,6024410	-23,4546385	2320	0,0431	0,097	3954	2867	1087
L05928	1	-46,5582100	-23,5739759	2347	0,0426	0,097	4461	2967	1494
L05937	1	-46,5435649	-23,6013500	2013	0,0497	0,097	3580	2564	1016
L05945	2	-46,5663969	-23,5940979	2754	0,0726	0,194	5100	3435	1665
L05948	1	-46,5542887	-23,6019436	1256	0,0796	0,097	2152	1652	500
L05949	1	-46,5838544	-23,5814914	2972	0,0336	0,097	5338	3529	1809
L05964	2	-46,6783620	-23,6167251	2994	0,0668	0,194	5082	3353	1729
L05965	4	-46,6619780	-23,6090200	3849	0,1039	0,388	6946	4334	2612
L05966	3	-46,6599239	-23,6127900	4523	0,0663	0,291	8055	5113	2942
L05967	3	-46,6885280	-23,6126750	4170	0,0719	0,291	6900	4718	2182
L05969	5	-46,6882980	-23,6116910	2974	0,1681	0,485	5627	3387	2240
L05970	1	-46,6673187	-23,6261976	2521	0,0397	0,097	4330	2895	1435
L05972	3	-46,6606590	-23,6082950	3573	0,084	0,291	6139	4037	2102
L05974	2	-46,6641427	-23,6002288	6184	0,0323	0,194	10325	6924	3401
L05975	3	-46,6709636	-23,6171214	2324	0,1291	0,291	3817	2641	1176
L05976	1	-46,6786792	-23,6169250	3059	0,0327	0,097	4637	3422	1215
L05980	2	-46,6536700	-23,6386552	2086	0,0959	0,194	3437	2526	911
L05981	1	-46,6812703	-23,6263887	3816	0,0262	0,097	6833	4360	2473
L05984	1	-46,6639945	-23,6440840	2592	0,0386	0,097	4500	3040	1460
L05985	6	-46,6850791	-23,6183057	3742	0,1603	0,582	6558	4258	2300
L05988	7	-46,6679674	-23,6420583	3208	0,2182	0,679	5082	3709	1373
L05991	1	-46,6608489	-23,6330376	3246	0,0308	0,097	5977	3853	2124
L05992	1	-46,6629476	-23,6161029	1424	0,0702	0,097	2755	1641	1114
L05993	2	-46,6505677	-23,6188035	2451	0,0816	0,194	3798	2806	992
L05994	1	-46,6880132	-23,6223740	4177	0,0239	0,097	7394	4699	2695
L05995	5	-46,6692023	-23,5986819	4821	0,1037	0,485	7627	5289	2338
L05996	2	-46,6390563	-23,5354119	3573	0,056	0,194	6373	4095	2278
L05997	1	-46,6475368	-23,6025329	2704	0,037	0,097	4279	2988	1291
L05998	1	-46,6284912	-23,6138398	2408	0,0415	0,097	3730	2799	931
L06003	1	-46,6214935	-23,6221583	2425	0,0412	0,097	3862	2803	1059
L06004	1	-46,6210529	-23,6057597	883	0,1133	0,097	1335	1043	292
L06007	2	-46,6165982	-23,6041985	3954	0,0506	0,194	7269	4693	2576
L06009	1	-46,6344182	-23,5944514	2798	0,0357	0,097	4833	3210	1623
L06012	2	-46,6319660	-23,6059990	2471	0,0809	0,194	4092	2850	1242
L06032	1	-46,6120690	-23,5882350	2927	0,0342	0,097	5450	3505	1945
L06036	2	-46,6027202	-23,6187027	1079	0,1854	0,194	2228	1350	878
L06040	1	-46,6000559	-23,6225320	1860	0,0538	0,097	3641	2456	1185
L06054	1	-46,6080780	-23,6028560	3098	0,0323	0,097	5810	3763	2047
L06055	1	-46,6096977	-23,5916041	2870	0,0348	0,097	5430	3473	1957
L06065	1	-46,6119497	-23,5892321	3011	0,0332	0,097	5516	3638	1878
L06067	2	-46,6098374	-23,5932998	5055	0,0396	0,194	8453	5954	2499
L06664	1	-46,7020763	-23,6853645	3332	0,03	0,097	5602	4031	1571
L06668	3	-46,7079679	-23,7294845	5089	0,059	0,291	8445	6409	2036
L06670	1	-46,6957864	-23,7324947	2610	0,0383	0,097	4188	3289	899
L06673	9	-46,6853733	-23,7259814	3759	0,2394	0,8729	6283	4756	1527
L06674	21	-46,6793309	-23,7195684	3211	0,654	2,0369	5467	4147	1320
L06675	1	-46,6881398	-23,7299942	3738	0,0268	0,097	6186	4796	1390
L06677	1	-46,7023442	-23,7336887	3497	0,0286	0,097	6166	4530	1636
L06680	5	-46,7011093	-23,7188128	4508	0,1109	0,485	7833	5525	2308
L06681	3	-46,6810487	-23,7212278	1316	0,228	0,291	2471	1778	693
L06688	1	-46,6904668	-23,7164776	3363	0,0297	0,097	5649	4138	1511
L06689	1	-46,7031746	-23,6922472	2879	0,0347	0,097	4842	3413	1429
L07570	1	-46,6536805	-23,6514550	731	0,1368	0,097	1188	885	303
L07575	1	-46,6365200	-23,6320743	4017	0,0249	0,097	7103	4799	2304
L07580	9	-46,6579978	-23,6496781	3546	0,2538	0,8729	6231	4318	1913
L07581	1	-46,6363601	-23,6810716	3028	0,033	0,097	5287	3909	1378
L07585	2	-46,6489412	-23,6630793	4484	0,0446	0,194	7661	5544	2117
L07586	8	-46,6662000	-23,6526625	4676	0,1711	0,7759	7861	5605	2256
L07587	1	-46,6389892	-23,6729739	4038	0,0248	0,097	6961	5171	1790
L07588	5	-46,6585002	-23,6601214	4100	0,122	0,485	7296	5008	2288
L07590	3	-46,6424477	-23,6679792	3909	0,0767	0,291	7206	5039	2167
L07593	9	-46,6558622	-23,6441812	3054	0,2947	0,8729	5207	3649	1558
L07595	4	-46,6355606	-23,6678098	4296	0,0931	0,388	7638	5546	2092
L07596	1	-46,6408930	-23,6522075	3383	0,0296	0,097	6330	4133	2197
L07598	1	-46,6392154	-23,6408466	3709	0,027	0,097	6533	4338	2195
L07599	1	-46,6460240	-23,6525414	3198	0,0313	0,097	5298	3899	1399
L07601	2	-46,6355606	-23,6678098	1988	0,1006	0,194	3563	2572	991
L07668	1	-46,7496458	-23,4783071	2726	0,0367	0,097	4622	3476	1146
L07675	2	-46,7341179	-23,4868877	2381	0,084	0,194	4269	2907	1362
L07683	3	-46,4716478	-23,4993793	1880	0,1596	0,291	3092	2381	711
L07690	1	-46,4825992	-23,5059494	1295	0,0772	0,097	2134	1637	497
L07692	2	-46,4761134	-23,5015127	2666	0,075	0,194	4912	3325	1587
L07695	1	-46,4925761	-23,4889873	3199	0,0313	0,097	5543	4116	1427
L07700	1	-46,4851971	-23,4905377	3489	0,0287	0,097	6056	4395	1661
L07701	1	-46,4889435	-23,4985564	3277	0,0305	0,097	5967	4095	1872
L07703	1	-46,4731818	-23,5027056	2186	0,0457	0,097	3519	2750	769
L07704	1	-46,4783102	-23,4996696	2270	0,0441	0,097	4005	2861	1144
L07705	2	-46,4753246	-23,4969321	1922	0,1041	0,194	3284	2392	892
L07715	1	-46,7054395	-23,4973447	1332	0,0751	0,097	2162	1641	521
L07717	1	-46,6977498	-23,4953639	1623	0,0616	0,097	2803	2006	797
L07721	6	-46,7021950	-23,4842550	3320	0,1807	0,582	6150	4149	2001
L07722	1	-46,7100048	-23,4798680	2502	0,04	0,097	4590	3267	1323
L07723	1	-46,7155090	-23,4737413	2363	0,0423	0,097	4249	3098	1151
L07729	1	-46,7028160	-23,4979150	3736	0,0268	0,097	6670	4600	2070
L07734	1	-46,7077799	-23,4872710	2185	0,0458	0,097	3723	2810	913
L07735	1	-46,7091202	-23,4695490	971	0,103	0,097	1667	1276	391
L07741	1	-46,6915530	-23,4896820	2900	0,0345	0,097	4958	3548	1410
L07743	1	-46,7214900	-23,4681351	742	0,1348	0,097	1290	983	307
L07750	31	-46,7708337	-23,6299871	13605	0,2279	3,0068	25821	17652	8169
L07751	2	-46,7857380	-23,6492250	2439	0,082	0,194	4196	3122	1074
L07752	3	-46,7562863	-23,6156016	3810	0,0787	0,291	6732	4937	1795
L07753	7	-46,7766842	-23,6395528	2690	0,2602	0,679	4737	3519	1218
L07755	1	-46,7557573	-23,6290243	3980	0,0251	0,097	6741	5172	1569
L07756	2	-46,7617923	-23,6408234	4236	0,0472	0,194	7697	5404	2293
L07757	10	-46,7705606	-23,6467603	3321	0,3011	0,9699	5877	4308	1569
L07758	8	-46,7701188	-23,6470003	3205	0,2496	0,7759	5536	3955	1581
L07759	16	-46,7708253	-23,6346601	2609	0,6133	1,5519	4845	3309	1536
L07760	1	-46,7556667	-23,6404221	3739	0,0267	0,097	6385	4685	1700
L07761	3	-46,7758320	-23,6436922	4304	0,0697	0,291	7784	5385	2399
L07762	7	-46,7860069	-23,6438270	3683	0,1901	0,679	6454	4825	1629
L07764	2	-46,7625103	-23,6349197	3815	0,0524	0,194	6862	4883	1979
L07766	3	-46,7870213	-23,6430817	3412	0,0879	0,291	6214	4373	1841
L07767	1	-46,7490615	-23,6345587	3174	0,0315	0,097	5702	4133	1569
L07768	10	-46,7739779	-23,6330684	2361	0,4235	0,9699	4577	2954	1623
L07769	7	-46,7686119	-23,6296456	3708	0,1888	0,679	6898	4781	2117
L07770	1	-46,7542153	-23,6198219	4129	0,0242	0,097	7176	5149	2027
L07772	2	-46,7607719	-23,6385695	2910	0,0687	0,194	5170	3706	1464
L07774	1	-46,7498755	-23,6363346	2769	0,0361	0,097	4952	3627	1325
L08186	1	-46,7043257	-23,6097843	2189	0,0457	0,097	3576	2546	1030
L08189	1	-46,7439953	-23,5966397	2735	0,0366	0,097	4371	3211	1160
L08190	5	-46,7131334	-23,6188108	3137	0,1594	0,485	5166	3531	1635
L08191	1	-46,7412727	-23,6104585	2419	0,0413	0,097	3595	2771	824
L08195	2	-46,7277361	-23,6045363	3437	0,0582	0,194	5923	4007	1916
L08196	1	-46,7208297	-23,6076803	2840	0,0352	0,097	4752	3330	1422
L08198	1	-46,7269586	-23,5890197	3106	0,0322	0,097	5469	3609	1860
L08200	2	-46,7298173	-23,5966128	2551	0,0784	0,194	4499	3046	1453
L08202	2	-46,7401597	-23,6037788	2287	0,0875	0,194	4380	2818	1562
L08203	4	-46,7354209	-23,6007753	1634	0,2448	0,388	2757	2030	727
L08204	1	-46,7468132	-23,6034358	3032	0,033	0,097	5249	3566	1683
L08207	1	-46,7206164	-23,5767376	2202	0,0454	0,097	4045	2564	1481
L08208	1	-46,7358364	-23,5961852	2323	0,043	0,097	3857	2793	1064
L08209	1	-46,7308370	-23,5944510	2715	0,0368	0,097	4573	3264	1309
L08211	3	-46,7570506	-23,5977877	2938	0,1021	0,291	5449	3746	1703
L08212	1	-46,7546852	-23,5949824	2625	0,0381	0,097	4694	3368	1326
L08213	1	-46,7052007	-23,6074205	2725	0,0367	0,097	4343	3206	1137
L08219	1	-46,6985844	-23,5862008	2637	0,0379	0,097	4368	2905	1463
L08225	1	-46,5100191	-23,5446064	4128	0,0242	0,097	7026	5147	1879
L08231	1	-46,5079969	-23,5544033	2026	0,0494	0,097	3550	2546	1004
L08235	2	-46,4958682	-23,5663286	2328	0,0859	0,194	4095	3031	1064
L08242	2	-46,5020045	-23,5414163	2155	0,0928	0,194	4183	2801	1382
L08243	1	-46,5065643	-23,5285802	1947	0,0514	0,097	3332	2479	853
L08247	2	-46,4906529	-23,5403308	4098	0,0488	0,194	7785	5311	2474
L08259	1	-46,5081299	-23,5436866	2539	0,0394	0,097	4640	3247	1393
L08266	2	-46,5492719	-23,5643080	3744	0,0534	0,194	6474	4613	1861
L08269	1	-46,5456990	-23,5729610	1641	0,0609	0,097	2921	2045	876
L08271	2	-46,5489169	-23,5706004	2230	0,0897	0,194	4306	2779	1527
L08273	1	-46,5293776	-23,5796946	1844	0,0542	0,097	3265	2427	838
L08275	2	-46,5344569	-23,5777136	2311	0,0865	0,194	4317	2988	1329
L08276	1	-46,5458952	-23,5550134	2003	0,0499	0,097	3017	2414	603
L08277	1	-46,5470381	-23,5724329	1679	0,0596	0,097	3154	2109	1045
L08278	4	-46,5421410	-23,5610590	3394	0,1179	0,388	6342	4245	2097
L08279	3	-46,5397986	-23,5751068	3183	0,0943	0,291	5939	4067	1872
L08286	1	-46,5228208	-23,5778668	2051	0,0488	0,097	3585	2631	954
L08287	1	-46,5495140	-23,5691620	649	0,1541	0,097	1068	790	278
L08296	1	-46,5867358	-23,4804731	3045	0,0328	0,097	5362	3770	1592
L08307	1	-46,5775231	-23,4668711	3245	0,0308	0,097	6063	4171	1892
L08313	1	-46,5922900	-23,4849578	1618	0,0618	0,097	3176	1990	1186
L08322	1	-46,5370536	-23,5872418	1053	0,095	0,097	1920	1395	525
L08331	1	-46,5224167	-23,5870214	2150	0,0465	0,097	3937	2882	1055
L08337	1	-46,5124860	-23,5891800	2899	0,0345	0,097	5040	3740	1300
L08342	1	-46,5266764	-23,5902384	2424	0,0413	0,097	4325	3078	1247
L08347	1	-46,5166850	-23,6068230	703	0,1422	0,097	1291	914	377
L08354	1	-46,6718510	-23,6480180	3606	0,0277	0,097	5953	4267	1686
L08357	1	-46,6566918	-23,6673339	2867	0,0349	0,097	5558	3511	2047
L08358	11	-46,6595184	-23,6732345	3334	0,3299	1,0669	6265	4353	1912
L08360	3	-46,6643846	-23,6634460	2151	0,1395	0,291	3871	2637	1234
L08362	3	-46,6599252	-23,6645331	3182	0,0943	0,291	5899	3877	2022
L08363	1	-46,6578420	-23,6700605	2290	0,0437	0,097	3858	2871	987
L08364	1	-46,6666281	-23,6643337	2350	0,0426	0,097	4231	2884	1347
L08365	1	-46,6383547	-23,6857440	3713	0,0269	0,097	6684	4675	2009
L08366	1	-46,6568661	-23,6677858	2114	0,0473	0,097	4127	2597	1530
L08367	1	-46,6760160	-23,6550423	3987	0,0251	0,097	6800	4757	2043
L08369	1	-46,6692349	-23,6669498	3705	0,027	0,097	6566	4618	1948
L08370	3	-46,6619825	-23,6713695	2545	0,1179	0,291	4510	3118	1392
L08373	1	-46,6423561	-23,6824358	4047	0,0247	0,097	7666	5249	2417
L08374	1	-46,6583497	-23,6731895	2392	0,0418	0,097	4435	3139	1296
L08380	1	-46,3955110	-23,5079850	4070	0,0246	0,097	7143	5356	1787
L08385	1	-46,3767415	-23,5064594	1891	0,0529	0,097	3406	2573	833
L08400	1	-46,3850728	-23,5122978	3974	0,0252	0,097	7123	5016	2107
L08411	1	-46,3698794	-23,5080357	3148	0,0318	0,097	5639	4225	1414
L08418	1	-46,3817906	-23,5034832	3675	0,0272	0,097	6492	4833	1659
L08426	1	-46,4008912	-23,5381934	3356	0,0298	0,097	6116	4546	1570
L08446	1	-46,4185555	-23,5307546	2258	0,0443	0,097	4003	2970	1033
L08455	1	-46,4007548	-23,5495498	2353	0,0425	0,097	4306	3004	1302
L08459	2	-46,4060980	-23,5364980	1267	0,1579	0,194	1475	1092	383
L08846	1	-46,6604530	-23,7438933	5276	0,019	0,097	8555	6524	2031
L08848	1	-46,6708362	-23,7427238	3254	0,0307	0,097	5197	4056	1141
L08851	1	-46,7029441	-23,7482829	3251	0,0308	0,097	5688	4114	1574
L08853	1	-46,6805020	-23,7527693	3612	0,0277	0,097	6315	4616	1699
L08864	1	-46,6731203	-23,7622871	4632	0,0216	0,097	7907	6053	1854
L08869	1	-46,6976128	-23,7478250	3454	0,029	0,097	5909	4430	1479
L08872	1	-46,6890875	-23,7386502	2798	0,0357	0,097	4627	3538	1089
L08879	1	-46,6771720	-23,7532160	2969	0,0337	0,097	5144	3881	1263
L08888	1	-46,7449271	-23,6845334	3976	0,0252	0,097	6506	4872	1634
L08894	1	-46,7822515	-23,7187870	4175	0,024	0,097	7569	5347	2222
L08895	1	-46,7563455	-23,6839424	2676	0,0374	0,097	4670	3304	1366
L08898	2	-46,7422115	-23,6767859	1163	0,172	0,194	1825	1417	408
L08899	1	-46,7296989	-23,6686244	4808	0,0208	0,097	7532	5810	1722
L08900	7	-46,7459944	-23,6760859	3870	0,1809	0,679	6211	4807	1404
L08904	1	-46,7658122	-23,6917667	2592	0,0386	0,097	4485	3296	1189
L08908	1	-46,7789630	-23,7147600	3404	0,0294	0,097	5872	4422	1450
L08911	1	-46,7895404	-23,7358720	4436	0,0225	0,097	7779	5629	2150
L08913	2	-46,7553528	-23,6757960	3255	0,0614	0,194	5943	4082	1861
L08914	1	-46,7644205	-23,6860017	2545	0,0393	0,097	4224	3108	1116
L08915	1	-46,7923315	-23,7092825	2309	0,0433	0,097	4001	2961	1040
L08917	1	-46,7474059	-23,6737216	2586	0,0387	0,097	4466	3168	1298
L08918	2	-46,7646129	-23,6800985	3973	0,0503	0,194	7083	4944	2139
L08919	1	-46,7518905	-23,6805097	3188	0,0314	0,097	5387	4046	1341
L08921	1	-46,7477778	-23,6709060	3171	0,0315	0,097	5519	3877	1642
L08924	1	-46,7528366	-23,6745244	3179	0,0315	0,097	5308	3981	1327
L08929	1	-46,7383672	-23,6748485	1967	0,0508	0,097	3174	2419	755
L08933	1	-46,7407017	-23,6677721	3280	0,0305	0,097	5502	4064	1438
L08937	2	-46,7398408	-23,6738654	4636	0,0431	0,194	7955	5725	2230
L08938	1	-46,7563790	-23,6782580	1306	0,0766	0,097	2186	1665	521
L08942	1	-46,7709966	-23,6560362	1558	0,0642	0,097	2772	2007	765
L08943	1	-46,7619149	-23,6635947	1581	0,0633	0,097	2777	2012	765
L08945	1	-46,7595495	-23,6741975	3422	0,0292	0,097	5713	4273	1440
L08946	1	-46,7599809	-23,6583845	3828	0,0261	0,097	6414	4828	1586
L08947	1	-46,7588097	-23,6679219	3084	0,0324	0,097	5635	3906	1729
L08948	1	-46,7709966	-23,6560362	4506	0,0222	0,097	7853	5738	2115
L08949	1	-46,7514131	-23,6635812	2498	0,04	0,097	4346	3049	1297
L08951	1	-46,7886418	-23,6575053	2044	0,0489	0,097	3413	2611	802
L08952	1	-46,7676270	-23,6679840	4298	0,0233	0,097	7695	5421	2274
L08953	1	-46,7897522	-23,6576515	2681	0,0373	0,097	4927	3511	1416
L08955	1	-46,7671835	-23,6773241	4100	0,0244	0,097	7105	5165	1940
L08959	3	-46,7717000	-23,6780060	1598	0,1877	0,291	2710	2016	694
L08963	3	-46,7734927	-23,6740405	2049	0,1464	0,291	3996	2559	1437
L08971	1	-46,7414689	-23,5502101	1483	0,0674	0,097	2896	1900	996
L08972	1	-46,7892721	-23,6004866	3302	0,0303	0,097	5905	4260	1645
L08974	1	-46,7460154	-23,5642656	2683	0,0373	0,097	4513	3262	1251
L08977	1	-46,7667060	-23,5859640	590	0,1695	0,097	1027	762	265
L08978	1	-46,7428667	-23,5721823	1238	0,0808	0,097	1863	1417	446
L08979	1	-46,7659213	-23,5803246	1496	0,0668	0,097	2293	1792	501
L08982	1	-46,7512554	-23,5452190	2973	0,0336	0,097	5291	3603	1688
L08987	2	-46,7591098	-23,5417165	2410	0,083	0,194	4045	2988	1057
L08988	1	-46,7545127	-23,5689070	2999	0,0333	0,097	5372	3588	1784
L08990	1	-46,7660251	-23,5891918	3308	0,0302	0,097	5815	4319	1496
L08998	3	-46,7616411	-23,5738108	3264	0,0919	0,291	5781	3909	1872
L08999	6	-46,7748594	-23,5743052	2796	0,2146	0,582	5077	3810	1267
L09000	1	-46,7292351	-23,5745661	3100	0,0323	0,097	5436	3579	1857
L09004	1	-46,7583340	-23,5575440	3682	0,0272	0,097	5975	4245	1730
L09006	1	-46,7920023	-23,5981368	2693	0,0371	0,097	4763	3274	1489
L09007	2	-46,7358487	-23,5809482	3036	0,0659	0,194	5300	3546	1754
L09008	2	-46,7530566	-23,5528242	2689	0,0744	0,194	4923	3222	1701
L09010	1	-46,7580485	-23,5857090	3186	0,0314	0,097	6188	4045	2143
L09013	1	-46,7909036	-23,5841478	1364	0,0733	0,097	2357	1795	562
L09019	1	-46,7313271	-23,5767877	1362	0,0734	0,097	2150	1572	578
L09029	1	-46,7397094	-23,5694257	1120	0,0893	0,097	1808	1282	526
L09034	3	-46,7138143	-23,5687160	6650	0,0451	0,291	11871	7672	4199
L09039	1	-46,4545421	-23,6241104	1336	0,0749	0,097	2381	1745	636
L09044	2	-46,4785593	-23,5947194	2910	0,0687	0,194	5416	3690	1726
L09046	1	-46,4451983	-23,6306149	3152	0,0317	0,097	5392	4009	1383
L09057	1	-46,4881751	-23,5991604	3417	0,0293	0,097	5868	4270	1598
L09062	1	-46,4892324	-23,6122890	2777	0,036	0,097	5135	3576	1559
L09063	1	-46,4785920	-23,6052751	3582	0,0279	0,097	6447	4604	1843
L09067	3	-46,4707484	-23,6169001	1697	0,1768	0,291	3007	2250	757
L09072	2	-46,4711933	-23,6237846	2817	0,071	0,194	4983	3737	1246
L09076	1	-46,4921282	-23,5878134	2168	0,0461	0,097	4122	2686	1436
L09077	1	-46,4645811	-23,6112224	3566	0,028	0,097	6521	4469	2052
L09085	1	-46,4719716	-23,6057020	3309	0,0302	0,097	6370	4187	2183
L09094	2	-46,7117310	-23,4620560	3852	0,0519	0,194	7063	5062	2001
L09095	1	-46,6814668	-23,4770174	995	0,1005	0,097	1692	1272	420
L09096	1	-46,6919830	-23,4800350	2740	0,0365	0,097	4783	3354	1429
L09097	1	-46,6833436	-23,4716951	3420	0,0292	0,097	6292	4301	1991
L09099	1	-46,6998285	-23,4605103	2820	0,0355	0,097	4930	3583	1347
L09100	12	-46,6986546	-23,4803642	3036	0,3953	1,1639	5415	3789	1626
L09105	1	-46,6983080	-23,4693623	4632	0,0216	0,097	8469	5835	2634
L09111	1	-46,6780978	-23,4504874	2994	0,0334	0,097	5456	3938	1518
L09112	4	-46,6975146	-23,4687553	3273	0,1222	0,388	6109	4041	2068
L09114	1	-46,6740490	-23,4675988	995	0,1005	0,097	1554	1250	304
L09118	5	-46,6795279	-23,4641832	7883	0,0634	0,485	15183	10348	4835
L09127	1	-46,6881097	-23,4507951	3748	0,0267	0,097	6670	4918	1752
L09129	1	-46,6940812	-23,4585925	3967	0,0252	0,097	6922	5126	1796
L09135	1	-46,6875898	-23,4827743	3242	0,0308	0,097	6012	4001	2011
L09137	1	-46,6974031	-23,4623180	3119	0,0321	0,097	5897	3958	1939
L09145	1	-46,6931880	-23,4731917	766	0,1305	0,097	1379	986	393
L09334	2	-46,7177616	-23,7331948	2616	0,0765	0,194	4208	3249	959
L09336	2	-46,7167371	-23,7695068	4256	0,047	0,194	7217	5340	1877
L09337	1	-46,7106055	-23,7451522	2081	0,0481	0,097	3438	2605	833
L09341	1	-46,6962116	-23,7633829	3630	0,0275	0,097	5815	4452	1363
L09342	1	-46,6978953	-23,8459940	2662	0,0376	0,097	4306	3337	969
L09346	1	-46,6969438	-23,7768204	4723	0,0212	0,097	7671	5863	1808
L09356	1	-46,7319307	-23,7919749	4689	0,0213	0,097	8175	6073	2102
L09363	1	-46,6948722	-23,7705062	3781	0,0264	0,097	6218	4781	1437
L09367	1	-46,7096936	-23,7717519	1892	0,0529	0,097	3177	2421	756
L09371	1	-46,7078313	-23,7380888	1925	0,0519	0,097	3423	2328	1095
L09377	1	-46,7365620	-23,7988400	2015	0,0496	0,097	3368	2542	826
L09653	2	-46,7571522	-23,4107543	2816	0,071	0,194	5154	3588	1566
L09677	1	-46,7928284	-23,4298912	2395	0,0418	0,097	3987	2948	1039
L09698	1	-46,5211510	-23,5024680	3117	0,0321	0,097	5306	4002	1304
L09703	1	-46,5143098	-23,5025941	3250	0,0308	0,097	6003	4205	1798
L09709	1	-46,5011218	-23,4970068	2480	0,0403	0,097	4098	3151	947
L09711	2	-46,5256831	-23,5120904	4021	0,0497	0,194	7414	5163	2251
L09758	4	-46,4840632	-23,5126634	2966	0,1349	0,388	5485	3744	1741
L09759	2	-46,4893072	-23,5119538	2407	0,0831	0,194	4544	3045	1499
L09762	1	-46,4813689	-23,5374258	3181	0,0314	0,097	5713	4094	1619
L09766	1	-46,4880409	-23,5223342	3475	0,0288	0,097	6125	4652	1473
L09767	1	-46,5095837	-23,5191133	2136	0,0468	0,097	3746	2741	1005
L09770	1	-46,5081371	-23,5141476	2763	0,0362	0,097	5024	3413	1611
L09771	3	-46,4943893	-23,5089738	3192	0,094	0,291	5877	3982	1895
L09777	3	-46,4780882	-23,5104731	680	0,4412	0,291	1097	867	230
L09783	2	-46,4752420	-23,5235190	4447	0,045	0,194	7421	5633	1788
L09922	1	-46,4327528	-23,4878458	1190	0,084	0,097	2000	1568	432
L09932	1	-46,4170900	-23,5033830	2547	0,0393	0,097	4564	3380	1184
L09942	1	-46,4066823	-23,5098630	3334	0,03	0,097	5872	4480	1392
L09945	1	-46,4180582	-23,4867289	3677	0,0272	0,097	6336	4651	1685
L09955	1	-46,4581061	-23,4953823	1783	0,0561	0,097	3145	2251	894
L09958	1	-46,4555571	-23,4916901	2939	0,034	0,097	5404	4032	1372
L09963	1	-46,4697092	-23,5174500	2760	0,0362	0,097	4709	3527	1182
L09969	1	-46,4652162	-23,5011465	2204	0,0454	0,097	3832	2745	1087
L09972	1	-46,4663780	-23,5115601	2666	0,0375	0,097	4869	3367	1502
L10130	1	-46,7515284	-23,4909867	3496	0,0286	0,097	6108	4518	1590
L10143	2	-46,7327693	-23,4440969	2479	0,0807	0,194	4439	3210	1229
L10146	1	-46,7518624	-23,4341802	2704	0,037	0,097	4539	3584	955
L10147	1	-46,7433597	-23,4559128	2088	0,0479	0,097	3915	2589	1326
L10148	1	-46,7311790	-23,4454790	2341	0,0427	0,097	3944	2990	954
L10162	1	-46,4037340	-23,5668844	2580	0,0388	0,097	4380	3282	1098
L10164	1	-46,4000259	-23,5999090	3063	0,0326	0,097	5283	3824	1459
L10166	1	-46,4073307	-23,5666032	3346	0,0299	0,097	5875	4258	1617
L10168	1	-46,3812048	-23,5863795	1619	0,0618	0,097	2724	2074	650
L10172	4	-46,3911438	-23,5781477	2553	0,1567	0,388	4332	3191	1141
L10173	2	-46,4070213	-23,5656205	2817	0,071	0,194	4782	3657	1125
L10178	1	-46,4094033	-23,5851215	3329	0,03	0,097	5585	4174	1411
L10179	1	-46,3916580	-23,5781044	2563	0,039	0,097	4718	3343	1375
L10184	1	-46,3942223	-23,5789990	3555	0,0281	0,097	6001	4511	1490
L10187	1	-46,3967077	-23,5644405	2905	0,0344	0,097	5094	3653	1441
L10189	1	-46,4043421	-23,6017481	2151	0,0465	0,097	3771	2855	916
L10193	1	-46,4414315	-23,5961736	2959	0,0338	0,097	5227	3738	1489
L10194	2	-46,3915721	-23,5870657	3661	0,0546	0,194	5997	4550	1447
L10200	1	-46,4077080	-23,5934470	2037	0,0491	0,097	3462	2558	904
L10213	1	-46,4350193	-23,5546910	4684	0,0213	0,097	8573	6058	2515
L10215	2	-46,4375782	-23,5533997	2536	0,0789	0,194	4483	3244	1239
L10222	1	-46,4387810	-23,5470846	1896	0,0527	0,097	3138	2443	695
L10311	2	-46,7438418	-23,6469973	3989	0,0501	0,194	6890	4938	1952
L10312	1	-46,7277244	-23,6232924	2826	0,0354	0,097	5507	3651	1856
L10313	1	-46,7409855	-23,6288859	4572	0,0219	0,097	7434	5319	2115
L10315	1	-46,7329180	-23,6456264	3655	0,0274	0,097	6542	4487	2055
L10316	1	-46,7406208	-23,6440978	2363	0,0423	0,097	4428	2886	1542
L10318	1	-46,7348644	-23,6510220	1977	0,0506	0,097	3469	2405	1064
L10319	2	-46,7322309	-23,6212240	7028	0,0285	0,194	12398	8767	3631
L10323	1	-46,7448452	-23,6511623	3217	0,0311	0,097	5549	3996	1553
L10325	9	-46,7462436	-23,6209695	4031	0,2233	0,8729	7403	4961	2442
L10329	2	-46,7515285	-23,6467951	3583	0,0558	0,194	6346	4335	2011
L10331	1	-46,7579377	-23,6506764	1781	0,0561	0,097	3012	2171	841
L10333	1	-46,7411845	-23,6324928	2557	0,0391	0,097	4483	2941	1542
L10334	1	-46,7309023	-23,6590081	3965	0,0252	0,097	6583	4851	1732
L10336	1	-46,7442610	-23,6566420	3010	0,0332	0,097	5133	3848	1285
L10337	2	-46,7498793	-23,6122189	1138	0,1757	0,194	1735	1321	414
L10339	1	-46,7419737	-23,6662638	455	0,2198	0,097	730	554	176
L10340	5	-46,7551211	-23,6549905	1723	0,2902	0,485	3127	2375	752
L10492	1	-46,6086090	-23,6438400	4118	0,0243	0,097	7089	5189	1900
L10493	2	-46,6004969	-23,6242367	3658	0,0547	0,194	6286	4333	1953
L10495	2	-46,6042777	-23,6188105	1662	0,1203	0,194	2687	1983	704
L10496	1	-46,6171064	-23,6170233	2347	0,0426	0,097	4315	2704	1611
L10501	1	-46,6131234	-23,6336255	3411	0,0293	0,097	6193	4182	2011
L10503	1	-46,6068182	-23,6262334	2963	0,0337	0,097	5466	3635	1831
L10506	1	-46,5972438	-23,6398797	2835	0,0353	0,097	4669	3551	1118
L10515	1	-46,5935567	-23,6451630	3108	0,0322	0,097	5258	3966	1292
L10516	1	-46,6134748	-23,6571470	3833	0,0261	0,097	5910	4608	1302
L10611	1	-46,4696904	-23,5681129	5770	0,0173	0,097	11060	7441	3619
L10613	1	-46,4813947	-23,5513733	2971	0,0337	0,097	4901	3803	1098
L10615	1	-46,4563702	-23,5747489	3354	0,0298	0,097	5745	4207	1538
L10617	1	-46,4705701	-23,5650788	2486	0,0402	0,097	4479	3304	1175
L10620	1	-46,4864496	-23,5496384	3089	0,0324	0,097	5680	3970	1710
L10635	3	-46,6440127	-23,7047708	4681	0,0641	0,291	8880	6015	2865
L10638	2	-46,6371403	-23,7009481	1770	0,113	0,194	3477	2430	1047
L10639	1	-46,6668566	-23,6825593	3864	0,0259	0,097	6372	4667	1705
L10641	1	-46,6436362	-23,7008286	3775	0,0265	0,097	6742	4811	1931
L10643	1	-46,6714350	-23,6978615	2344	0,0427	0,097	4232	2899	1333
L10644	1	-46,6556236	-23,6824021	2836	0,0353	0,097	4936	3557	1379
L10645	3	-46,6362933	-23,7001858	2822	0,1063	0,291	5118	3730	1388
L10648	1	-46,6336174	-23,7033308	3476	0,0288	0,097	6288	4717	1571
L10649	1	-46,6574272	-23,6831739	3484	0,0287	0,097	6377	4622	1755
L10650	2	-46,6524439	-23,6886719	3624	0,0552	0,194	6394	4556	1838
L10651	7	-46,6505536	-23,7001667	3622	0,1933	0,679	6325	4590	1735
L10653	10	-46,6580576	-23,7104493	3879	0,2578	0,9699	6559	4846	1713
L10665	1	-46,6401401	-23,7021728	2226	0,0449	0,097	3949	2934	1015
L10667	2	-46,6484937	-23,6939898	3026	0,0661	0,194	5380	3783	1597
L10670	1	-46,6532948	-23,6930429	4054	0,0247	0,097	7018	5197	1821
L10723	3	-46,5874208	-23,4972108	3391	0,0885	0,291	6308	4248	2060
L10726	1	-46,5861292	-23,4922494	2903	0,0344	0,097	5395	3706	1689
L10727	1	-46,5724481	-23,4898866	3376	0,0296	0,097	6286	4313	1973
L10728	4	-46,5798590	-23,4856546	3035	0,1318	0,388	5717	3858	1859
L10738	2	-46,5972000	-23,4951209	2600	0,0769	0,194	4771	3258	1513
L10741	1	-46,5010529	-23,6213622	3848	0,026	0,097	6829	5091	1738
L10745	1	-46,5040533	-23,6054351	4046	0,0247	0,097	7138	5324	1814
L10766	2	-46,4983849	-23,5987055	3171	0,0631	0,194	5783	4036	1747
L10770	1	-46,6497888	-23,4836075	744	0,1344	0,097	1223	930	293
L10787	1	-46,6597938	-23,4579944	3590	0,0279	0,097	6710	4563	2147
L10795	1	-46,6448499	-23,4728933	2607	0,0384	0,097	4567	3376	1191
L10796	1	-46,6434663	-23,4580215	2754	0,0363	0,097	4853	3483	1370
