cod_local	QT_VOTOS	longitude	latitude	LOC_VALID	%_LOC_V	%_CAND	QT_APTOS	QT_COMPARECIMENTO	QT_ABSTENCOES
L00018	1	-46,6419109	-23,5592168	3389	0,0295	0,7353	7001	3906	3095
L00058	2	-46,6432297	-23,5320752	3161	0,0633	1,4706	6470	3731	2739
L00064	1	-46,6278434	-23,5475185	2980	0,0336	0,7353	5641	3584	2057
L00154	1	-46,6235069	-23,5745404	4329	0,0231	0,7353	7193	5134	2059
L05578	1	-46,4526050	-23,5387875	2564	0,039	0,7353	4882	3187	1695
L05585	1	-46,4451845	-23,5472188	2365	0,0423	0,7353	4123	3094	1029
L05586	2	-46,4459252	-23,5256810	2399	0,0834	1,4706	4163	3117	1046
L05608	1	-46,4565300	-23,5399000	1319	0,0758	0,7353	2270	1658	612
L05648	1	-46,7032968	-23,5283085	4170	0,024	0,7353	7531	4847	2684
L05743	1	-46,5487021	-23,5239078	1983	0,0504	0,7353	3819	2477	1342
L05756	2	-46,5564250	-23,5331500	2613	0,0765	1,4706	4568	3155	1413
L05766	1	-46,5138214	-23,5842903	1916	0,0522	0,7353	3190	2507	683
L05772	1	-46,5679267	-23,5325642	2271	0,044	0,7353	4284	2700	1584
L05774	1	-46,5225365	-23,5551065	2202	0,0454	0,7353	4174	2786	1388
L05777	1	-46,5636721	-23,5353692	1934	0,0517	0,7353	3252	2352	900
L05785	1	-46,4982329	-23,5898352	2069	0,0483	0,7353	3681	2817	864
L05811	1	-46,5847966	-23,5140241	2439	0,041	0,7353	4518	2999	1519
L05847	2	-46,6551176	-23,4983123	3654	0,0547	1,4706	6457	4489	1968
L05850	1	-46,6672729	-23,4955761	2587	0,0387	0,7353	4487	3234	1253
L05870	1	-46,6722354	-23,4967228	2389	0,0419	0,7353	4246	3161	1085
L05889	1	-46,6306396	-23,4568482	2624	0,0381	0,7353	4737	3252	1485
L05908	1	-46,5774727	-23,4379629	2559	0,0391	0,7353	4721	3325	1396
L05911	1	-46,5953507	-23,4480324	2669	0,0375	0,7353	4700	3478	1222
L05914	1	-46,6046269	-23,4577565	2417	0,0414	0,7353	4627	3016	1611
L05918	1	-46,6002385	-23,4553201	665	0,1504	0,7353	1114	830	284
L05991	1	-46,6608489	-23,6330376	3246	0,0308	0,7353	5977	3853	2124
L06022	1	-46,6399802	-23,6207015	7560	0,0132	0,7353	11823	8719	3104
L06059	1	-46,5975968	-23,6097769	2880	0,0347	0,7353	4845	3529	1316
L06060	1	-46,5954073	-23,6104073	3797	0,0263	0,7353	6278	4612	1666
L07581	1	-46,6363601	-23,6810716	3028	0,033	0,7353	5287	3909	1378
L07584	1	-46,6320328	-23,6429320	2322	0,0431	0,7353	3693	2812	881
L07694	1	-46,4971517	-23,4840369	2951	0,0339	0,7353	4712	3627	1085
L07723	1	-46,7155090	-23,4737413	2363	0,0423	0,7353	4249	3098	1151
L07756	1	-46,7617923	-23,6408234	4236	0,0236	0,7353	7697	5404	2293
L08237	1	-46,5212577	-23,5434956	2878	0,0347	0,7353	5496	3656	1840
L08245	1	-46,4984607	-23,5625811	3684	0,0271	0,7353	6646	4873	1773
L08247	1	-46,4906529	-23,5403308	4098	0,0244	0,7353	7785	5311	2474
L08284	1	-46,5527913	-23,5614550	3182	0,0314	0,7353	5966	3914	2052
L08286	1	-46,5228208	-23,5778668	2051	0,0488	0,7353	3585	2631	954
L08334	1	-46,5237361	-23,5957342	4037	0,0248	0,7353	7533	5184	2349
L08337	1	-46,5124860	-23,5891800	2899	0,0345	0,7353	5040	3740	1300
L08358	1	-46,6595184	-23,6732345	3334	0,03	0,7353	6265	4353	1912
L08359	1	-46,6440225	-23,6904889	4358	0,0229	0,7353	8287	5678	2609
L08368	1	-46,6511485	-23,6760229	3448	0,029	0,7353	6243	4435	1808
L08402	2	-46,3759431	-23,5147403	1122	0,1783	1,4706	1980	1519	461
L08404	1	-46,3922999	-23,4852473	2625	0,0381	0,7353	4589	3442	1147
L08428	1	-46,3882687	-23,5454378	2086	0,0479	0,7353	3720	2817	903
L08440	1	-46,4091642	-23,5275663	2973	0,0336	0,7353	5298	3892	1406
L08452	1	-46,4116268	-23,5278328	3591	0,0278	0,7353	6073	4598	1475
L08847	2	-46,7045504	-23,7542184	5925	0,0338	1,4706	10150	7592	2558
L08888	1	-46,7449271	-23,6845334	3976	0,0252	0,7353	6506	4872	1634
L08900	1	-46,7459944	-23,6760859	3870	0,0258	0,7353	6211	4807	1404
L08904	1	-46,7658122	-23,6917667	2592	0,0386	0,7353	4485	3296	1189
L08934	1	-46,7701634	-23,7200619	4256	0,0235	0,7353	7146	5402	1744
L08972	1	-46,7892721	-23,6004866	3302	0,0303	0,7353	5905	4260	1645
L08983	1	-46,7950827	-23,6026719	3496	0,0286	0,7353	6021	4411	1610
L08984	2	-46,7484555	-23,5435228	2932	0,0682	1,4706	5430	3759	1671
L08987	1	-46,7591098	-23,5417165	2410	0,0415	0,7353	4045	2988	1057
L08990	1	-46,7660251	-23,5891918	3308	0,0302	0,7353	5815	4319	1496
L08994	1	-46,7816430	-23,5898970	4658	0,0215	0,7353	8134	5717	2417
L09048	1	-46,4688977	-23,6112514	1324	0,0755	0,7353	2334	1709	625
L09055	2	-46,4697272	-23,6168476	2373	0,0843	1,4706	4452	3100	1352
L09064	1	-46,4444469	-23,6341908	3618	0,0276	0,7353	6385	4760	1625
L09081	1	-46,4449590	-23,6045710	2945	0,034	0,7353	4772	3692	1080
L09085	2	-46,4719716	-23,6057020	3309	0,0604	1,4706	6370	4187	2183
L09092	1	-46,4703344	-23,6125189	2663	0,0376	0,7353	4922	3399	1523
L09102	1	-46,6877814	-23,4600022	3235	0,0309	0,7353	5834	4249	1585
L09110	1	-46,6932484	-23,4764397	3726	0,0268	0,7353	6985	4801	2184
L09113	1	-46,6882642	-23,4736711	3556	0,0281	0,7353	6282	4605	1677
L09336	1	-46,7167371	-23,7695068	4256	0,0235	0,7353	7217	5340	1877
L09368	1	-46,7095920	-23,7408252	1645	0,0608	0,7353	2849	2040	809
L09672	1	-46,8003760	-23,4445050	1855	0,0539	0,7353	3073	2396	677
L09770	1	-46,5081371	-23,5141476	2763	0,0362	0,7353	5024	3413	1611
L09778	1	-46,4794044	-23,5363588	791	0,1264	0,7353	1298	1003	295
L09927	1	-46,4105791	-23,5212702	3639	0,0275	0,7353	6418	4656	1762
L09933	1	-46,4324856	-23,4898223	2690	0,0372	0,7353	4807	3562	1245
L09956	1	-46,4586839	-23,5113158	2441	0,041	0,7353	4199	3148	1051
L09966	1	-46,4707463	-23,5183632	1412	0,0708	0,7353	2465	1865	600
L09973	1	-46,4696520	-23,5041190	2277	0,0439	0,7353	3842	2928	914
L10164	5	-46,4000259	-23,5999090	3063	0,1632	3,6765	5283	3824	1459
L10169	1	-46,4441227	-23,5965195	3830	0,0261	0,7353	6692	4988	1704
L10171	1	-46,3962457	-23,5991319	1706	0,0586	0,7353	2893	2180	713
L10175	2	-46,4239217	-23,6195549	2758	0,0725	1,4706	4547	3517	1030
L10176	1	-46,4272779	-23,6121140	2705	0,037	0,7353	4404	3473	931
L10177	1	-46,4190164	-23,6146521	2988	0,0335	0,7353	5509	4074	1435
L10178	1	-46,4094033	-23,5851215	3329	0,03	0,7353	5585	4174	1411
L10182	1	-46,4165108	-23,5924694	2887	0,0346	0,7353	4796	3618	1178
L10183	4	-46,3957789	-23,5915363	2543	0,1573	2,9412	4545	3320	1225
L10188	1	-46,4191310	-23,5953088	1697	0,0589	0,7353	2949	2195	754
L10191	1	-46,4081455	-23,5938557	2942	0,034	0,7353	4794	3605	1189
L10200	1	-46,4077080	-23,5934470	2037	0,0491	0,7353	3462	2558	904
L10204	2	-46,4437362	-23,5536130	3367	0,0594	1,4706	5872	4414	1458
L10210	2	-46,4355290	-23,5413160	4313	0,0464	1,4706	7351	5434	1917
L10211	1	-46,4410384	-23,5384069	4053	0,0247	0,7353	7309	5151	2158
L10215	1	-46,4375782	-23,5533997	2536	0,0394	0,7353	4483	3244	1239
L10219	2	-46,4216949	-23,5880443	2893	0,0691	1,4706	4936	3772	1164
L10323	1	-46,7448452	-23,6511623	3217	0,0311	0,7353	5549	3996	1553
L10331	1	-46,7579377	-23,6506764	1781	0,0561	0,7353	3012	2171	841
L10497	1	-46,6090050	-23,6525822	4417	0,0226	0,7353	7225	5438	1787
L10515	1	-46,5935567	-23,6451630	3108	0,0322	0,7353	5258	3966	1292
L10519	1	-46,6097555	-23,6534809	406	0,2463	0,7353	614	485	129
L10614	3	-46,4765220	-23,5538502	1616	0,1856	2,2059	2992	2135	857
L10621	1	-46,4798018	-23,5438419	3988	0,0251	0,7353	7410	5062	2348
L10623	1	-46,4610673	-23,5638539	2685	0,0372	0,7353	4646	3537	1109
L10648	1	-46,6336174	-23,7033308	3476	0,0288	0,7353	6288	4717	1571
L10717	2	-46,5630814	-23,4738195	2767	0,0723	1,4706	5120	3441	1679
L10742	1	-46,4935076	-23,6091331	3091	0,0324	0,7353	5399	3979	1420
L10744	1	-46,5101702	-23,6058819	5877	0,017	0,7353	10885	7744	3141
L10755	1	-46,5095210	-23,5996670	3646	0,0274	0,7353	6483	4687	1796
L10759	1	-46,5020070	-23,6161748	3261	0,0307	0,7353	6105	4125	1980
L10787	2	-46,6597938	-23,4579944	3590	0,0557	1,4706	6710	4563	2147
L10788	1	-46,6521748	-23,4881391	2843	0,0352	0,7353	5381	3583	1798
