cod_local	QT_VOTOS	longitude	latitude	LOC_VALID	%_LOC_V	%_CAND	QT_APTOS	QT_COMPARECIMENTO	QT_ABSTENCOES
L00005	2	-46,6603762	-23,5406137	4082	0,049	0,0712	8248	4503	3745
L00006	3	-46,6471893	-23,5496488	4359	0,0688	0,1068	8358	5061	3297
L00007	1	-46,6432717	-23,5529543	1958	0,0511	0,0356	3791	2317	1474
L00008	2	-46,6464095	-23,5560819	3643	0,0549	0,0712	6983	4278	2705
L00010	2	-46,6355899	-23,5623979	2996	0,0668	0,0712	5666	3638	2028
L00011	1	-46,6535747	-23,5498948	3808	0,0263	0,0356	7072	4407	2665
L00012	1	-46,6461964	-23,5700830	3252	0,0308	0,0356	6283	3656	2627
L00013	1	-46,6421456	-23,5572933	2899	0,0345	0,0356	5416	3426	1990
L00014	3	-46,6289218	-23,5548030	2700	0,1111	0,1068	5182	3459	1723
L00015	1	-46,6368132	-23,5574886	3591	0,0278	0,0356	7151	4273	2878
L00016	1	-46,6361305	-23,5497845	2669	0,0375	0,0356	5297	3132	2165
L00018	1	-46,6419109	-23,5592168	3389	0,0295	0,0356	7001	3906	3095
L00019	1	-46,6376429	-23,5607300	2664	0,0375	0,0356	5259	3125	2134
L00020	1	-46,6376429	-23,5607300	2293	0,0436	0,0356	5052	2698	2354
L00022	3	-46,6521240	-23,5458002	10350	0,029	0,1068	18525	11583	6942
L00024	1	-46,6497533	-23,5485991	1896	0,0527	0,0356	3234	2130	1104
L00027	3	-46,6368084	-23,5498480	2635	0,1139	0,1068	5430	3072	2358
L00034	1	-46,6605264	-23,5415277	5254	0,019	0,0356	7993	5767	2226
L00037	2	-46,6566164	-23,5307137	3471	0,0576	0,0712	6463	3952	2511
L00039	1	-46,6663954	-23,5361229	5419	0,0185	0,0356	8062	5901	2161
L00044	1	-46,6566305	-23,5207777	1534	0,0652	0,0356	2722	1815	907
L00046	3	-46,6555734	-23,5283610	2335	0,1285	0,1068	4656	2795	1861
L00049	3	-46,6806583	-23,5307166	4578	0,0655	0,1068	8065	5186	2879
L00050	1	-46,6531096	-23,5391595	3449	0,029	0,0356	6577	4007	2570
L00051	4	-46,6946005	-23,5421890	3052	0,1311	0,1423	5602	3572	2030
L00052	2	-46,6832663	-23,5289919	4888	0,0409	0,0712	8677	5629	3048
L00053	2	-46,6630845	-23,5450242	5945	0,0336	0,0712	9970	6457	3513
L00055	3	-46,6566164	-23,5307137	5271	0,0569	0,1068	9323	6035	3288
L00057	2	-46,6510689	-23,5302066	2410	0,083	0,0712	4093	2814	1279
L00058	2	-46,6432297	-23,5320752	3161	0,0633	0,0712	6470	3731	2739
L00060	2	-46,6711550	-23,5381000	10857	0,0184	0,0712	17946	11853	6093
L00061	1	-46,6666956	-23,5298372	3408	0,0293	0,0356	6305	3946	2359
L00062	1	-46,6375237	-23,5287430	2256	0,0443	0,0356	4421	2765	1656
L00063	1	-46,6343483	-23,5436627	2624	0,0381	0,0356	5154	3085	2069
L00064	2	-46,6278434	-23,5475185	2980	0,0671	0,0712	5641	3584	2057
L00066	1	-46,6126881	-23,5372312	2446	0,0409	0,0356	4500	2909	1591
L00068	1	-46,6432775	-23,5262231	2815	0,0355	0,0356	5403	3409	1994
L00070	2	-46,6134834	-23,5400667	2964	0,0675	0,0712	5594	3588	2006
L00072	2	-46,6208174	-23,5236456	705	0,2837	0,0712	1424	855	569
L00073	2	-46,6217056	-23,5381881	1287	0,1554	0,0712	2708	1593	1115
L00074	3	-46,6370866	-23,5384772	2847	0,1054	0,1068	6133	3437	2696
L00075	5	-46,6325856	-23,5295792	4103	0,1219	0,1779	8045	4955	3090
L00077	2	-46,6228821	-23,5238878	3089	0,0647	0,0712	5985	3756	2229
L00082	1	-46,5746890	-23,5568730	2818	0,0355	0,0356	4581	3379	1202
L00083	1	-46,5997287	-23,5410220	3324	0,0301	0,0356	6501	4011	2490
L00084	3	-46,5895134	-23,5593568	5301	0,0566	0,1068	8807	6387	2420
L00085	6	-46,5978907	-23,5552089	4372	0,1372	0,2135	8050	5269	2781
L00086	6	-46,6000356	-23,5353560	2856	0,2101	0,2135	5171	3468	1703
L00087	1	-46,5842762	-23,5514675	2993	0,0334	0,0356	5617	3662	1955
L00088	1	-46,6217269	-23,5533444	1019	0,0981	0,0356	1932	1238	694
L00089	3	-46,5902871	-23,5470008	2261	0,1327	0,1068	4286	2820	1466
L00090	1	-46,5652413	-23,5675233	2503	0,04	0,0356	4461	3203	1258
L00092	3	-46,5828225	-23,5542479	3888	0,0772	0,1068	7164	4714	2450
L00094	1	-46,6214361	-23,5534993	2393	0,0418	0,0356	4753	2932	1821
L00096	2	-46,5697601	-23,5636527	4049	0,0494	0,0712	7290	5070	2220
L00097	3	-46,5595868	-23,5719075	2559	0,1172	0,1068	4560	3187	1373
L00099	3	-46,5683158	-23,5701115	2161	0,1388	0,1068	3989	2770	1219
L00100	3	-46,5637915	-23,5715671	2872	0,1045	0,1068	5130	3619	1511
L00101	3	-46,5902071	-23,5606910	4284	0,07	0,1068	7988	5172	2816
L00102	3	-46,5979424	-23,5532296	4622	0,0649	0,1068	8563	5548	3015
L00103	4	-46,5812316	-23,5700009	4342	0,0921	0,1423	7905	5265	2640
L00106	2	-46,5939719	-23,5375195	4328	0,0462	0,0712	6924	5149	1775
L00107	1	-46,6116378	-23,5511180	2148	0,0466	0,0356	4565	2585	1980
L00108	3	-46,5976041	-23,5519593	6779	0,0443	0,1068	11883	7994	3889
L00109	2	-46,6685837	-23,5678112	2042	0,0979	0,0712	3574	2207	1367
L00113	3	-46,6642690	-23,5638420	4708	0,0637	0,1068	8733	5175	3558
L00115	1	-46,6759394	-23,5867575	1860	0,0538	0,0356	3357	2042	1315
L00116	4	-46,6726051	-23,5816669	2385	0,1677	0,1423	4109	2634	1475
L00118	1	-46,6768341	-23,5885769	2860	0,035	0,0356	5240	3249	1991
L00119	2	-46,6851323	-23,5877136	2254	0,0887	0,0712	3851	2471	1380
L00120	1	-46,6758302	-23,6004582	2006	0,0499	0,0356	3761	2276	1485
L00122	1	-46,6734804	-23,5826449	2473	0,0404	0,0356	4205	2672	1533
L00124	1	-46,6605835	-23,5566944	5697	0,0176	0,0356	10701	6297	4404
L00125	3	-46,6822891	-23,5834680	4924	0,0609	0,1068	9066	5408	3658
L00126	1	-46,6724723	-23,5954720	3916	0,0255	0,0356	6669	4338	2331
L00127	5	-46,6605835	-23,5566944	6318	0,0791	0,1779	11459	6999	4460
L00130	2	-46,6437100	-23,5775691	2213	0,0904	0,0712	3690	2443	1247
L00131	2	-46,6442337	-23,5847251	4116	0,0486	0,0712	7035	4617	2418
L00132	1	-46,6416210	-23,5785510	4598	0,0217	0,0356	7651	5166	2485
L00133	2	-46,6320497	-23,5811282	2750	0,0727	0,0712	4986	3131	1855
L00134	1	-46,6358455	-23,5895447	4856	0,0206	0,0356	8425	5454	2971
L00136	1	-46,6234512	-23,5608329	4167	0,024	0,0356	7421	4897	2524
L00141	2	-46,6308086	-23,5650323	5144	0,0389	0,0712	9743	6059	3684
L00142	1	-46,6119113	-23,5742236	2504	0,0399	0,0356	4454	2944	1510
L00144	2	-46,6356180	-23,5786976	2260	0,0885	0,0712	3961	2589	1372
L00145	1	-46,6350220	-23,5881065	3012	0,0332	0,0356	5263	3410	1853
L00146	1	-46,6223857	-23,5681693	2480	0,0403	0,0356	4585	2913	1672
L00148	1	-46,6273889	-23,5872670	4439	0,0225	0,0356	7836	5122	2714
L00149	1	-46,6300092	-23,5766639	1599	0,0625	0,0356	2985	1875	1110
L00150	2	-46,6299014	-23,5758099	4050	0,0494	0,0712	6863	4657	2206
L00152	1	-46,6459660	-23,5746810	3017	0,0331	0,0356	4888	3361	1527
L00153	1	-46,6399206	-23,5899717	4323	0,0231	0,0356	6624	4826	1798
L00154	1	-46,6235069	-23,5745404	4329	0,0231	0,0356	7193	5134	2059
L00156	2	-46,6397771	-23,5727404	4608	0,0434	0,0712	8784	5242	3542
L00526	1	-46,7757878	-23,6743707	289	0,346	0,0356	472	351	121
L00528	2	-46,7937390	-23,6862114	4929	0,0406	0,0712	8528	6298	2230
L00531	2	-46,7890987	-23,6951667	263	0,7605	0,0712	443	336	107
L00533	4	-46,7766842	-23,6810185	3832	0,1044	0,1423	6561	4847	1714
L00535	1	-46,7885429	-23,6654381	2164	0,0462	0,0356	3718	2707	1011
L00536	3	-46,7920187	-23,6867819	3212	0,0934	0,1068	5561	4120	1441
L00537	6	-46,7846410	-23,6975287	3599	0,1667	0,2135	6096	4448	1648
L00539	1	-46,7886237	-23,6861459	4146	0,0241	0,0356	7243	5328	1915
L00541	3	-46,7778780	-23,6885051	4697	0,0639	0,1068	8374	5781	2593
L00542	2	-46,7901616	-23,6750896	3768	0,0531	0,0712	6810	4643	2167
L00543	3	-46,7810676	-23,6817954	3950	0,0759	0,1068	6766	5016	1750
L00544	3	-46,7734160	-23,6802425	3538	0,0848	0,1068	6419	4341	2078
L00545	3	-46,7766899	-23,6802567	3771	0,0796	0,1068	6802	4728	2074
L00546	2	-46,7853039	-23,6768377	3484	0,0574	0,0712	6085	4510	1575
L00547	3	-46,7885429	-23,6654381	4193	0,0715	0,1068	7471	5355	2116
L00549	2	-46,7905836	-23,6983913	3552	0,0563	0,0712	6142	4535	1607
L00551	4	-46,7827546	-23,6998617	2755	0,1452	0,1423	4627	3392	1235
L00553	3	-46,7839538	-23,6721527	1679	0,1787	0,1068	2758	2071	687
L00554	1	-46,7932547	-23,6670602	2548	0,0392	0,0356	4491	3254	1237
L00555	2	-46,7999759	-23,6870539	3475	0,0576	0,0712	6174	4460	1714
L00556	3	-46,7765383	-23,6680796	2361	0,1271	0,1068	3983	2908	1075
L00557	2	-46,7925723	-23,6791753	147	1,3605	0,0712	271	200	71
L00560	3	-46,7971617	-23,6783864	2752	0,109	0,1068	4757	3583	1174
L00561	4	-46,7797991	-23,6713610	3438	0,1163	0,1423	6027	4213	1814
L05530	1	-46,7007739	-23,6497088	5044	0,0198	0,0356	8236	5638	2598
L05532	1	-46,7034029	-23,6447800	2886	0,0347	0,0356	4752	3201	1551
L05533	1	-46,7012118	-23,6454413	2673	0,0374	0,0356	4610	2961	1649
L05536	1	-46,6821350	-23,6631782	5321	0,0188	0,0356	8921	6173	2748
L05537	1	-46,6842291	-23,6383685	2076	0,0482	0,0356	2987	2240	747
L05541	4	-46,7153680	-23,6417200	3773	0,106	0,1423	6610	4390	2220
L05542	2	-46,7071520	-23,6499060	3093	0,0647	0,0712	5733	3640	2093
L05545	1	-46,6998999	-23,6559182	2564	0,039	0,0356	3946	2911	1035
L05549	2	-46,7057350	-23,6332760	4550	0,044	0,0712	7718	5073	2645
L05550	1	-46,6945706	-23,6304883	5120	0,0195	0,0356	8978	5840	3138
L05552	2	-46,4488381	-23,4906612	2090	0,0957	0,0712	3620	2620	1000
L05553	2	-46,4351534	-23,5022679	3506	0,057	0,0712	6236	4381	1855
L05556	3	-46,4403512	-23,4942325	2553	0,1175	0,1068	4433	3067	1366
L05557	3	-46,4452179	-23,4993366	2352	0,1276	0,1068	3986	2897	1089
L05558	2	-46,4234630	-23,5085168	3758	0,0532	0,0712	6529	4735	1794
L05559	1	-46,4198222	-23,5098866	1943	0,0515	0,0356	3330	2529	801
L05560	1	-46,4200805	-23,5177469	783	0,1277	0,0356	1422	1053	369
L05561	1	-46,4389924	-23,5145862	3097	0,0323	0,0356	5489	4147	1342
L05562	1	-46,4459517	-23,5057536	2705	0,037	0,0356	4642	3367	1275
L05563	3	-46,4331534	-23,4945484	2753	0,109	0,1068	4924	3393	1531
L05564	1	-46,4259779	-23,5162635	4083	0,0245	0,0356	6687	5009	1678
L05565	3	-46,4195668	-23,5172129	2191	0,1369	0,1068	3749	2826	923
L05566	1	-46,4352447	-23,5020281	2851	0,0351	0,0356	4735	3521	1214
L05567	1	-46,4215117	-23,5013996	3622	0,0276	0,0356	6083	4594	1489
L05568	2	-46,4300003	-23,4998815	2971	0,0673	0,0712	5227	3654	1573
L05569	2	-46,4407439	-23,4944067	1547	0,1293	0,0712	2737	1890	847
L05570	7	-46,4345329	-23,5094734	3688	0,1898	0,2491	6309	4565	1744
L05571	5	-46,4218866	-23,5204965	2679	0,1866	0,1779	4440	3324	1116
L05572	3	-46,4193422	-23,5228558	2139	0,1403	0,1068	3993	2664	1329
L05573	2	-46,4192720	-23,4963124	2328	0,0859	0,0712	4347	2982	1365
L05577	1	-46,4390699	-23,4987794	622	0,1608	0,0356	1101	766	335
L05578	3	-46,4526050	-23,5387875	2564	0,117	0,1068	4882	3187	1695
L05579	2	-46,4415141	-23,5227656	2072	0,0965	0,0712	3867	2846	1021
L05580	6	-46,4367093	-23,5286893	3428	0,175	0,2135	6257	4314	1943
L05581	4	-46,4522081	-23,5171617	3935	0,1017	0,1423	6924	5015	1909
L05583	4	-46,4325849	-23,5321585	3488	0,1147	0,1423	6128	4395	1733
L05584	2	-46,4623208	-23,5289299	3239	0,0617	0,0712	5568	4191	1377
L05585	2	-46,4451845	-23,5472188	2365	0,0846	0,0712	4123	3094	1029
L05586	3	-46,4459252	-23,5256810	2399	0,1251	0,1068	4163	3117	1046
L05587	3	-46,4443497	-23,5387667	3161	0,0949	0,1068	5471	4127	1344
L05588	1	-46,4326641	-23,5174330	2595	0,0385	0,0356	4297	3303	994
L05590	1	-46,4560761	-23,5496358	3285	0,0304	0,0356	6239	4284	1955
L05591	4	-46,4544144	-23,5410443	3621	0,1105	0,1423	6839	4640	2199
L05592	1	-46,4528483	-23,5265608	3373	0,0296	0,0356	6254	4448	1806
L05593	5	-46,4528982	-23,5182408	3494	0,1431	0,1779	6309	4695	1614
L05594	1	-46,4618318	-23,5393802	2228	0,0449	0,0356	3850	2859	991
L05596	1	-46,4536228	-23,5552304	3671	0,0272	0,0356	6672	4852	1820
L05597	2	-46,4601240	-23,5260232	3143	0,0636	0,0712	5422	4051	1371
L05598	2	-46,4625526	-23,5168760	2035	0,0983	0,0712	3550	2651	899
L05599	3	-46,4443340	-23,5321000	3793	0,0791	0,1068	6860	4712	2148
L05600	1	-46,4589975	-23,5302914	3067	0,0326	0,0356	5494	3916	1578
L05601	2	-46,4359061	-23,5226454	2327	0,0859	0,0712	4159	3108	1051
L05602	4	-46,4402958	-23,5148095	3394	0,1179	0,1423	6298	4377	1921
L05603	5	-46,4430227	-23,5314831	2610	0,1916	0,1779	4621	3404	1217
L05605	2	-46,4587342	-23,5292643	947	0,2112	0,0712	1607	1196	411
L05606	1	-46,4338955	-23,5321290	491	0,2037	0,0356	859	653	206
L05608	1	-46,4565300	-23,5399000	1319	0,0758	0,0356	2270	1658	612
L05610	2	-46,4554689	-23,5282555	6146	0,0325	0,0712	10609	7693	2916
L05611	1	-46,6300964	-23,5033502	2831	0,0353	0,0356	4847	3284	1563
L05616	1	-46,6281182	-23,4912871	3378	0,0296	0,0356	5313	3930	1383
L05617	1	-46,6180480	-23,4923992	3331	0,03	0,0356	5427	3880	1547
L05621	3	-46,6332236	-23,4899666	5271	0,0569	0,1068	8744	6129	2615
L05624	3	-46,6161131	-23,5004170	2563	0,1171	0,1068	4896	3055	1841
L05625	2	-46,6261164	-23,4898514	2978	0,0672	0,0712	5488	3556	1932
L05627	1	-46,6249697	-23,5016655	1535	0,0651	0,0356	3087	1826	1261
L05629	3	-46,6242804	-23,4770119	2556	0,1174	0,1068	4643	3161	1482
L05631	1	-46,6446670	-23,4910726	1627	0,0615	0,0356	3161	2027	1134
L05633	1	-46,6227676	-23,4899879	1740	0,0575	0,0356	3090	2057	1033
L05637	2	-46,6267268	-23,5135649	1530	0,1307	0,0712	2947	1815	1132
L05644	1	-46,7293968	-23,5276493	3559	0,0281	0,0356	5915	4024	1891
L05645	2	-46,7037676	-23,5217140	2362	0,0847	0,0712	4257	2725	1532
L05646	3	-46,7000457	-23,5224777	2592	0,1157	0,1068	4343	2970	1373
L05647	1	-46,7273840	-23,5310160	1602	0,0624	0,0356	2410	1810	600
L05649	4	-46,7178181	-23,5361638	1874	0,2134	0,1423	2784	2102	682
L05650	1	-46,7098479	-23,5204991	2248	0,0445	0,0356	3855	2539	1316
L05651	1	-46,7004969	-23,5385244	1604	0,0623	0,0356	2858	1850	1008
L05655	1	-46,7387000	-23,5030740	1453	0,0688	0,0356	2267	1763	504
L05656	2	-46,7433720	-23,4969505	2765	0,0723	0,0712	4919	3437	1482
L05657	4	-46,6883851	-23,5246954	2280	0,1754	0,1423	3964	2619	1345
L05659	7	-46,7518718	-23,5135808	2141	0,327	0,2491	4040	2770	1270
L05660	1	-46,7231084	-23,5262770	2294	0,0436	0,0356	3992	2673	1319
L05661	1	-46,7443554	-23,5048937	2325	0,043	0,0356	4192	2863	1329
L05662	1	-46,7545011	-23,5097174	1694	0,059	0,0356	3337	2259	1078
L05665	1	-46,7497146	-23,5121473	1089	0,0918	0,0356	1945	1334	611
L05667	2	-46,6875289	-23,5240849	2857	0,07	0,0712	4734	3347	1387
L05671	1	-46,7382418	-23,4999018	2364	0,0423	0,0356	4244	2840	1404
L05673	3	-46,7244140	-23,5363009	2278	0,1317	0,1068	4168	2682	1486
L05676	1	-46,7424159	-23,5202320	790	0,1266	0,0356	1426	991	435
L05677	1	-46,7468784	-23,5137529	2151	0,0465	0,0356	3753	2602	1151
L05678	2	-46,7498669	-23,4969079	2593	0,0771	0,0712	4758	3251	1507
L05679	1	-46,7572703	-23,5028236	2080	0,0481	0,0356	3534	2609	925
L05680	1	-46,7126480	-23,5305875	978	0,1022	0,0356	1592	1112	480
L05685	1	-46,7053660	-23,5158470	812	0,1232	0,0356	1357	974	383
L05687	1	-46,7293085	-23,5091600	847	0,1181	0,0356	1262	988	274
L05688	2	-46,7278581	-23,5209253	3285	0,0609	0,0712	5542	3799	1743
L05692	1	-46,7342495	-23,5279924	4939	0,0202	0,0356	7451	5535	1916
L05693	2	-46,6769917	-23,5570934	4108	0,0487	0,0712	6768	4547	2221
L05696	1	-46,6826600	-23,5737124	2813	0,0355	0,0356	4397	3021	1376
L05702	1	-46,7020044	-23,5462734	1456	0,0687	0,0356	1995	1533	462
L05705	2	-46,6896585	-23,5656255	3181	0,0629	0,0712	5968	3546	2422
L05706	1	-46,6827388	-23,5501422	2508	0,0399	0,0356	4043	2732	1311
L05712	1	-46,6912249	-23,5538578	1310	0,0763	0,0356	1948	1434	514
L05714	1	-46,6896585	-23,5656255	1173	0,0853	0,0356	1972	1294	678
L05716	1	-46,6975056	-23,5623803	2545	0,0393	0,0356	4027	2825	1202
L05717	1	-46,6818722	-23,5560723	2822	0,0354	0,0356	4697	3062	1635
L05722	2	-46,5000225	-23,5253888	2828	0,0707	0,0712	4665	3627	1038
L05723	3	-46,5331739	-23,5220975	2306	0,1301	0,1068	3823	2837	986
L05724	2	-46,5270161	-23,5293151	2599	0,077	0,0712	4443	3201	1242
L05725	2	-46,5417930	-23,5164577	1220	0,1639	0,0712	2066	1547	519
L05726	1	-46,4882070	-23,5327782	863	0,1159	0,0356	1543	1100	443
L05729	4	-46,5386362	-23,5224127	3595	0,1113	0,1423	7112	4601	2511
L05730	1	-46,5498247	-23,5164939	1446	0,0692	0,0356	2917	1826	1091
L05731	3	-46,5285678	-23,5250739	3128	0,0959	0,1068	5872	3858	2014
L05734	1	-46,5478984	-23,5284411	2172	0,046	0,0356	4014	2746	1268
L05735	2	-46,4932640	-23,5309670	2238	0,0894	0,0712	4145	2862	1283
L05736	2	-46,5179226	-23,5228086	3663	0,0546	0,0712	6711	4640	2071
L05737	3	-46,4989941	-23,5275262	2079	0,1443	0,1068	3862	2632	1230
L05738	4	-46,5333555	-23,5182551	2464	0,1623	0,1423	4343	3015	1328
L05739	2	-46,4991515	-23,5296706	3000	0,0667	0,0712	5527	3909	1618
L05740	7	-46,5095310	-23,5250203	3929	0,1782	0,2491	7326	4889	2437
L05741	2	-46,5356236	-23,5299143	915	0,2186	0,0712	1501	1148	353
L05742	1	-46,5211173	-23,5214041	2853	0,0351	0,0356	5266	3603	1663
L05743	2	-46,5487021	-23,5239078	1983	0,1009	0,0712	3819	2477	1342
L05745	1	-46,5393250	-23,5309129	2457	0,0407	0,0356	4417	3008	1409
L05747	2	-46,5214246	-23,5293125	1229	0,1627	0,0712	2257	1504	753
L05748	2	-46,5402474	-23,5261748	1467	0,1363	0,0712	2351	1835	516
L05751	2	-46,5757522	-23,5380963	4097	0,0488	0,0712	6495	4845	1650
L05752	5	-46,5494401	-23,5441268	4128	0,1211	0,1779	7403	5019	2384
L05754	2	-46,5702535	-23,5486528	3035	0,0659	0,0712	4571	3526	1045
L05755	2	-46,5179584	-23,5638358	3205	0,0624	0,0712	5295	4046	1249
L05758	1	-46,5162500	-23,5737164	2339	0,0428	0,0356	3728	2933	795
L05760	2	-46,4984532	-23,5847269	4733	0,0423	0,0712	8851	6109	2742
L05762	3	-46,5116367	-23,5763889	1262	0,2377	0,1068	2597	1618	979
L05764	1	-46,5738227	-23,5337115	1764	0,0567	0,0356	3163	2131	1032
L05766	1	-46,5138214	-23,5842903	1916	0,0522	0,0356	3190	2507	683
L05767	2	-46,5144520	-23,5672180	1865	0,1072	0,0712	3112	2401	711
L05768	3	-46,5794166	-23,5383741	2522	0,119	0,1068	4651	2995	1656
L05770	3	-46,5075141	-23,5806329	2164	0,1386	0,1068	3900	2720	1180
L05771	1	-46,5727024	-23,5507422	2617	0,0382	0,0356	4908	3111	1797
L05772	1	-46,5679267	-23,5325642	2271	0,044	0,0356	4284	2700	1584
L05773	1	-46,5660691	-23,5558508	2623	0,0381	0,0356	4486	3058	1428
L05774	2	-46,5225365	-23,5551065	2202	0,0908	0,0712	4174	2786	1388
L05776	1	-46,5726461	-23,5512878	2634	0,038	0,0356	4333	3190	1143
L05779	1	-46,5006634	-23,5840738	2450	0,0408	0,0356	4426	3133	1293
L05780	3	-46,5072844	-23,5706991	5535	0,0542	0,1068	10333	6962	3371
L05781	1	-46,5589094	-23,5412357	2005	0,0499	0,0356	3920	2483	1437
L05782	1	-46,5454070	-23,5485123	1497	0,0668	0,0356	2866	1877	989
L05783	1	-46,5747550	-23,5436990	1751	0,0571	0,0356	2933	2099	834
L05784	1	-46,5810636	-23,5390713	1123	0,089	0,0356	1806	1332	474
L05785	1	-46,4982329	-23,5898352	2069	0,0483	0,0356	3681	2817	864
L05788	1	-46,5170255	-23,5575103	1578	0,0634	0,0356	3137	1967	1170
L05789	1	-46,5161156	-23,5584076	585	0,1709	0,0356	915	734	181
L05792	1	-46,5620492	-23,5418287	1124	0,089	0,0356	1793	1351	442
L05793	4	-46,5257140	-23,5554119	2865	0,1396	0,1423	5360	3578	1782
L05794	1	-46,5433831	-23,5503063	4135	0,0242	0,0356	6973	5037	1936
L05796	1	-46,5581932	-23,5503944	4508	0,0222	0,0356	6964	5342	1622
L05797	8	-46,5602785	-23,5363132	5811	0,1377	0,2847	9848	6857	2991
L05800	3	-46,6048519	-23,5043234	2579	0,1163	0,1068	4629	3241	1388
L05801	1	-46,5968739	-23,5084251	2820	0,0355	0,0356	5313	3529	1784
L05802	3	-46,6013419	-23,5076564	3312	0,0906	0,1068	6027	4063	1964
L05803	1	-46,6028988	-23,4934538	1298	0,077	0,0356	2472	1632	840
L05806	3	-46,5685781	-23,5119963	4184	0,0717	0,1068	7823	5387	2436
L05807	2	-46,5779360	-23,5053673	3549	0,0564	0,0712	6465	4410	2055
L05808	2	-46,5892786	-23,5184715	2964	0,0675	0,0712	5799	3706	2093
L05809	1	-46,5863582	-23,5062229	1595	0,0627	0,0356	2902	1932	970
L05810	3	-46,5928674	-23,5005803	3037	0,0988	0,1068	5514	3674	1840
L05811	3	-46,5847966	-23,5140241	2439	0,123	0,1068	4518	2999	1519
L05812	2	-46,5733059	-23,5126116	2290	0,0873	0,0712	4034	2934	1100
L05813	1	-46,6060326	-23,5005742	1776	0,0563	0,0356	3262	2171	1091
L05814	4	-46,6049224	-23,5160697	1794	0,223	0,1423	3377	2233	1144
L05815	1	-46,5904721	-23,5159874	2393	0,0418	0,0356	4362	2917	1445
L05816	2	-46,5824545	-23,5151915	4574	0,0437	0,0712	8444	5563	2881
L05819	2	-46,5825547	-23,5256742	2853	0,0701	0,0712	5154	3537	1617
L05820	4	-46,5663467	-23,5211065	3363	0,1189	0,1423	6296	4358	1938
L05821	1	-46,5830638	-23,5000382	2451	0,0408	0,0356	4154	2865	1289
L05822	1	-46,5755961	-23,5193541	2191	0,0456	0,0356	3907	2794	1113
L05823	1	-46,5847505	-23,5062429	2469	0,0405	0,0356	4405	3039	1366
L05827	2	-46,5981117	-23,5026572	948	0,211	0,0712	1582	1178	404
L05828	3	-46,6007196	-23,5005481	2697	0,1112	0,1068	4882	3315	1567
L05829	1	-46,5663292	-23,5217030	842	0,1188	0,0356	1438	1097	341
L05830	1	-46,5830638	-23,5000382	567	0,1764	0,0356	1125	688	437
L05834	2	-46,5964032	-23,5194682	1589	0,1259	0,0712	2795	1963	832
L05838	3	-46,5930563	-23,5195686	3761	0,0798	0,1068	6624	4656	1968
L05841	1	-46,6618639	-23,5067043	2520	0,0397	0,0356	4281	2973	1308
L05842	3	-46,6566659	-23,5007326	1397	0,2147	0,1068	2475	1764	711
L05844	3	-46,6552440	-23,4837840	4064	0,0738	0,1068	6975	5136	1839
L05845	1	-46,6748489	-23,4996347	2821	0,0354	0,0356	4345	3361	984
L05846	2	-46,6811823	-23,4913790	3097	0,0646	0,0712	5454	4068	1386
L05847	5	-46,6551176	-23,4983123	3654	0,1368	0,1779	6457	4489	1968
L05848	4	-46,6506305	-23,5026837	3720	0,1075	0,1423	6771	4492	2279
L05849	9	-46,6657859	-23,4885740	3928	0,2291	0,3203	7229	4920	2309
L05851	2	-46,6632938	-23,5087770	4242	0,0471	0,0712	7237	4966	2271
L05852	1	-46,6754529	-23,4902989	2604	0,0384	0,0356	4917	3236	1681
L05853	1	-46,6576552	-23,4676225	2016	0,0496	0,0356	3658	2494	1164
L05854	4	-46,6559225	-23,4706050	3589	0,1115	0,1423	6533	4491	2042
L05855	2	-46,6512743	-23,4915758	3689	0,0542	0,0712	6598	4579	2019
L05856	1	-46,6576980	-23,5105636	3626	0,0276	0,0356	6816	4472	2344
L05857	7	-46,6610100	-23,4937600	3204	0,2185	0,2491	6028	4077	1951
L05858	1	-46,6602290	-23,5040336	1694	0,059	0,0356	3175	2048	1127
L05859	1	-46,6755514	-23,4980697	2950	0,0339	0,0356	5525	3700	1825
L05860	2	-46,6806536	-23,4985927	2933	0,0682	0,0712	5335	3608	1727
L05862	2	-46,6805862	-23,5028507	5531	0,0362	0,0712	9763	6800	2963
L05863	7	-46,6642085	-23,4767719	3809	0,1838	0,2491	7192	4768	2424
L05864	1	-46,6729030	-23,5109220	2299	0,0435	0,0356	4247	2858	1389
L05866	1	-46,6545707	-23,4916062	2697	0,0371	0,0356	4880	3285	1595
L05867	2	-46,6611936	-23,4979397	2374	0,0842	0,0712	4516	2931	1585
L05868	2	-46,6710286	-23,4857719	2636	0,0759	0,0712	4932	3370	1562
L05870	3	-46,6722354	-23,4967228	2389	0,1256	0,1068	4246	3161	1085
L05871	2	-46,6689770	-23,4751050	1758	0,1138	0,0712	3076	2211	865
L05872	1	-46,6618430	-23,4656280	2879	0,0347	0,0356	4826	3497	1329
L05874	2	-46,6665068	-23,4702189	3203	0,0624	0,0712	5602	3899	1703
L05875	3	-46,6702128	-23,4900049	1711	0,1753	0,1068	3184	2157	1027
L05877	1	-46,6612422	-23,4986956	1596	0,0627	0,0356	2824	1983	841
L05881	3	-46,6182089	-23,4725956	2680	0,1119	0,1068	4271	3113	1158
L05884	2	-46,6024410	-23,4546385	2320	0,0862	0,0712	3954	2867	1087
L05885	2	-46,6064554	-23,4772146	3669	0,0545	0,0712	6325	4434	1891
L05886	4	-46,5974438	-23,4545847	4312	0,0928	0,1423	8140	5407	2733
L05887	1	-46,6220405	-23,4613396	2348	0,0426	0,0356	4444	2795	1649
L05888	4	-46,5855959	-23,4389881	3768	0,1062	0,1423	6719	4916	1803
L05889	2	-46,6306396	-23,4568482	2624	0,0762	0,0712	4737	3252	1485
L05890	3	-46,6048373	-23,4642332	3719	0,0807	0,1068	6880	4577	2303
L05891	2	-46,5884421	-23,4440711	2609	0,0767	0,0712	4730	3437	1293
L05893	1	-46,5880090	-23,4446471	973	0,1028	0,0356	1866	1339	527
L05894	1	-46,6064995	-23,4765109	1719	0,0582	0,0356	2945	2156	789
L05895	1	-46,5968505	-23,4651601	3059	0,0327	0,0356	5869	3863	2006
L05896	5	-46,6110245	-23,4484688	2156	0,2319	0,1779	3544	2609	935
L05897	5	-46,5851276	-23,4502408	3003	0,1665	0,1779	5429	3962	1467
L05898	1	-46,6085609	-23,4656759	1854	0,0539	0,0356	3105	2277	828
L05899	2	-46,6056454	-23,4658408	3170	0,0631	0,0712	5858	3789	2069
L05900	1	-46,5803132	-23,4357702	2733	0,0366	0,0356	5108	3666	1442
L05901	1	-46,6114391	-23,4769661	1848	0,0541	0,0356	3409	2201	1208
L05902	1	-46,5890824	-23,4546164	3266	0,0306	0,0356	5800	4185	1615
L05903	3	-46,5972378	-23,4563706	2628	0,1142	0,1068	4890	3280	1610
L05904	2	-46,6195870	-23,4540240	1890	0,1058	0,0712	3278	2265	1013
L05905	3	-46,5872324	-23,4196031	2830	0,106	0,1068	5422	3879	1543
L05906	2	-46,6048700	-23,4811680	2460	0,0813	0,0712	4808	3065	1743
L05907	1	-46,5829070	-23,4282440	1990	0,0503	0,0356	3589	2685	904
L05908	1	-46,5774727	-23,4379629	2559	0,0391	0,0356	4721	3325	1396
L05910	4	-46,6108766	-23,4549274	2539	0,1575	0,1423	4480	2999	1481
L05911	1	-46,5953507	-23,4480324	2669	0,0375	0,0356	4700	3478	1222
L05912	1	-46,6031271	-23,4684303	2532	0,0395	0,0356	4589	3126	1463
L05913	2	-46,6248203	-23,4576182	3097	0,0646	0,0712	5869	3776	2093
L05914	2	-46,6046269	-23,4577565	2417	0,0827	0,0712	4627	3016	1611
L05915	2	-46,6095277	-23,4493251	985	0,203	0,0712	1561	1165	396
L05916	1	-46,5772676	-23,4381432	1120	0,0893	0,0356	1985	1453	532
L05918	1	-46,6002385	-23,4553201	665	0,1504	0,0356	1114	830	284
L05919	2	-46,6120305	-23,4757531	1300	0,1538	0,0712	2166	1565	601
L05923	1	-46,5785504	-23,5815302	2493	0,0401	0,0356	3882	2983	899
L05924	3	-46,5604307	-23,5979220	3363	0,0892	0,1068	5863	4288	1575
L05926	1	-46,5852470	-23,5802350	4531	0,0221	0,0356	8206	5391	2815
L05927	2	-46,5596293	-23,5771217	1915	0,1044	0,0712	3103	2398	705
L05929	4	-46,5585843	-23,5972769	3198	0,1251	0,1423	6011	4129	1882
L05930	4	-46,5620004	-23,5788819	2521	0,1587	0,1423	4889	3094	1795
L05932	2	-46,5660422	-23,6040127	2344	0,0853	0,0712	4184	2990	1194
L05933	2	-46,5471739	-23,5927268	3403	0,0588	0,0712	6295	4294	2001
L05934	1	-46,5733889	-23,5841252	2885	0,0347	0,0356	5165	3545	1620
L05935	3	-46,5827588	-23,5877885	1764	0,1701	0,1068	3128	2148	980
L05936	1	-46,5703839	-23,5879450	1764	0,0567	0,0356	2906	2096	810
L05938	1	-46,5607547	-23,6059835	2674	0,0374	0,0356	5130	3444	1686
L05939	1	-46,5882111	-23,5851502	2486	0,0402	0,0356	4230	2908	1322
L05942	1	-46,5766081	-23,5796376	2512	0,0398	0,0356	4766	3082	1684
L05943	2	-46,5480300	-23,5998140	3286	0,0609	0,0712	5695	4099	1596
L05944	1	-46,5421787	-23,5921449	3003	0,0333	0,0356	5738	3791	1947
L05945	3	-46,5663969	-23,5940979	2754	0,1089	0,1068	5100	3435	1665
L05946	1	-46,5642049	-23,5759686	2719	0,0368	0,0356	4371	3343	1028
L05947	2	-46,5795917	-23,5926018	3241	0,0617	0,0712	5895	4000	1895
L05949	1	-46,5838544	-23,5814914	2972	0,0336	0,0356	5338	3529	1809
L05953	1	-46,5568681	-23,6075908	1986	0,0504	0,0356	3562	2523	1039
L05954	1	-46,5808524	-23,5927084	2296	0,0436	0,0356	3895	2825	1070
L05956	1	-46,5394300	-23,5959940	2022	0,0495	0,0356	3634	2528	1106
L05957	1	-46,5450386	-23,5985655	1975	0,0506	0,0356	3567	2479	1088
L05958	2	-46,5654838	-23,5972434	2924	0,0684	0,0712	5305	3683	1622
L05959	1	-46,5810310	-23,5900310	2339	0,0428	0,0356	4164	2855	1309
L05961	1	-46,5445942	-23,5990108	721	0,1387	0,0356	1219	923	296
L05964	1	-46,6783620	-23,6167251	2994	0,0334	0,0356	5082	3353	1729
L05965	2	-46,6619780	-23,6090200	3849	0,052	0,0712	6946	4334	2612
L05968	1	-46,6685076	-23,6131455	3538	0,0283	0,0356	6251	3963	2288
L05969	2	-46,6882980	-23,6116910	2974	0,0672	0,0712	5627	3387	2240
L05970	1	-46,6673187	-23,6261976	2521	0,0397	0,0356	4330	2895	1435
L05973	1	-46,6755086	-23,6206909	2385	0,0419	0,0356	3883	2648	1235
L05974	1	-46,6641427	-23,6002288	6184	0,0162	0,0356	10325	6924	3401
L05980	1	-46,6536700	-23,6386552	2086	0,0479	0,0356	3437	2526	911
L05981	5	-46,6812703	-23,6263887	3816	0,131	0,1779	6833	4360	2473
L05985	1	-46,6850791	-23,6183057	3742	0,0267	0,0356	6558	4258	2300
L05986	1	-46,6440222	-23,6209368	2009	0,0498	0,0356	3782	2326	1456
L05987	1	-46,6726843	-23,6097127	3510	0,0285	0,0356	5718	3982	1736
L05988	1	-46,6679674	-23,6420583	3208	0,0312	0,0356	5082	3709	1373
L05989	1	-46,6718044	-23,6208493	3539	0,0283	0,0356	6412	4051	2361
L05990	1	-46,6927807	-23,6165017	1477	0,0677	0,0356	2368	1722	646
L05992	2	-46,6629476	-23,6161029	1424	0,1404	0,0712	2755	1641	1114
L05994	1	-46,6880132	-23,6223740	4177	0,0239	0,0356	7394	4699	2695
L05996	2	-46,6390563	-23,5354119	3573	0,056	0,0712	6373	4095	2278
L05998	1	-46,6284912	-23,6138398	2408	0,0415	0,0356	3730	2799	931
L06001	1	-46,6367820	-23,6023840	4353	0,023	0,0356	7231	4917	2314
L06002	2	-46,6235160	-23,6123380	3568	0,0561	0,0712	6002	4132	1870
L06003	2	-46,6214935	-23,6221583	2425	0,0825	0,0712	3862	2803	1059
L06005	2	-46,6362090	-23,6170540	2367	0,0845	0,0712	3816	2777	1039
L06006	1	-46,6360133	-23,6258929	2395	0,0418	0,0356	4157	2791	1366
L06007	2	-46,6165982	-23,6041985	3954	0,0506	0,0712	7269	4693	2576
L06008	2	-46,6239491	-23,6061875	2084	0,096	0,0712	3561	2425	1136
L06009	1	-46,6344182	-23,5944514	2798	0,0357	0,0356	4833	3210	1623
L06011	1	-46,6255542	-23,6092089	2648	0,0378	0,0356	4891	3146	1745
L06012	1	-46,6319660	-23,6059990	2471	0,0405	0,0356	4092	2850	1242
L06017	2	-46,6348198	-23,6125399	2346	0,0853	0,0712	4142	2720	1422
L06019	1	-46,6449004	-23,6103211	2557	0,0391	0,0356	4643	2988	1655
L06020	1	-46,6201994	-23,6074833	1448	0,0691	0,0356	2183	1677	506
L06022	1	-46,6399802	-23,6207015	7560	0,0132	0,0356	11823	8719	3104
L06025	1	-46,6389693	-23,6190507	3888	0,0257	0,0356	6569	4406	2163
L06026	1	-46,6383254	-23,5955707	3315	0,0302	0,0356	5603	3692	1911
L06028	1	-46,6346346	-23,5975076	3131	0,0319	0,0356	4577	3510	1067
L06029	1	-46,6492868	-23,6040214	2036	0,0491	0,0356	3024	2307	717
L06030	1	-46,6079927	-23,5824240	1637	0,0611	0,0356	2785	1978	807
L06032	2	-46,6120690	-23,5882350	2927	0,0683	0,0712	5450	3505	1945
L06034	1	-46,5919260	-23,6218968	1852	0,054	0,0356	3149	2340	809
L06035	3	-46,6093832	-23,5888257	2646	0,1134	0,1068	4381	3053	1328
L06036	1	-46,6027202	-23,6187027	1079	0,0927	0,0356	2228	1350	878
L06038	3	-46,6043324	-23,5881805	4423	0,0678	0,1068	7818	5323	2495
L06039	2	-46,6072382	-23,5903260	2134	0,0937	0,0712	3877	2517	1360
L06041	2	-46,6051622	-23,5751923	2652	0,0754	0,0712	4753	3194	1559
L06043	3	-46,5939912	-23,6283792	2004	0,1497	0,1068	3754	2526	1228
L06044	1	-46,6163598	-23,5850714	1098	0,0911	0,0356	2123	1307	816
L06045	1	-46,5907336	-23,5984174	3727	0,0268	0,0356	6818	4710	2108
L06046	1	-46,5830025	-23,6226329	2716	0,0368	0,0356	4830	3455	1375
L06047	1	-46,5866191	-23,6277500	3027	0,033	0,0356	5754	3872	1882
L06051	1	-46,6031399	-23,6063806	3228	0,031	0,0356	5899	4148	1751
L06052	2	-46,6023320	-23,6013361	2212	0,0904	0,0712	4121	2738	1383
L06053	2	-46,6021325	-23,6063749	1386	0,1443	0,0712	2568	1713	855
L06054	2	-46,6080780	-23,6028560	3098	0,0646	0,0712	5810	3763	2047
L06055	2	-46,6096977	-23,5916041	2870	0,0697	0,0712	5430	3473	1957
L06056	1	-46,6019600	-23,5909040	5133	0,0195	0,0356	9867	6305	3562
L06058	1	-46,5930326	-23,5972734	2828	0,0354	0,0356	5015	3572	1443
L06059	1	-46,5975968	-23,6097769	2880	0,0347	0,0356	4845	3529	1316
L06065	2	-46,6119497	-23,5892321	3011	0,0664	0,0712	5516	3638	1878
L06067	4	-46,6098374	-23,5932998	5055	0,0791	0,1423	8453	5954	2499
L06660	1	-46,7041000	-23,7108340	1608	0,0622	0,0356	2717	1945	772
L06662	1	-46,6977550	-23,7276870	2621	0,0382	0,0356	4332	3313	1019
L06663	1	-46,7157832	-23,6718387	1948	0,0513	0,0356	3430	2333	1097
L06664	2	-46,7020763	-23,6853645	3332	0,06	0,0712	5602	4031	1571
L06665	1	-46,6964372	-23,6925377	2324	0,043	0,0356	3819	2859	960
L06666	1	-46,7147308	-23,6702428	2788	0,0359	0,0356	5109	3374	1735
L06667	1	-46,6985697	-23,7261191	2231	0,0448	0,0356	3856	2781	1075
L06670	2	-46,6957864	-23,7324947	2610	0,0766	0,0712	4188	3289	899
L06671	1	-46,7092435	-23,7150718	2233	0,0448	0,0356	3875	2681	1194
L06672	1	-46,7004276	-23,7112720	3395	0,0295	0,0356	6059	4083	1976
L06675	1	-46,6881398	-23,7299942	3738	0,0268	0,0356	6186	4796	1390
L06676	2	-46,6947263	-23,7122284	3026	0,0661	0,0712	5161	3620	1541
L06680	1	-46,7011093	-23,7188128	4508	0,0222	0,0356	7833	5525	2308
L06682	2	-46,7022612	-23,7224803	3236	0,0618	0,0712	5448	4015	1433
L06683	1	-46,6987338	-23,7098273	2586	0,0387	0,0356	4747	3089	1658
L06687	2	-46,6995340	-23,7330324	2757	0,0725	0,0712	4736	3370	1366
L06688	1	-46,6904668	-23,7164776	3363	0,0297	0,0356	5649	4138	1511
L06690	1	-46,7105503	-23,6682255	1240	0,0806	0,0356	2248	1483	765
L06694	1	-46,7108924	-23,6832611	1288	0,0776	0,0356	2065	1513	552
L06696	2	-46,7097890	-23,7283561	1131	0,1768	0,0712	1836	1425	411
L06697	1	-46,6911449	-23,7072227	1123	0,089	0,0356	1800	1393	407
L07573	1	-46,6398751	-23,6453386	2341	0,0427	0,0356	3752	2782	970
L07574	1	-46,6415339	-23,6443503	1932	0,0518	0,0356	3346	2359	987
L07576	1	-46,6349642	-23,6431290	2278	0,0439	0,0356	4207	2702	1505
L07577	2	-46,6419142	-23,6629092	3221	0,0621	0,0712	5894	4037	1857
L07580	1	-46,6579978	-23,6496781	3546	0,0282	0,0356	6231	4318	1913
L07581	2	-46,6363601	-23,6810716	3028	0,0661	0,0712	5287	3909	1378
L07583	1	-46,6477955	-23,6558420	3661	0,0273	0,0356	6289	4390	1899
L07585	3	-46,6489412	-23,6630793	4484	0,0669	0,1068	7661	5544	2117
L07587	2	-46,6389892	-23,6729739	4038	0,0495	0,0712	6961	5171	1790
L07588	2	-46,6585002	-23,6601214	4100	0,0488	0,0712	7296	5008	2288
L07590	5	-46,6424477	-23,6679792	3909	0,1279	0,1779	7206	5039	2167
L07591	1	-46,6361421	-23,6802843	2687	0,0372	0,0356	4849	3510	1339
L07592	2	-46,6354223	-23,6496780	2351	0,0851	0,0712	4295	2944	1351
L07595	2	-46,6355606	-23,6678098	4296	0,0466	0,0712	7638	5546	2092
L07596	5	-46,6408930	-23,6522075	3383	0,1478	0,1779	6330	4133	2197
L07597	3	-46,6535415	-23,6619014	2754	0,1089	0,1068	4727	3504	1223
L07598	2	-46,6392154	-23,6408466	3709	0,0539	0,0712	6533	4338	2195
L07602	1	-46,6408553	-23,6554336	1438	0,0695	0,0356	2522	1827	695
L07606	4	-46,6363030	-23,6342640	1221	0,3276	0,1423	1867	1431	436
L07660	2	-46,7286689	-23,4834509	3071	0,0651	0,0712	5145	3881	1264
L07661	3	-46,7108413	-23,4971928	1645	0,1824	0,1068	2799	2020	779
L07663	4	-46,7465927	-23,4712764	2639	0,1516	0,1423	4854	3268	1586
L07664	4	-46,7296043	-23,4932746	3302	0,1211	0,1423	5686	4020	1666
L07666	2	-46,7187075	-23,4795423	4684	0,0427	0,0712	9004	6008	2996
L07667	1	-46,7261678	-23,4829058	2616	0,0382	0,0356	4926	3233	1693
L07668	1	-46,7496458	-23,4783071	2726	0,0367	0,0356	4622	3476	1146
L07669	4	-46,7461037	-23,4816392	3660	0,1093	0,1423	6759	4550	2209
L07670	4	-46,7157223	-23,4910050	3437	0,1164	0,1423	6527	4354	2173
L07673	1	-46,7258835	-23,4822099	1763	0,0567	0,0356	3138	2256	882
L07677	3	-46,7174065	-23,4896350	2905	0,1033	0,1068	5357	3563	1794
L07679	2	-46,7399355	-23,4854976	1669	0,1198	0,0712	2714	2024	690
L07680	1	-46,7195562	-23,4798197	961	0,1041	0,0356	1641	1213	428
L07681	1	-46,7278522	-23,4974960	3589	0,0279	0,0356	6232	4432	1800
L07683	3	-46,4716478	-23,4993793	1880	0,1596	0,1068	3092	2381	711
L07684	2	-46,4880489	-23,4975812	632	0,3165	0,0712	1162	808	354
L07685	2	-46,4887224	-23,4892548	685	0,292	0,0712	1181	899	282
L07687	5	-46,4932576	-23,4894062	1193	0,4191	0,1779	2023	1548	475
L07688	1	-46,4915180	-23,5074055	1641	0,0609	0,0356	3150	2085	1065
L07689	2	-46,4919582	-23,5063549	2108	0,0949	0,0712	3605	2714	891
L07690	3	-46,4825992	-23,5059494	1295	0,2317	0,1068	2134	1637	497
L07692	6	-46,4761134	-23,5015127	2666	0,2251	0,2135	4912	3325	1587
L07693	5	-46,4705358	-23,4926534	4113	0,1216	0,1779	7400	5306	2094
L07695	1	-46,4925761	-23,4889873	3199	0,0313	0,0356	5543	4116	1427
L07696	3	-46,4669867	-23,4900232	2210	0,1357	0,1068	3851	2948	903
L07698	8	-46,4818882	-23,4858938	2747	0,2912	0,2847	5345	3538	1807
L07699	2	-46,4816039	-23,4998180	2953	0,0677	0,0712	5279	3696	1583
L07700	3	-46,4851971	-23,4905377	3489	0,086	0,1068	6056	4395	1661
L07701	2	-46,4889435	-23,4985564	3277	0,061	0,0712	5967	4095	1872
L07702	2	-46,4749626	-23,4875229	2327	0,0859	0,0712	4070	2936	1134
L07703	2	-46,4731818	-23,5027056	2186	0,0915	0,0712	3519	2750	769
L07704	3	-46,4783102	-23,4996696	2270	0,1322	0,1068	4005	2861	1144
L07706	1	-46,4963575	-23,4925264	630	0,1587	0,0356	1072	816	256
L07707	1	-46,4674092	-23,4866528	1249	0,0801	0,0356	2183	1661	522
L07708	6	-46,4849725	-23,5032693	2712	0,2212	0,2135	5219	3402	1817
L07709	2	-46,4926895	-23,4988971	1792	0,1116	0,0712	3099	2351	748
L07710	3	-46,4820150	-23,5058752	1072	0,2799	0,1068	1843	1332	511
L07713	1	-46,4966140	-23,4924641	1374	0,0728	0,0356	2302	1760	542
L07714	2	-46,4773819	-23,4879119	1046	0,1912	0,0712	1700	1307	393
L07716	1	-46,6940451	-23,4986203	1924	0,052	0,0356	3114	2268	846
L07720	1	-46,6906776	-23,4886152	2477	0,0404	0,0356	4263	2952	1311
L07721	3	-46,7021950	-23,4842550	3320	0,0904	0,1068	6150	4149	2001
L07722	2	-46,7100048	-23,4798680	2502	0,0799	0,0712	4590	3267	1323
L07724	1	-46,7078711	-23,4942478	2028	0,0493	0,0356	3798	2545	1253
L07725	2	-46,7203590	-23,4728158	1930	0,1036	0,0712	3380	2566	814
L07727	1	-46,6972109	-23,4923489	2499	0,04	0,0356	4705	3018	1687
L07729	2	-46,7028160	-23,4979150	3736	0,0535	0,0712	6670	4600	2070
L07731	3	-46,6997557	-23,4958002	3556	0,0844	0,1068	6178	4337	1841
L07732	1	-46,6916354	-23,4865099	2408	0,0415	0,0356	4588	2950	1638
L07733	1	-46,7048817	-23,4913894	2387	0,0419	0,0356	4271	2986	1285
L07734	1	-46,7077799	-23,4872710	2185	0,0458	0,0356	3723	2810	913
L07735	2	-46,7091202	-23,4695490	971	0,206	0,0712	1667	1276	391
L07736	1	-46,6899944	-23,4971911	1941	0,0515	0,0356	3393	2305	1088
L07737	2	-46,6860439	-23,4985664	2566	0,0779	0,0712	4751	3195	1556
L07738	3	-46,7064209	-23,4786059	2105	0,1425	0,1068	3957	2729	1228
L07741	2	-46,6915530	-23,4896820	2900	0,069	0,0712	4958	3548	1410
L07742	1	-46,7004116	-23,5041947	1512	0,0661	0,0356	2764	1873	891
L07750	4	-46,7708337	-23,6299871	13605	0,0294	0,1423	25821	17652	8169
L07751	1	-46,7857380	-23,6492250	2439	0,041	0,0356	4196	3122	1074
L07753	2	-46,7766842	-23,6395528	2690	0,0743	0,0712	4737	3519	1218
L07754	3	-46,7510131	-23,6228353	4006	0,0749	0,1068	7103	5278	1825
L07755	1	-46,7557573	-23,6290243	3980	0,0251	0,0356	6741	5172	1569
L07756	2	-46,7617923	-23,6408234	4236	0,0472	0,0712	7697	5404	2293
L07758	1	-46,7701188	-23,6470003	3205	0,0312	0,0356	5536	3955	1581
L07759	2	-46,7708253	-23,6346601	2609	0,0767	0,0712	4845	3309	1536
L07760	1	-46,7556667	-23,6404221	3739	0,0267	0,0356	6385	4685	1700
L07761	2	-46,7758320	-23,6436922	4304	0,0465	0,0712	7784	5385	2399
L07762	3	-46,7860069	-23,6438270	3683	0,0815	0,1068	6454	4825	1629
L07763	2	-46,7776614	-23,6511000	4197	0,0477	0,0712	7100	5325	1775
L07764	1	-46,7625103	-23,6349197	3815	0,0262	0,0356	6862	4883	1979
L07765	2	-46,7497115	-23,6403144	4495	0,0445	0,0712	7813	5662	2151
L07766	1	-46,7870213	-23,6430817	3412	0,0293	0,0356	6214	4373	1841
L07767	1	-46,7490615	-23,6345587	3174	0,0315	0,0356	5702	4133	1569
L07768	1	-46,7739779	-23,6330684	2361	0,0424	0,0356	4577	2954	1623
L07769	5	-46,7686119	-23,6296456	3708	0,1348	0,1779	6898	4781	2117
L07770	2	-46,7542153	-23,6198219	4129	0,0484	0,0712	7176	5149	2027
L07772	3	-46,7607719	-23,6385695	2910	0,1031	0,1068	5170	3706	1464
L07773	1	-46,7538973	-23,6349349	4025	0,0248	0,0356	6657	5039	1618
L07774	2	-46,7498755	-23,6363346	2769	0,0722	0,0712	4952	3627	1325
L08185	2	-46,7191286	-23,6260213	1988	0,1006	0,0712	3164	2315	849
L08186	1	-46,7043257	-23,6097843	2189	0,0457	0,0356	3576	2546	1030
L08190	4	-46,7131334	-23,6188108	3137	0,1275	0,1423	5166	3531	1635
L08191	1	-46,7412727	-23,6104585	2419	0,0413	0,0356	3595	2771	824
L08195	2	-46,7277361	-23,6045363	3437	0,0582	0,0712	5923	4007	1916
L08196	1	-46,7208297	-23,6076803	2840	0,0352	0,0356	4752	3330	1422
L08199	2	-46,7202481	-23,5763764	1751	0,1142	0,0712	3121	1996	1125
L08200	1	-46,7298173	-23,5966128	2551	0,0392	0,0356	4499	3046	1453
L08204	3	-46,7468132	-23,6034358	3032	0,0989	0,1068	5249	3566	1683
L08207	2	-46,7206164	-23,5767376	2202	0,0908	0,0712	4045	2564	1481
L08208	1	-46,7358364	-23,5961852	2323	0,043	0,0356	3857	2793	1064
L08211	6	-46,7570506	-23,5977877	2938	0,2042	0,2135	5449	3746	1703
L08212	2	-46,7546852	-23,5949824	2625	0,0762	0,0712	4694	3368	1326
L08213	1	-46,7052007	-23,6074205	2725	0,0367	0,0356	4343	3206	1137
L08219	1	-46,6985844	-23,5862008	2637	0,0379	0,0356	4368	2905	1463
L08220	1	-46,7456903	-23,6030840	1945	0,0514	0,0356	3106	2290	816
L08221	2	-46,7053802	-23,5795572	2467	0,0811	0,0712	4338	2752	1586
L08222	1	-46,5231986	-23,5430712	747	0,1339	0,0356	1280	947	333
L08225	2	-46,5100191	-23,5446064	4128	0,0484	0,0712	7026	5147	1879
L08229	2	-46,4982241	-23,5504038	2927	0,0683	0,0712	5051	3739	1312
L08230	4	-46,5221139	-23,5406331	2745	0,1457	0,1423	5219	3471	1748
L08231	1	-46,5079969	-23,5544033	2026	0,0494	0,0356	3550	2546	1004
L08233	1	-46,5151760	-23,5433139	1746	0,0573	0,0356	3085	2237	848
L08234	2	-46,5317956	-23,5421192	3038	0,0658	0,0712	5442	3818	1624
L08235	2	-46,4958682	-23,5663286	2328	0,0859	0,0712	4095	3031	1064
L08236	3	-46,4990570	-23,5735096	2833	0,1059	0,1068	4657	3582	1075
L08237	2	-46,5212577	-23,5434956	2878	0,0695	0,0712	5496	3656	1840
L08238	1	-46,5056207	-23,5405406	972	0,1029	0,0356	1635	1239	396
L08239	1	-46,5141185	-23,5517464	2105	0,0475	0,0356	3730	2686	1044
L08241	2	-46,4913846	-23,5478378	2076	0,0963	0,0712	3674	2778	896
L08242	1	-46,5020045	-23,5414163	2155	0,0464	0,0356	4183	2801	1382
L08243	2	-46,5065643	-23,5285802	1947	0,1027	0,0712	3332	2479	853
L08245	5	-46,4984607	-23,5625811	3684	0,1357	0,1779	6646	4873	1773
L08246	2	-46,5143049	-23,5325952	2090	0,0957	0,0712	3736	2717	1019
L08247	3	-46,4906529	-23,5403308	4098	0,0732	0,1068	7785	5311	2474
L08248	2	-46,5330363	-23,5393366	1903	0,1051	0,0712	3430	2454	976
L08250	2	-46,5370743	-23,5335666	1855	0,1078	0,0712	3292	2341	951
L08251	2	-46,5141937	-23,5522187	2485	0,0805	0,0712	4173	3088	1085
L08252	1	-46,4996257	-23,5474295	2491	0,0401	0,0356	4201	3182	1019
L08254	3	-46,5030630	-23,5515660	2892	0,1037	0,1068	5108	3701	1407
L08255	1	-46,4930480	-23,5384900	1910	0,0524	0,0356	3638	2415	1223
L08256	4	-46,5191281	-23,5450183	2851	0,1403	0,1423	5189	3512	1677
L08258	1	-46,5095374	-23,5384628	2376	0,0421	0,0356	4461	3015	1446
L08259	4	-46,5081299	-23,5436866	2539	0,1575	0,1423	4640	3247	1393
L08260	2	-46,5041450	-23,5368140	2070	0,0966	0,0712	3558	2654	904
L08261	1	-46,5328060	-23,5351986	2423	0,0413	0,0356	4244	2978	1266
L08262	1	-46,5005028	-23,5350092	2427	0,0412	0,0356	4145	3117	1028
L08263	1	-46,5188258	-23,5451260	620	0,1613	0,0356	1101	755	346
L08264	2	-46,4940747	-23,5593746	897	0,223	0,0712	1578	1194	384
L08265	1	-46,5251630	-23,5338233	5108	0,0196	0,0356	9329	6208	3121
L08266	3	-46,5492719	-23,5643080	3744	0,0801	0,1068	6474	4613	1861
L08267	3	-46,5464060	-23,5700350	1922	0,1561	0,1068	3132	2354	778
L08269	1	-46,5456990	-23,5729610	1641	0,0609	0,0356	2921	2045	876
L08271	2	-46,5489169	-23,5706004	2230	0,0897	0,0712	4306	2779	1527
L08272	2	-46,5288323	-23,5727122	2238	0,0894	0,0712	4229	2897	1332
L08273	1	-46,5293776	-23,5796946	1844	0,0542	0,0356	3265	2427	838
L08274	3	-46,5439614	-23,5676780	2439	0,123	0,1068	5027	3105	1922
L08275	1	-46,5344569	-23,5777136	2311	0,0433	0,0356	4317	2988	1329
L08276	2	-46,5458952	-23,5550134	2003	0,0999	0,0712	3017	2414	603
L08278	1	-46,5421410	-23,5610590	3394	0,0295	0,0356	6342	4245	2097
L08279	3	-46,5397986	-23,5751068	3183	0,0943	0,1068	5939	4067	1872
L08280	3	-46,5272729	-23,5842759	3215	0,0933	0,1068	5879	4206	1673
L08281	1	-46,5410608	-23,5606823	3255	0,0307	0,0356	5649	4123	1526
L08283	1	-46,5276225	-23,5710305	2727	0,0367	0,0356	5111	3464	1647
L08284	1	-46,5527913	-23,5614550	3182	0,0314	0,0356	5966	3914	2052
L08286	1	-46,5228208	-23,5778668	2051	0,0488	0,0356	3585	2631	954
L08287	1	-46,5495140	-23,5691620	649	0,1541	0,0356	1068	790	278
L08289	1	-46,5316140	-23,5824820	763	0,1311	0,0356	1398	1073	325
L08292	1	-46,5847312	-23,4571192	1974	0,0507	0,0356	3768	2560	1208
L08293	1	-46,6083813	-23,4903083	2174	0,046	0,0356	3215	2572	643
L08295	1	-46,5903643	-23,4794354	1163	0,086	0,0356	1836	1454	382
L08296	2	-46,5867358	-23,4804731	3045	0,0657	0,0712	5362	3770	1592
L08297	1	-46,5922270	-23,4778802	3114	0,0321	0,0356	5691	3862	1829
L08300	3	-46,5778738	-23,4504834	1879	0,1597	0,1068	3503	2489	1014
L08301	1	-46,5806496	-23,4548081	4543	0,022	0,0356	8491	6011	2480
L08302	4	-46,5835571	-23,4654238	2768	0,1445	0,1423	5668	3556	2112
L08304	1	-46,5865198	-23,4701787	2754	0,0363	0,0356	5084	3408	1676
L08305	2	-46,5732891	-23,4514774	4266	0,0469	0,0712	8509	5988	2521
L08307	1	-46,5775231	-23,4668711	3245	0,0308	0,0356	6063	4171	1892
L08308	3	-46,5845419	-23,4570823	3848	0,078	0,1068	7444	5062	2382
L08310	1	-46,5695747	-23,4643168	1609	0,0622	0,0356	2951	2225	726
L08311	2	-46,5815415	-23,4752510	2413	0,0829	0,0712	4364	2919	1445
L08312	5	-46,5846950	-23,4614040	3278	0,1525	0,1779	6142	4077	2065
L08313	2	-46,5922900	-23,4849578	1618	0,1236	0,0712	3176	1990	1186
L08314	3	-46,6000523	-23,4896398	3153	0,0951	0,1068	5703	3872	1831
L08315	1	-46,5745111	-23,4595761	955	0,1047	0,0356	1762	1337	425
L08316	1	-46,5765464	-23,4500907	995	0,1005	0,0356	1852	1370	482
L08318	1	-46,5839255	-23,4646554	989	0,1011	0,0356	1750	1236	514
L08320	2	-46,5866345	-23,4663679	2991	0,0669	0,0712	5086	3758	1328
L08321	4	-46,6023221	-23,4823452	4184	0,0956	0,1423	7555	5096	2459
L08328	2	-46,5218639	-23,6015171	3067	0,0652	0,0712	5474	3871	1603
L08332	2	-46,5276317	-23,6081073	3269	0,0612	0,0712	5625	4153	1472
L08333	3	-46,5151342	-23,5886563	3403	0,0882	0,1068	6060	4434	1626
L08334	5	-46,5237361	-23,5957342	4037	0,1239	0,1779	7533	5184	2349
L08335	1	-46,5288900	-23,6093393	3208	0,0312	0,0356	5889	4085	1804
L08336	2	-46,5384444	-23,6045283	3264	0,0613	0,0712	5992	4063	1929
L08338	3	-46,5148744	-23,5961389	3454	0,0869	0,1068	6476	4342	2134
L08339	2	-46,5170364	-23,6013813	1959	0,1021	0,0712	3455	2476	979
L08340	1	-46,5365552	-23,5957785	3050	0,0328	0,0356	5865	3909	1956
L08342	1	-46,5266764	-23,5902384	2424	0,0413	0,0356	4325	3078	1247
L08343	2	-46,5377963	-23,5816242	3112	0,0643	0,0712	5858	3912	1946
L08345	1	-46,5147192	-23,6040731	1897	0,0527	0,0356	3330	2446	884
L08349	1	-46,5265229	-23,5911881	1522	0,0657	0,0356	2691	1958	733
L08350	3	-46,5387495	-23,5924958	2138	0,1403	0,1068	3548	2664	884
L08351	3	-46,5255369	-23,5976545	4099	0,0732	0,1068	7280	5240	2040
L08354	2	-46,6718510	-23,6480180	3606	0,0555	0,0712	5953	4267	1686
L08355	1	-46,6440278	-23,6734732	359	0,2786	0,0356	615	448	167
L08356	3	-46,6748209	-23,6629694	2548	0,1177	0,1068	4677	3256	1421
L08357	1	-46,6566918	-23,6673339	2867	0,0349	0,0356	5558	3511	2047
L08358	1	-46,6595184	-23,6732345	3334	0,03	0,0356	6265	4353	1912
L08360	1	-46,6643846	-23,6634460	2151	0,0465	0,0356	3871	2637	1234
L08361	1	-46,6490180	-23,6808501	3642	0,0275	0,0356	6749	4652	2097
L08363	1	-46,6578420	-23,6700605	2290	0,0437	0,0356	3858	2871	987
L08364	1	-46,6666281	-23,6643337	2350	0,0426	0,0356	4231	2884	1347
L08366	1	-46,6568661	-23,6677858	2114	0,0473	0,0356	4127	2597	1530
L08367	1	-46,6760160	-23,6550423	3987	0,0251	0,0356	6800	4757	2043
L08368	1	-46,6511485	-23,6760229	3448	0,029	0,0356	6243	4435	1808
L08370	1	-46,6619825	-23,6713695	2545	0,0393	0,0356	4510	3118	1392
L08371	3	-46,6452777	-23,6816754	2288	0,1311	0,1068	4435	3097	1338
L08372	2	-46,6459844	-23,6750154	2880	0,0694	0,0712	5258	3622	1636
L08373	2	-46,6423561	-23,6824358	4047	0,0494	0,0712	7666	5249	2417
L08375	1	-46,6386530	-23,6906350	1750	0,0571	0,0356	3291	2401	890
L08377	1	-46,6776829	-23,6644228	3581	0,0279	0,0356	6118	4373	1745
L08378	3	-46,4008120	-23,4977007	1709	0,1755	0,1068	3255	2338	917
L08379	2	-46,4032172	-23,4985582	2538	0,0788	0,0712	4585	3259	1326
L08380	2	-46,3955110	-23,5079850	4070	0,0491	0,0712	7143	5356	1787
L08381	5	-46,3943443	-23,5046166	3160	0,1582	0,1779	5695	4002	1693
L08382	3	-46,3763198	-23,4939856	3628	0,0827	0,1068	6476	4624	1852
L08384	5	-46,3985890	-23,5096370	3537	0,1414	0,1779	6428	4541	1887
L08385	1	-46,3767415	-23,5064594	1891	0,0529	0,0356	3406	2573	833
L08386	3	-46,3879010	-23,5188440	3845	0,078	0,1068	6696	5024	1672
L08387	6	-46,3754478	-23,4964448	3203	0,1873	0,2135	5688	4215	1473
L08388	1	-46,3717432	-23,4962403	1681	0,0595	0,0356	3000	2313	687
L08389	2	-46,3884186	-23,5122760	2336	0,0856	0,0712	4350	3214	1136
L08390	2	-46,3766695	-23,5066526	4172	0,0479	0,0712	7610	5548	2062
L08391	2	-46,3965404	-23,5176660	3624	0,0552	0,0712	6265	4666	1599
L08392	5	-46,4006667	-23,5034363	3308	0,1511	0,1779	6122	4146	1976
L08393	1	-46,3905136	-23,4921738	2500	0,04	0,0356	4429	3299	1130
L08394	3	-46,3870301	-23,4964237	3348	0,0896	0,1068	5936	4200	1736
L08395	3	-46,3832792	-23,5056992	1754	0,171	0,1068	3113	2293	820
L08396	3	-46,3830556	-23,4914097	2865	0,1047	0,1068	5005	3783	1222
L08397	1	-46,3844165	-23,4797530	3246	0,0308	0,0356	5337	4090	1247
L08398	1	-46,4040381	-23,5003398	2632	0,038	0,0356	4564	3375	1189
L08399	1	-46,3842236	-23,5203421	3359	0,0298	0,0356	6149	4622	1527
L08400	3	-46,3850728	-23,5122978	3974	0,0755	0,1068	7123	5016	2107
L08402	4	-46,3759431	-23,5147403	1122	0,3565	0,1423	1980	1519	461
L08403	3	-46,3988792	-23,5093492	2345	0,1279	0,1068	4153	3085	1068
L08405	2	-46,3718376	-23,5014239	2671	0,0749	0,0712	4809	3768	1041
L08406	1	-46,3851172	-23,4793298	1159	0,0863	0,0356	1941	1503	438
L08407	2	-46,3789952	-23,5024583	2675	0,0748	0,0712	4880	3556	1324
L08408	3	-46,3900305	-23,4923096	2762	0,1086	0,1068	5089	3777	1312
L08409	4	-46,4020530	-23,4932319	3373	0,1186	0,1423	6356	4333	2023
L08410	4	-46,3944620	-23,4902290	2920	0,137	0,1423	5431	3694	1737
L08411	7	-46,3698794	-23,5080357	3148	0,2224	0,2491	5639	4225	1414
L08412	3	-46,3926599	-23,5078228	2908	0,1032	0,1068	5104	3773	1331
L08413	1	-46,3937105	-23,5156176	1095	0,0913	0,0356	2083	1525	558
L08414	1	-46,3950439	-23,4989421	2828	0,0354	0,0356	5125	3485	1640
L08415	3	-46,3940515	-23,4832409	2647	0,1133	0,1068	4861	3522	1339
L08416	2	-46,3888850	-23,4978960	1488	0,1344	0,0712	2526	1944	582
L08418	1	-46,3817906	-23,5034832	3675	0,0272	0,0356	6492	4833	1659
L08422	1	-46,4003582	-23,5441270	1520	0,0658	0,0356	2178	1462	716
L08424	2	-46,4006522	-23,5380013	865	0,2312	0,0712	1585	1163	422
L08425	1	-46,4057199	-23,5624173	3131	0,0319	0,0356	5663	4158	1505
L08426	1	-46,4008912	-23,5381934	3356	0,0298	0,0356	6116	4546	1570
L08427	3	-46,4213722	-23,5297891	4764	0,063	0,1068	7765	5959	1806
L08428	1	-46,3882687	-23,5454378	2086	0,0479	0,0356	3720	2817	903
L08429	2	-46,4009383	-23,5583730	2595	0,0771	0,0712	4383	3368	1015
L08430	2	-46,4157806	-23,5492070	1808	0,1106	0,0712	3393	2325	1068
L08431	1	-46,4023983	-23,5435780	3363	0,0297	0,0356	5917	4490	1427
L08432	2	-46,4189254	-23,5384808	3214	0,0622	0,0712	5635	4179	1456
L08433	1	-46,4064807	-23,5311067	739	0,1353	0,0356	548	394	154
L08435	2	-46,4142302	-23,5447436	2123	0,0942	0,0712	4075	2620	1455
L08436	6	-46,4107031	-23,5355506	3955	0,1517	0,2135	7305	5186	2119
L08438	6	-46,4254538	-23,5250259	3705	0,1619	0,2135	6437	4786	1651
L08439	2	-46,4207673	-23,5460751	2866	0,0698	0,0712	5637	3838	1799
L08441	5	-46,3973726	-23,5355326	2439	0,205	0,1779	4306	3101	1205
L08442	4	-46,3994934	-23,5325352	3824	0,1046	0,1423	7163	5062	2101
L08444	3	-46,3977921	-23,5358129	2757	0,1088	0,1068	5165	3761	1404
L08445	5	-46,4037610	-23,5596980	3457	0,1446	0,1779	2665	1848	817
L08447	1	-46,4023822	-23,5509844	1988	0,0503	0,0356	3479	2599	880
L08448	1	-46,4087514	-23,5527119	2094	0,0478	0,0356	4017	2779	1238
L08449	1	-46,4174509	-23,5537296	2587	0,0387	0,0356	5105	3534	1571
L08450	1	-46,4075993	-23,5541832	3404	0,0294	0,0356	5663	4220	1443
L08451	6	-46,3909828	-23,5442229	2400	0,25	0,2135	4283	3241	1042
L08452	2	-46,4116268	-23,5278328	3591	0,0557	0,0712	6073	4598	1475
L08453	2	-46,4234233	-23,5381049	2084	0,096	0,0712	3936	2769	1167
L08454	3	-46,4066295	-23,5366390	2713	0,1106	0,1068	4822	3590	1232
L08455	1	-46,4007548	-23,5495498	2353	0,0425	0,0356	4306	3004	1302
L08456	4	-46,4126165	-23,5416929	2557	0,1564	0,1423	4651	3173	1478
L08457	2	-46,3967810	-23,5545250	1819	0,11	0,0712	3404	2514	890
L08458	1	-46,4104297	-23,5438072	1432	0,0698	0,0356	2582	1817	765
L08461	3	-46,4228459	-23,5390975	2171	0,1382	0,1068	3128	2231	897
L08462	2	-46,4037610	-23,5596980	1122	0,1783	0,0712	954	745	209
L08464	4	-46,3928375	-23,5277915	1978	0,2022	0,1423	3363	2579	784
L08465	2	-46,3996730	-23,5530710	631	0,317	0,0712	1150	856	294
L08847	1	-46,7045504	-23,7542184	5925	0,0169	0,0356	10150	7592	2558
L08848	1	-46,6708362	-23,7427238	3254	0,0307	0,0356	5197	4056	1141
L08850	2	-46,6964318	-23,7396716	3205	0,0624	0,0712	5411	4075	1336
L08851	2	-46,7029441	-23,7482829	3251	0,0615	0,0712	5688	4114	1574
L08852	1	-46,7044580	-23,7593862	2527	0,0396	0,0356	4290	3181	1109
L08853	2	-46,6805020	-23,7527693	3612	0,0554	0,0712	6315	4616	1699
L08855	1	-46,6862668	-23,7395049	2065	0,0484	0,0356	3450	2670	780
L08856	1	-46,6732124	-23,7614879	1860	0,0538	0,0356	3183	2357	826
L08859	1	-46,6816347	-23,7551323	1701	0,0588	0,0356	2903	2139	764
L08860	3	-46,6895040	-23,7350676	2726	0,1101	0,1068	4411	3424	987
L08861	1	-46,6467889	-23,7762507	952	0,105	0,0356	1609	1200	409
L08862	4	-46,6941916	-23,7361482	4568	0,0876	0,1423	8304	5797	2507
L08863	2	-46,6886063	-23,7505995	3166	0,0632	0,0712	5819	4112	1707
L08864	3	-46,6731203	-23,7622871	4632	0,0648	0,1068	7907	6053	1854
L08865	2	-46,6897118	-23,7494669	2152	0,0929	0,0712	3650	2758	892
L08868	1	-46,6655617	-23,7587693	1918	0,0521	0,0356	3164	2426	738
L08870	3	-46,6818898	-23,7403681	3700	0,0811	0,1068	6280	4769	1511
L08871	3	-46,6684971	-23,7532554	4993	0,0601	0,1068	8570	6421	2149
L08875	3	-46,6915742	-23,7450075	3614	0,083	0,1068	6510	4487	2023
L08876	1	-46,6681724	-23,7475017	2547	0,0393	0,0356	4140	3222	918
L08877	1	-46,6835726	-23,7554717	2265	0,0442	0,0356	4116	2760	1356
L08879	2	-46,6771720	-23,7532160	2969	0,0674	0,0712	5144	3881	1263
L08880	3	-46,6703618	-23,7532358	3720	0,0806	0,1068	5940	4631	1309
L08884	1	-46,6726701	-23,7529648	1434	0,0697	0,0356	2384	1838	546
L08885	2	-46,7826347	-23,7426504	5319	0,0376	0,0712	9184	6673	2511
L08887	6	-46,7821867	-23,7409511	5907	0,1016	0,2135	10173	7415	2758
L08888	2	-46,7449271	-23,6845334	3976	0,0503	0,0712	6506	4872	1634
L08890	1	-46,7816360	-23,7154750	1211	0,0826	0,0356	2073	1497	576
L08891	5	-46,7705221	-23,7208213	4451	0,1123	0,1779	7568	5541	2027
L08894	2	-46,7822515	-23,7187870	4175	0,0479	0,0712	7569	5347	2222
L08895	2	-46,7563455	-23,6839424	2676	0,0747	0,0712	4670	3304	1366
L08896	3	-46,7722560	-23,6977360	3286	0,0913	0,1068	5962	4211	1751
L08898	1	-46,7422115	-23,6767859	1163	0,086	0,0356	1825	1417	408
L08899	3	-46,7296989	-23,6686244	4808	0,0624	0,1068	7532	5810	1722
L08900	2	-46,7459944	-23,6760859	3870	0,0517	0,0712	6211	4807	1404
L08901	3	-46,7645258	-23,6853526	2060	0,1456	0,1068	3371	2470	901
L08902	2	-46,7420691	-23,6929780	3706	0,054	0,0712	6165	4741	1424
L08903	2	-46,7549903	-23,6797057	2449	0,0817	0,0712	4419	3166	1253
L08904	2	-46,7658122	-23,6917667	2592	0,0772	0,0712	4485	3296	1189
L08905	2	-46,7646740	-23,6894253	1784	0,1121	0,0712	2837	2183	654
L08906	3	-46,7756880	-23,7009931	3097	0,0969	0,1068	5172	3825	1347
L08908	1	-46,7789630	-23,7147600	3404	0,0294	0,0356	5872	4422	1450
L08909	3	-46,7343899	-23,6780392	4253	0,0705	0,1068	6926	5231	1695
L08910	3	-46,7644449	-23,7005122	3583	0,0837	0,1068	6421	4721	1700
L08911	3	-46,7895404	-23,7358720	4436	0,0676	0,1068	7779	5629	2150
L08913	1	-46,7553528	-23,6757960	3255	0,0307	0,0356	5943	4082	1861
L08915	4	-46,7923315	-23,7092825	2309	0,1732	0,1423	4001	2961	1040
L08916	1	-46,7607341	-23,6898202	637	0,157	0,0356	1036	792	244
L08918	2	-46,7646129	-23,6800985	3973	0,0503	0,0712	7083	4944	2139
L08919	2	-46,7518905	-23,6805097	3188	0,0627	0,0712	5387	4046	1341
L08920	2	-46,7717602	-23,6885585	3458	0,0578	0,0712	6360	4250	2110
L08925	2	-46,7637275	-23,6860902	3526	0,0567	0,0712	6017	4176	1841
L08927	2	-46,7602288	-23,6921984	3141	0,0637	0,0712	5143	3919	1224
L08929	2	-46,7383672	-23,6748485	1967	0,1017	0,0712	3174	2419	755
L08930	1	-46,7603013	-23,6823176	2127	0,047	0,0356	3532	2612	920
L08931	2	-46,7926628	-23,7318431	4353	0,0459	0,0712	7513	5588	1925
L08932	2	-46,7488560	-23,6665560	1906	0,1049	0,0712	3162	2420	742
L08933	4	-46,7407017	-23,6677721	3280	0,122	0,1423	5502	4064	1438
L08934	4	-46,7701634	-23,7200619	4256	0,094	0,1423	7146	5402	1744
L08936	5	-46,7568865	-23,7221715	4624	0,1081	0,1779	7539	5712	1827
L08937	10	-46,7398408	-23,6738654	4636	0,2157	0,3559	7955	5725	2230
L08938	1	-46,7563790	-23,6782580	1306	0,0766	0,0356	2186	1665	521
L08939	1	-46,7687891	-23,6747016	1964	0,0509	0,0356	3621	2542	1079
L08940	2	-46,7643695	-23,6705361	2617	0,0764	0,0712	4716	3439	1277
L08941	3	-46,7584936	-23,6672249	1847	0,1624	0,1068	3218	2371	847
L08942	1	-46,7709966	-23,6560362	1558	0,0642	0,0356	2772	2007	765
L08944	1	-46,7869811	-23,6550768	3281	0,0305	0,0356	5927	4213	1714
L08945	2	-46,7595495	-23,6741975	3422	0,0584	0,0712	5713	4273	1440
L08946	2	-46,7599809	-23,6583845	3828	0,0522	0,0712	6414	4828	1586
L08947	4	-46,7588097	-23,6679219	3084	0,1297	0,1423	5635	3906	1729
L08948	6	-46,7709966	-23,6560362	4506	0,1332	0,2135	7853	5738	2115
L08949	4	-46,7514131	-23,6635812	2498	0,1601	0,1423	4346	3049	1297
L08951	2	-46,7886418	-23,6575053	2044	0,0978	0,0712	3413	2611	802
L08952	4	-46,7676270	-23,6679840	4298	0,0931	0,1423	7695	5421	2274
L08953	1	-46,7897522	-23,6576515	2681	0,0373	0,0356	4927	3511	1416
L08954	6	-46,7664599	-23,6622186	3884	0,1545	0,2135	7168	4912	2256
L08955	4	-46,7671835	-23,6773241	4100	0,0976	0,1423	7105	5165	1940
L08956	1	-46,7685672	-23,6718762	1603	0,0624	0,0356	2820	2048	772
L08957	3	-46,7797422	-23,6633017	2939	0,1021	0,1068	5299	3860	1439
L08958	1	-46,7594862	-23,6585655	2498	0,04	0,0356	4132	3123	1009
L08959	1	-46,7717000	-23,6780060	1598	0,0626	0,0356	2710	2016	694
L08961	1	-46,7833170	-23,6591080	3489	0,0287	0,0356	6112	4474	1638
L08962	3	-46,7552312	-23,6597385	2495	0,1202	0,1068	4466	3243	1223
L08963	1	-46,7734927	-23,6740405	2049	0,0488	0,0356	3996	2559	1437
L08968	1	-46,7447610	-23,5760330	1178	0,0849	0,0356	1982	1438	544
L08970	3	-46,7496719	-23,5825103	2692	0,1114	0,1068	4652	3312	1340
L08974	2	-46,7460154	-23,5642656	2683	0,0745	0,0712	4513	3262	1251
L08977	2	-46,7667060	-23,5859640	590	0,339	0,0712	1027	762	265
L08979	1	-46,7659213	-23,5803246	1496	0,0668	0,0356	2293	1792	501
L08980	1	-46,7469625	-23,5508738	2646	0,0378	0,0356	4690	3392	1298
L08982	1	-46,7512554	-23,5452190	2973	0,0336	0,0356	5291	3603	1688
L08983	2	-46,7950827	-23,6026719	3496	0,0572	0,0712	6021	4411	1610
L08984	1	-46,7484555	-23,5435228	2932	0,0341	0,0356	5430	3759	1671
L08986	1	-46,7497980	-23,5823512	2155	0,0464	0,0356	3952	2665	1287
L08989	1	-46,7421886	-23,5732813	4364	0,0229	0,0356	7754	5121	2633
L08991	5	-46,7687542	-23,5959462	2154	0,2321	0,1779	3725	2823	902
L08992	1	-46,7930101	-23,5823718	1863	0,0537	0,0356	3504	2473	1031
L08996	2	-46,7543940	-23,5690070	2249	0,0889	0,0712	4437	2776	1661
L08999	1	-46,7748594	-23,5743052	2796	0,0358	0,0356	5077	3810	1267
L09000	2	-46,7292351	-23,5745661	3100	0,0645	0,0712	5436	3579	1857
L09002	1	-46,7911802	-23,5945477	2463	0,0406	0,0356	4395	2990	1405
L09004	1	-46,7583340	-23,5575440	3682	0,0272	0,0356	5975	4245	1730
L09005	2	-46,7525361	-23,5755947	2603	0,0768	0,0712	4580	3179	1401
L09006	5	-46,7920023	-23,5981368	2693	0,1857	0,1779	4763	3274	1489
L09008	1	-46,7530566	-23,5528242	2689	0,0372	0,0356	4923	3222	1701
L09009	1	-46,7601010	-23,5793980	1753	0,057	0,0356	2840	2160	680
L09010	2	-46,7580485	-23,5857090	3186	0,0628	0,0712	6188	4045	2143
L09011	1	-46,7880207	-23,5954377	1331	0,0751	0,0356	2271	1675	596
L09012	1	-46,8008485	-23,5869553	1897	0,0527	0,0356	3203	2480	723
L09014	3	-46,7728301	-23,5882790	1446	0,2075	0,1068	2514	1859	655
L09016	1	-46,7642601	-23,5648704	620	0,1613	0,0356	1067	814	253
L09019	1	-46,7313271	-23,5767877	1362	0,0734	0,0356	2150	1572	578
L09020	1	-46,7515200	-23,5447730	1016	0,0984	0,0356	1828	1298	530
L09021	1	-46,7079675	-23,5695014	572	0,1748	0,0356	894	648	246
L09027	1	-46,7228401	-23,5715849	2029	0,0493	0,0356	3117	2297	820
L09033	1	-46,7356399	-23,5512016	1927	0,0519	0,0356	3298	2406	892
L09034	5	-46,7138143	-23,5687160	6650	0,0752	0,1779	11871	7672	4199
L09036	1	-46,4835312	-23,6003513	2527	0,0396	0,0356	4456	3269	1187
L09038	1	-46,4490531	-23,6038892	1178	0,0849	0,0356	1993	1468	525
L09039	2	-46,4545421	-23,6241104	1336	0,1497	0,0712	2381	1745	636
L09040	2	-46,4696590	-23,6129782	2328	0,0859	0,0712	4085	3035	1050
L09042	3	-46,4746879	-23,6291216	2377	0,1262	0,1068	4450	3252	1198
L09046	1	-46,4451983	-23,6306149	3152	0,0317	0,0356	5392	4009	1383
L09048	2	-46,4688977	-23,6112514	1324	0,1511	0,0712	2334	1709	625
L09050	1	-46,4823318	-23,5909468	1623	0,0616	0,0356	2982	2201	781
L09051	1	-46,4517184	-23,6021242	3466	0,0289	0,0356	6290	4630	1660
L09052	1	-46,4779483	-23,6242638	1949	0,0513	0,0356	3678	2733	945
L09053	1	-46,4672283	-23,6339793	888	0,1126	0,0356	1470	1159	311
L09054	3	-46,4796851	-23,6207251	2559	0,1172	0,1068	5002	3387	1615
L09055	2	-46,4697272	-23,6168476	2373	0,0843	0,0712	4452	3100	1352
L09056	1	-46,4433978	-23,6307158	2114	0,0473	0,0356	3691	2498	1193
L09057	1	-46,4881751	-23,5991604	3417	0,0293	0,0356	5868	4270	1598
L09059	2	-46,4626277	-23,6209456	3192	0,0627	0,0712	6229	4211	2018
L09063	2	-46,4785920	-23,6052751	3582	0,0558	0,0712	6447	4604	1843
L09064	2	-46,4444469	-23,6341908	3618	0,0553	0,0712	6385	4760	1625
L09065	2	-46,4573138	-23,6173317	3507	0,057	0,0712	6005	4481	1524
L09066	6	-46,4621492	-23,6284570	2730	0,2198	0,2135	5142	3766	1376
L09067	2	-46,4707484	-23,6169001	1697	0,1179	0,0712	3007	2250	757
L09069	1	-46,4670370	-23,6008861	3027	0,033	0,0356	5073	3872	1201
L09070	4	-46,4466713	-23,6086516	4014	0,0997	0,1423	7074	5208	1866
L09071	3	-46,4822288	-23,6131431	2033	0,1476	0,1068	3694	2600	1094
L09072	1	-46,4711933	-23,6237846	2817	0,0355	0,0356	4983	3737	1246
L09073	4	-46,4623540	-23,6265038	2947	0,1357	0,1423	5192	3866	1326
L09076	1	-46,4921282	-23,5878134	2168	0,0461	0,0356	4122	2686	1436
L09077	4	-46,4645811	-23,6112224	3566	0,1122	0,1423	6521	4469	2052
L09078	2	-46,4574058	-23,6320001	2934	0,0682	0,0712	5182	3779	1403
L09079	2	-46,4516620	-23,6049100	1514	0,1321	0,0712	2644	1971	673
L09080	1	-46,4532396	-23,6020534	2820	0,0355	0,0356	4742	3542	1200
L09083	3	-46,4464970	-23,6396360	2818	0,1065	0,1068	4787	3634	1153
L09084	3	-46,4866751	-23,5892640	2723	0,1102	0,1068	4672	3532	1140
L09085	1	-46,4719716	-23,6057020	3309	0,0302	0,0356	6370	4187	2183
L09087	1	-46,4867752	-23,5894497	1371	0,0729	0,0356	2324	1804	520
L09091	3	-46,4719748	-23,6101579	2941	0,102	0,1068	5080	3787	1293
L09092	4	-46,4703344	-23,6125189	2663	0,1502	0,1423	4922	3399	1523
L09093	2	-46,6891450	-23,4480420	1559	0,1283	0,0712	2715	1914	801
L09094	1	-46,7117310	-23,4620560	3852	0,026	0,0356	7063	5062	2001
L09095	1	-46,6814668	-23,4770174	995	0,1005	0,0356	1692	1272	420
L09097	2	-46,6833436	-23,4716951	3420	0,0585	0,0712	6292	4301	1991
L09098	4	-46,7030593	-23,4716926	3193	0,1253	0,1423	5790	3980	1810
L09099	2	-46,6998285	-23,4605103	2820	0,0709	0,0712	4930	3583	1347
L09100	2	-46,6986546	-23,4803642	3036	0,0659	0,0712	5415	3789	1626
L09101	1	-46,6966832	-23,4469548	4193	0,0238	0,0356	7420	5285	2135
L09102	1	-46,6877814	-23,4600022	3235	0,0309	0,0356	5834	4249	1585
L09103	3	-46,6729691	-23,4629576	3071	0,0977	0,1068	5490	4096	1394
L09104	1	-46,6738756	-23,4613197	2864	0,0349	0,0356	4912	3725	1187
L09105	2	-46,6983080	-23,4693623	4632	0,0432	0,0712	8469	5835	2634
L09107	1	-46,6864059	-23,4697610	2203	0,0454	0,0356	4116	2829	1287
L09109	2	-46,7072163	-23,4599973	3074	0,0651	0,0712	5299	3983	1316
L09110	1	-46,6932484	-23,4764397	3726	0,0268	0,0356	6985	4801	2184
L09112	2	-46,6975146	-23,4687553	3273	0,0611	0,0712	6109	4041	2068
L09113	3	-46,6882642	-23,4736711	3556	0,0844	0,1068	6282	4605	1677
L09115	1	-46,7003948	-23,4748538	1533	0,0652	0,0356	2655	1984	671
L09117	2	-46,7020440	-23,4580940	3715	0,0538	0,0712	6828	4901	1927
L09118	3	-46,6795279	-23,4641832	7883	0,0381	0,1068	15183	10348	4835
L09119	1	-46,6862656	-23,4703417	2113	0,0473	0,0356	4014	2752	1262
L09120	3	-46,7026753	-23,4471028	1959	0,1531	0,1068	3520	2602	918
L09123	2	-46,6775348	-23,4595275	3138	0,0637	0,0712	5462	4143	1319
L09124	1	-46,6736651	-23,4709745	2675	0,0374	0,0356	4617	3454	1163
L09125	1	-46,6906963	-23,4692644	2790	0,0358	0,0356	5131	3574	1557
L09126	2	-46,6908864	-23,4686604	3640	0,0549	0,0712	6924	4603	2321
L09127	1	-46,6881097	-23,4507951	3748	0,0267	0,0356	6670	4918	1752
L09128	1	-46,6783972	-23,4823657	2002	0,05	0,0356	3343	2538	805
L09129	2	-46,6940812	-23,4585925	3967	0,0504	0,0712	6922	5126	1796
L09130	1	-46,6766890	-23,4765394	2390	0,0418	0,0356	4244	3085	1159
L09134	2	-46,6848409	-23,4554709	3273	0,0611	0,0712	5723	4296	1427
L09138	2	-46,6809709	-23,4669256	2642	0,0757	0,0712	4579	3416	1163
L09143	1	-46,7028915	-23,4758818	987	0,1013	0,0356	1579	1208	371
L09324	1	-46,6807410	-23,7669661	7735	0,0129	0,0356	13259	9980	3279
L09325	1	-46,7263218	-23,8274592	6787	0,0147	0,0356	12142	8727	3415
L09327	3	-46,7068713	-23,8607984	3425	0,0876	0,1068	5439	4161	1278
L09328	2	-46,7141076	-23,7756410	2776	0,072	0,0712	4851	3566	1285
L09329	1	-46,7322899	-23,8269933	2869	0,0349	0,0356	5349	3686	1663
L09330	1	-46,7376117	-23,8118259	2470	0,0405	0,0356	4187	3091	1096
L09331	2	-46,7035072	-23,7651387	3604	0,0555	0,0712	6158	4583	1575
L09332	1	-46,6902192	-23,7830774	3543	0,0282	0,0356	5840	4560	1280
L09336	2	-46,7167371	-23,7695068	4256	0,047	0,0712	7217	5340	1877
L09338	6	-46,7047219	-23,7660765	3374	0,1778	0,2135	5373	4248	1125
L09339	1	-46,7290105	-23,8229399	2160	0,0463	0,0356	3913	2829	1084
L09340	1	-46,7557667	-23,8674974	1613	0,062	0,0356	2893	2210	683
L09341	6	-46,6962116	-23,7633829	3630	0,1653	0,2135	5815	4452	1363
L09342	3	-46,6978953	-23,8459940	2662	0,1127	0,1068	4306	3337	969
L09345	1	-46,7226984	-23,7765320	3746	0,0267	0,0356	6480	4713	1767
L09346	2	-46,6969438	-23,7768204	4723	0,0423	0,0712	7671	5863	1808
L09347	3	-46,7059302	-23,7403363	3101	0,0967	0,1068	5690	3864	1826
L09355	2	-46,6510073	-23,8781992	2107	0,0949	0,0712	3463	2589	874
L09356	2	-46,7319307	-23,7919749	4689	0,0427	0,0712	8175	6073	2102
L09357	4	-46,6847035	-23,7863114	4077	0,0981	0,1423	6645	5160	1485
L09359	1	-46,7146448	-23,8112468	946	0,1057	0,0356	1579	1184	395
L09360	3	-46,7119437	-23,7376852	1979	0,1516	0,1068	3356	2393	963
L09363	2	-46,6948722	-23,7705062	3781	0,0529	0,0712	6218	4781	1437
L09365	1	-46,7247768	-23,8302856	2009	0,0498	0,0356	3395	2519	876
L09367	2	-46,7096936	-23,7717519	1892	0,1057	0,0712	3177	2421	756
L09368	1	-46,7095920	-23,7408252	1645	0,0608	0,0356	2849	2040	809
L09369	5	-46,7035380	-23,7651320	3146	0,1589	0,1779	4942	3849	1093
L09370	2	-46,7127840	-23,7642340	2495	0,0802	0,0712	4004	3110	894
L09373	4	-46,7126190	-23,8613850	4278	0,0935	0,1423	6351	5045	1306
L09375	1	-46,7273286	-23,8287482	1211	0,0826	0,0356	1981	1489	492
L09644	1	-46,7595246	-23,4046073	6764	0,0148	0,0356	12622	8645	3977
L09645	1	-46,7119327	-23,4419746	3269	0,0306	0,0356	5682	4161	1521
L09646	1	-46,7549560	-23,4068430	2871	0,0348	0,0356	5297	3589	1708
L09647	1	-46,7170362	-23,4446937	2209	0,0453	0,0356	3864	2823	1041
L09648	3	-46,7176648	-23,4359306	3664	0,0819	0,1068	6857	4617	2240
L09652	3	-46,7842853	-23,4458447	575	0,5217	0,1068	990	744	246
L09653	3	-46,7571522	-23,4107543	2816	0,1065	0,1068	5154	3588	1566
L09654	1	-46,7924236	-23,4385264	2360	0,0424	0,0356	4480	3143	1337
L09655	3	-46,7754560	-23,4356680	2685	0,1117	0,1068	4347	3385	962
L09656	3	-46,7076665	-23,4422276	2819	0,1064	0,1068	4709	3625	1084
L09659	1	-46,7160862	-23,4514401	2588	0,0386	0,0356	4894	3251	1643
L09663	3	-46,7399698	-23,4091960	1434	0,2092	0,1068	2605	1936	669
L09670	1	-46,7192047	-23,4348671	2032	0,0492	0,0356	3853	2568	1285
L09671	3	-46,7508213	-23,4136565	4987	0,0602	0,1068	8189	6303	1886
L09672	1	-46,8003760	-23,4445050	1855	0,0539	0,0356	3073	2396	677
L09673	2	-46,7384315	-23,4028665	2893	0,0691	0,0712	5072	3732	1340
L09676	1	-46,7277583	-23,4386909	1807	0,0553	0,0356	3125	2351	774
L09677	1	-46,7928284	-23,4298912	2395	0,0418	0,0356	3987	2948	1039
L09678	2	-46,7174060	-23,4409910	1966	0,1017	0,0712	3436	2563	873
L09679	1	-46,7290271	-23,4281151	2096	0,0477	0,0356	3630	2766	864
L09681	1	-46,7207482	-23,4436328	613	0,1631	0,0356	1027	783	244
L09684	1	-46,7449950	-23,4008390	1788	0,0559	0,0356	3003	2296	707
L09685	1	-46,7141265	-23,4344010	2433	0,0411	0,0356	4113	3094	1019
L09687	1	-46,7169255	-23,4553166	2697	0,0371	0,0356	4650	3488	1162
L09688	1	-46,7166746	-23,4347728	1683	0,0594	0,0356	2857	2153	704
L09689	1	-46,7158906	-23,4457294	1488	0,0672	0,0356	2548	1885	663
L09693	1	-46,7491167	-23,4005740	1242	0,0805	0,0356	2095	1595	500
L09695	1	-46,5280810	-23,5036140	398	0,2513	0,0356	777	538	239
L09698	1	-46,5211510	-23,5024680	3117	0,0321	0,0356	5306	4002	1304
L09699	1	-46,5276842	-23,4983766	2694	0,0371	0,0356	4647	3454	1193
L09700	5	-46,4949911	-23,5049464	2959	0,169	0,1779	5656	3767	1889
L09701	10	-46,5067684	-23,5021411	4523	0,2211	0,3559	8238	6120	2118
L09702	3	-46,5462397	-23,5116021	3181	0,0943	0,1068	5845	4123	1722
L09703	1	-46,5143098	-23,5025941	3250	0,0308	0,0356	6003	4205	1798
L09704	3	-46,5346956	-23,5090208	3162	0,0949	0,1068	6202	4010	2192
L09705	4	-46,4976882	-23,4974521	2912	0,1374	0,1423	5100	3739	1361
L09706	3	-46,5042643	-23,5072875	2017	0,1487	0,1068	3439	2554	885
L09707	5	-46,5102750	-23,5075010	2667	0,1875	0,1779	4934	3455	1479
L09708	8	-46,5011972	-23,4910374	3598	0,2223	0,2847	5673	4513	1160
L09709	3	-46,5011218	-23,4970068	2480	0,121	0,1068	4098	3151	947
L09710	3	-46,5314823	-23,5021289	2230	0,1345	0,1068	4095	2837	1258
L09711	2	-46,5256831	-23,5120904	4021	0,0497	0,0712	7414	5163	2251
L09712	2	-46,5312644	-23,5048651	2786	0,0718	0,0712	5242	3698	1544
L09714	6	-46,5267033	-23,5028825	2319	0,2587	0,2135	4701	2945	1756
L09715	1	-46,5417660	-23,5078996	2268	0,0441	0,0356	4139	2897	1242
L09716	3	-46,5307769	-23,5112782	2975	0,1008	0,1068	5262	3745	1517
L09717	4	-46,4987106	-23,5049643	2292	0,1745	0,1423	3848	2901	947
L09751	1	-46,4808988	-23,5169363	764	0,1309	0,0356	1285	982	303
L09752	4	-46,4842871	-23,5209250	1143	0,35	0,1423	2000	1551	449
L09754	5	-46,4761598	-23,5359998	2662	0,1878	0,1779	4728	3332	1396
L09755	4	-46,4808207	-23,5172670	2520	0,1587	0,1423	4399	3291	1108
L09756	5	-46,5035712	-23,5158497	3180	0,1572	0,1779	5593	4105	1488
L09757	1	-46,4799583	-23,5263781	2015	0,0496	0,0356	3665	2771	894
L09758	2	-46,4840632	-23,5126634	2966	0,0674	0,0712	5485	3744	1741
L09759	3	-46,4893072	-23,5119538	2407	0,1246	0,1068	4544	3045	1499
L09760	1	-46,5123128	-23,5122863	1870	0,0535	0,0356	3618	2345	1273
L09761	2	-46,4834160	-23,5237351	1233	0,1622	0,0712	2151	1608	543
L09762	1	-46,4813689	-23,5374258	3181	0,0314	0,0356	5713	4094	1619
L09763	1	-46,4896747	-23,5160828	2228	0,0449	0,0356	3691	2807	884
L09764	1	-46,4678340	-23,5355610	3575	0,028	0,0356	6685	4497	2188
L09765	1	-46,4693922	-23,5224683	3655	0,0274	0,0356	6254	4742	1512
L09766	5	-46,4880409	-23,5223342	3475	0,1439	0,1779	6125	4652	1473
L09767	3	-46,5095837	-23,5191133	2136	0,1404	0,1068	3746	2741	1005
L09768	1	-46,4792021	-23,5282349	2012	0,0497	0,0356	3434	2685	749
L09769	3	-46,4765549	-23,5327711	2321	0,1293	0,1068	4173	2902	1271
L09770	2	-46,5081371	-23,5141476	2763	0,0724	0,0712	5024	3413	1611
L09771	3	-46,4943893	-23,5089738	3192	0,094	0,1068	5877	3982	1895
L09772	4	-46,4729202	-23,5342395	2773	0,1442	0,1423	4787	3486	1301
L09773	4	-46,4860731	-23,5267363	2945	0,1358	0,1423	4827	3741	1086
L09774	1	-46,4773989	-23,5179212	1534	0,0652	0,0356	2929	1929	1000
L09775	1	-46,4645114	-23,5281457	1180	0,0847	0,0356	1886	1481	405
L09776	1	-46,4755638	-23,5306278	1099	0,091	0,0356	1825	1398	427
L09779	1	-46,4772755	-23,5183011	634	0,1577	0,0356	1123	860	263
L09780	4	-46,4939673	-23,5195032	2596	0,1541	0,1423	4433	3417	1016
L09782	1	-46,5030330	-23,5134156	1288	0,0776	0,0356	2007	1602	405
L09783	1	-46,4752420	-23,5235190	4447	0,0225	0,0356	7421	5633	1788
L09922	1	-46,4327528	-23,4878458	1190	0,084	0,0356	2000	1568	432
L09923	1	-46,4212855	-23,4882306	1531	0,0653	0,0356	2520	1972	548
L09924	2	-46,4044363	-23,5213143	2034	0,0983	0,0712	3716	2844	872
L09925	2	-46,4289892	-23,4865951	4098	0,0488	0,0712	7255	5323	1932
L09926	5	-46,4100903	-23,4872826	3946	0,1267	0,1779	6777	5183	1594
L09927	1	-46,4105791	-23,5212702	3639	0,0275	0,0356	6418	4656	1762
L09928	7	-46,4200714	-23,4802190	3350	0,209	0,2491	5654	4131	1523
L09929	2	-46,4136703	-23,4837091	3959	0,0505	0,0712	6588	5137	1451
L09930	5	-46,4160982	-23,5152778	3213	0,1556	0,1779	5343	4160	1183
L09931	6	-46,4248518	-23,4746436	3594	0,1669	0,2135	5847	4535	1312
L09932	1	-46,4170900	-23,5033830	2547	0,0393	0,0356	4564	3380	1184
L09933	4	-46,4324856	-23,4898223	2690	0,1487	0,1423	4807	3562	1245
L09934	3	-46,4079760	-23,4926871	4280	0,0701	0,1068	7364	5388	1976
L09935	6	-46,4135985	-23,4998743	4252	0,1411	0,2135	7458	5385	2073
L09939	6	-46,4058353	-23,5217846	3328	0,1803	0,2135	5634	4378	1256
L09940	2	-46,4159193	-23,5160292	2494	0,0802	0,0712	4441	3412	1029
L09941	3	-46,4089885	-23,5011168	2267	0,1323	0,1068	3907	3021	886
L09942	3	-46,4066823	-23,5098630	3334	0,09	0,1068	5872	4480	1392
L09943	10	-46,4100104	-23,4972377	3575	0,2797	0,3559	6284	4540	1744
L09944	2	-46,4089885	-23,5099210	2792	0,0716	0,0712	4837	3753	1084
L09945	3	-46,4180582	-23,4867289	3677	0,0816	0,1068	6336	4651	1685
L09946	1	-46,4171324	-23,4973316	1552	0,0644	0,0356	2567	1991	576
L09949	1	-46,4214494	-23,4876594	3612	0,0277	0,0356	6099	4488	1611
L09952	1	-46,4147903	-23,4834509	2133	0,0469	0,0356	3499	2769	730
L09954	2	-46,4581061	-23,4953823	1804	0,1109	0,0712	3147	2304	843
L09955	1	-46,4581061	-23,4953823	1783	0,0561	0,0356	3145	2251	894
L09956	1	-46,4586839	-23,5113158	2441	0,041	0,0356	4199	3148	1051
L09958	3	-46,4555571	-23,4916901	2939	0,1021	0,1068	5404	4032	1372
L09959	5	-46,4626811	-23,5121755	2874	0,174	0,1779	5221	3497	1724
L09960	2	-46,4662456	-23,5033514	2103	0,0951	0,0712	3666	2754	912
L09961	1	-46,4759909	-23,5120600	2556	0,0391	0,0356	4311	3397	914
L09962	1	-46,4551140	-23,5001057	2153	0,0464	0,0356	3785	2650	1135
L09963	5	-46,4697092	-23,5174500	2760	0,1812	0,1779	4709	3527	1182
L09964	3	-46,4478293	-23,5112363	2288	0,1311	0,1068	3975	3015	960
L09965	2	-46,4559263	-23,4911459	2451	0,0816	0,0712	4152	3143	1009
L09966	1	-46,4707463	-23,5183632	1412	0,0708	0,0356	2465	1865	600
L09967	2	-46,4485753	-23,5009963	2271	0,0881	0,0712	3893	2812	1081
L09968	1	-46,4469938	-23,5086770	2427	0,0412	0,0356	4394	2952	1442
L09970	2	-46,4560056	-23,5122728	3898	0,0513	0,0712	6534	5016	1518
L09972	2	-46,4663780	-23,5115601	2666	0,075	0,0712	4869	3367	1502
L09973	1	-46,4696520	-23,5041190	2277	0,0439	0,0356	3842	2928	914
L10132	3	-46,7445881	-23,4500351	3272	0,0917	0,1068	5780	4132	1648
L10133	1	-46,7369336	-23,4466755	2437	0,041	0,0356	3928	3008	920
L10134	1	-46,7361616	-23,4500614	2869	0,0349	0,0356	5129	3556	1573
L10135	5	-46,7502212	-23,4398778	2289	0,2184	0,1779	3989	2990	999
L10136	1	-46,7342707	-23,4485696	2255	0,0443	0,0356	3877	2856	1021
L10139	2	-46,7581248	-23,4814649	2609	0,0767	0,0712	4345	3256	1089
L10140	1	-46,7462176	-23,4551621	1903	0,0525	0,0356	3307	2338	969
L10142	1	-46,7493180	-23,4872341	3224	0,031	0,0356	6110	4046	2064
L10143	2	-46,7327693	-23,4440969	2479	0,0807	0,0712	4439	3210	1229
L10147	2	-46,7433597	-23,4559128	2088	0,0958	0,0712	3915	2589	1326
L10148	3	-46,7311790	-23,4454790	2341	0,1282	0,1068	3944	2990	954
L10149	2	-46,7466848	-23,4441827	3405	0,0587	0,0712	5816	4442	1374
L10151	2	-46,7566652	-23,4897825	2092	0,0956	0,0712	3515	2634	881
L10153	1	-46,7291158	-23,4519438	2823	0,0354	0,0356	4774	3497	1277
L10154	1	-46,7551396	-23,4729593	2006	0,0499	0,0356	3186	2474	712
L10156	1	-46,7461969	-23,4530448	960	0,1042	0,0356	1618	1224	394
L10157	2	-46,4337506	-23,6070194	2460	0,0813	0,0712	4455	3157	1298
L10159	2	-46,3986638	-23,5652267	1792	0,1116	0,0712	2935	2258	677
L10162	1	-46,4037340	-23,5668844	2580	0,0388	0,0356	4380	3282	1098
L10163	1	-46,3993980	-23,5747215	2015	0,0496	0,0356	3611	2678	933
L10164	2	-46,4000259	-23,5999090	3063	0,0653	0,0712	5283	3824	1459
L10165	1	-46,4019720	-23,5932929	1404	0,0712	0,0356	2421	1822	599
L10166	2	-46,4073307	-23,5666032	3346	0,0598	0,0712	5875	4258	1617
L10167	1	-46,3942217	-23,5647062	799	0,1252	0,0356	1480	1043	437
L10170	1	-46,4029258	-23,5791123	3594	0,0278	0,0356	6150	4576	1574
L10171	1	-46,3962457	-23,5991319	1706	0,0586	0,0356	2893	2180	713
L10172	3	-46,3911438	-23,5781477	2553	0,1175	0,1068	4332	3191	1141
L10173	6	-46,4070213	-23,5656205	2817	0,213	0,2135	4782	3657	1125
L10174	2	-46,4394834	-23,5946999	2672	0,0749	0,0712	4565	3397	1168
L10176	1	-46,4272779	-23,6121140	2705	0,037	0,0356	4404	3473	931
L10177	4	-46,4190164	-23,6146521	2988	0,1339	0,1423	5509	4074	1435
L10178	1	-46,4094033	-23,5851215	3329	0,03	0,0356	5585	4174	1411
L10179	3	-46,3916580	-23,5781044	2563	0,1171	0,1068	4718	3343	1375
L10181	1	-46,4265792	-23,6089678	835	0,1198	0,0356	1407	1067	340
L10182	1	-46,4165108	-23,5924694	2887	0,0346	0,0356	4796	3618	1178
L10183	1	-46,3957789	-23,5915363	2543	0,0393	0,0356	4545	3320	1225
L10184	2	-46,3942223	-23,5789990	3555	0,0563	0,0712	6001	4511	1490
L10185	1	-46,4231640	-23,5985590	1231	0,0812	0,0356	2022	1583	439
L10187	2	-46,3967077	-23,5644405	2905	0,0688	0,0712	5094	3653	1441
L10190	2	-46,4063933	-23,5926393	3470	0,0576	0,0712	6064	4335	1729
L10191	1	-46,4081455	-23,5938557	2942	0,034	0,0356	4794	3605	1189
L10192	4	-46,4115162	-23,5827476	2764	0,1447	0,1423	4732	3574	1158
L10193	3	-46,4414315	-23,5961736	2959	0,1014	0,1068	5227	3738	1489
L10194	1	-46,3915721	-23,5870657	3661	0,0273	0,0356	5997	4550	1447
L10198	1	-46,4014360	-23,5912442	4177	0,0239	0,0356	6889	5203	1686
L10199	2	-46,3975433	-23,6095547	3461	0,0578	0,0712	5769	4227	1542
L10200	2	-46,4077080	-23,5934470	2037	0,0982	0,0712	3462	2558	904
L10201	1	-46,4342227	-23,5757888	1260	0,0794	0,0356	2285	1597	688
L10202	1	-46,4258475	-23,5516624	1476	0,0678	0,0356	2694	1997	697
L10203	3	-46,4258537	-23,5660747	3386	0,0886	0,1068	6124	4511	1613
L10204	1	-46,4437362	-23,5536130	3367	0,0297	0,0356	5872	4414	1458
L10205	1	-46,4339366	-23,5523973	953	0,1049	0,0356	1561	1199	362
L10206	6	-46,4374003	-23,5499344	2591	0,2316	0,2135	4412	3400	1012
L10207	1	-46,4402616	-23,5431917	2833	0,0353	0,0356	4781	3684	1097
L10208	1	-46,4337487	-23,5491681	3521	0,0284	0,0356	6483	4451	2032
L10209	2	-46,4412380	-23,5517239	2465	0,0811	0,0712	4185	3101	1084
L10210	3	-46,4355290	-23,5413160	4313	0,0696	0,1068	7351	5434	1917
L10211	6	-46,4410384	-23,5384069	4053	0,148	0,2135	7309	5151	2158
L10212	2	-46,4277510	-23,5498460	3585	0,0558	0,0712	6336	4627	1709
L10213	4	-46,4350193	-23,5546910	4684	0,0854	0,1423	8573	6058	2515
L10214	2	-46,4333967	-23,5385367	1399	0,143	0,0712	2572	1879	693
L10215	3	-46,4375782	-23,5533997	2536	0,1183	0,1068	4483	3244	1239
L10216	2	-46,4285496	-23,5394983	3748	0,0534	0,0712	6636	4916	1720
L10217	2	-46,4293241	-23,5467063	3148	0,0635	0,0712	5968	4010	1958
L10218	1	-46,4175328	-23,5652073	2492	0,0401	0,0356	4332	3281	1051
L10220	4	-46,4161442	-23,5651315	3039	0,1316	0,1423	5389	3972	1417
L10222	1	-46,4387810	-23,5470846	1896	0,0527	0,0356	3138	2443	695
L10311	1	-46,7438418	-23,6469973	3989	0,0251	0,0356	6890	4938	1952
L10313	1	-46,7409855	-23,6288859	4572	0,0219	0,0356	7434	5319	2115
L10317	1	-46,7326913	-23,6400041	1979	0,0505	0,0356	3493	2460	1033
L10318	1	-46,7348644	-23,6510220	1977	0,0506	0,0356	3469	2405	1064
L10319	3	-46,7322309	-23,6212240	7028	0,0427	0,1068	12398	8767	3631
L10320	1	-46,7456339	-23,6149639	1637	0,0611	0,0356	2637	1931	706
L10321	2	-46,7373128	-23,6532119	4481	0,0446	0,0712	7802	5537	2265
L10324	2	-46,7404239	-23,6491380	3708	0,0539	0,0712	6560	4602	1958
L10325	1	-46,7462436	-23,6209695	4031	0,0248	0,0356	7403	4961	2442
L10326	1	-46,7816360	-23,7154750	1072	0,0933	0,0356	1844	1339	505
L10327	1	-46,7463527	-23,6415609	1596	0,0627	0,0356	2789	2043	746
L10328	1	-46,7421998	-23,6581125	3665	0,0273	0,0356	6040	4563	1477
L10329	2	-46,7515285	-23,6467951	3583	0,0558	0,0712	6346	4335	2011
L10330	4	-46,7277244	-23,6232924	3496	0,1144	0,1423	6463	4523	1940
L10334	2	-46,7309023	-23,6590081	3965	0,0504	0,0712	6583	4851	1732
L10335	1	-46,7470038	-23,6574330	4546	0,022	0,0356	7984	5664	2320
L10336	1	-46,7442610	-23,6566420	3010	0,0332	0,0356	5133	3848	1285
L10338	1	-46,7534411	-23,6571085	1904	0,0525	0,0356	3281	2446	835
L10339	1	-46,7419737	-23,6662638	455	0,2198	0,0356	730	554	176
L10340	1	-46,7551211	-23,6549905	1723	0,058	0,0356	3127	2375	752
L10491	5	-46,6063628	-23,6334842	2562	0,1952	0,1779	4662	3165	1497
L10492	4	-46,6086090	-23,6438400	4118	0,0971	0,1423	7089	5189	1900
L10493	5	-46,6004969	-23,6242367	3658	0,1367	0,1779	6286	4333	1953
L10494	3	-46,6056518	-23,6282751	4556	0,0658	0,1068	7496	5612	1884
L10495	2	-46,6042777	-23,6188105	1662	0,1203	0,0712	2687	1983	704
L10496	1	-46,6171064	-23,6170233	2347	0,0426	0,0356	4315	2704	1611
L10497	10	-46,6090050	-23,6525822	4417	0,2264	0,3559	7225	5438	1787
L10498	1	-46,5966151	-23,6408907	3200	0,0312	0,0356	5549	3932	1617
L10500	3	-46,6198639	-23,6259356	4553	0,0659	0,1068	8580	5593	2987
L10501	7	-46,6131234	-23,6336255	3411	0,2052	0,2491	6193	4182	2011
L10502	2	-46,6166660	-23,6283520	2618	0,0764	0,0712	4677	3342	1335
L10503	4	-46,6068182	-23,6262334	2963	0,135	0,1423	5466	3635	1831
L10504	3	-46,6101359	-23,6467725	2446	0,1226	0,1068	4304	2974	1330
L10507	1	-46,6088981	-23,6130570	3204	0,0312	0,0356	5234	3891	1343
L10508	3	-46,6226811	-23,6322515	4079	0,0735	0,1068	7342	5130	2212
L10509	8	-46,6042492	-23,6485675	2893	0,2765	0,2847	4670	3547	1123
L10510	3	-46,5992590	-23,6380620	2766	0,1085	0,1068	4728	3350	1378
L10511	4	-46,5988854	-23,6473033	3074	0,1301	0,1423	4952	3868	1084
L10512	4	-46,6126960	-23,6136070	2782	0,1438	0,1423	4566	3356	1210
L10513	6	-46,6148883	-23,6223499	2743	0,2187	0,2135	4986	3378	1608
L10514	2	-46,6067712	-23,6385971	3445	0,0581	0,0712	5811	4310	1501
L10515	1	-46,5935567	-23,6451630	3108	0,0322	0,0356	5258	3966	1292
L10516	3	-46,6134748	-23,6571470	3833	0,0783	0,1068	5910	4608	1302
L10517	4	-46,6050459	-23,6252795	2397	0,1669	0,1423	4071	2968	1103
L10518	1	-46,6185590	-23,6207827	1571	0,0637	0,0356	2530	1910	620
L10519	2	-46,6097555	-23,6534809	406	0,4926	0,0712	614	485	129
L10609	1	-46,4834938	-23,5654763	1529	0,0654	0,0356	2675	2050	625
L10610	2	-46,4812016	-23,5483731	3878	0,0516	0,0712	6716	5098	1618
L10611	4	-46,4696904	-23,5681129	5770	0,0693	0,1423	11060	7441	3619
L10612	1	-46,4871909	-23,5625475	3428	0,0292	0,0356	5997	4558	1439
L10613	2	-46,4813947	-23,5513733	2971	0,0673	0,0712	4901	3803	1098
L10615	2	-46,4563702	-23,5747489	3354	0,0596	0,0712	5745	4207	1538
L10616	2	-46,4850436	-23,5755403	2607	0,0767	0,0712	4518	3409	1109
L10618	1	-46,4876555	-23,5528722	3863	0,0259	0,0356	7214	4790	2424
L10619	1	-46,4735226	-23,5580480	2559	0,0391	0,0356	4469	3296	1173
L10620	5	-46,4864496	-23,5496384	3089	0,1619	0,1779	5680	3970	1710
L10621	2	-46,4798018	-23,5438419	3988	0,0502	0,0712	7410	5062	2348
L10622	4	-46,4616617	-23,5574890	4046	0,0989	0,1423	7280	5166	2114
L10624	1	-46,4474483	-23,5693701	1987	0,0503	0,0356	3374	2526	848
L10625	3	-46,4714895	-23,5528836	3285	0,0913	0,1068	5837	4288	1549
L10626	1	-46,4918596	-23,5564505	1317	0,0759	0,0356	2318	1776	542
L10627	2	-46,4652985	-23,5546299	3666	0,0546	0,0712	6843	4619	2224
L10628	2	-46,4787958	-23,5757265	2501	0,08	0,0712	4279	3187	1092
L10629	2	-46,4814410	-23,5690400	3111	0,0643	0,0712	5332	4086	1246
L10633	2	-46,4580781	-23,5527746	2129	0,0939	0,0712	3815	2839	976
L10634	1	-46,4834194	-23,5646629	196	0,5102	0,0356	330	245	85
L10635	2	-46,6440127	-23,7047708	4681	0,0427	0,0712	8880	6015	2865
L10637	1	-46,6758032	-23,6715957	1259	0,0794	0,0356	2143	1542	601
L10639	2	-46,6668566	-23,6825593	3864	0,0518	0,0712	6372	4667	1705
L10642	1	-46,6355906	-23,7135071	1785	0,056	0,0356	3599	2383	1216
L10644	1	-46,6556236	-23,6824021	2836	0,0353	0,0356	4936	3557	1379
L10645	3	-46,6362933	-23,7001858	2822	0,1063	0,1068	5118	3730	1388
L10648	3	-46,6336174	-23,7033308	3476	0,0863	0,1068	6288	4717	1571
L10649	1	-46,6574272	-23,6831739	3484	0,0287	0,0356	6377	4622	1755
L10650	1	-46,6524439	-23,6886719	3624	0,0276	0,0356	6394	4556	1838
L10651	3	-46,6505536	-23,7001667	3622	0,0828	0,1068	6325	4590	1735
L10653	2	-46,6580576	-23,7104493	3879	0,0516	0,0712	6559	4846	1713
L10654	2	-46,6484762	-23,6909018	2269	0,0881	0,0712	3946	2781	1165
L10655	3	-46,6834503	-23,6829378	2922	0,1027	0,1068	5153	3581	1572
L10656	1	-46,6614438	-23,6833579	2638	0,0379	0,0356	4634	3302	1332
L10657	1	-46,6712450	-23,6947528	3201	0,0312	0,0356	5811	4046	1765
L10660	1	-46,6730061	-23,6875554	2843	0,0352	0,0356	5133	3531	1602
L10662	1	-46,6553293	-23,6948602	2865	0,0349	0,0356	5307	3647	1660
L10663	6	-46,6656946	-23,6912971	3280	0,1829	0,2135	5926	4159	1767
L10666	1	-46,6654170	-23,6770470	2516	0,0397	0,0356	4411	3162	1249
L10667	2	-46,6484937	-23,6939898	3026	0,0661	0,0712	5380	3783	1597
L10668	1	-46,6754475	-23,6898357	1623	0,0616	0,0356	2747	2004	743
L10669	2	-46,6638547	-23,6762157	2108	0,0949	0,0712	3608	2741	867
L10670	2	-46,6532948	-23,6930429	4054	0,0493	0,0712	7018	5197	1821
L10671	1	-46,6759703	-23,6706677	1293	0,0773	0,0356	1989	1559	430
L10714	1	-46,5844229	-23,4895089	469	0,2132	0,0356	774	594	180
L10715	2	-46,5738210	-23,4767120	1723	0,1161	0,0712	3005	2230	775
L10717	1	-46,5630814	-23,4738195	2767	0,0361	0,0356	5120	3441	1679
L10718	4	-46,5859510	-23,4876316	2245	0,1782	0,1423	4064	2964	1100
L10719	4	-46,5812144	-23,4890395	2814	0,1421	0,1423	4897	3512	1385
L10720	3	-46,5857185	-23,4923051	2198	0,1365	0,1068	3984	2779	1205
L10721	6	-46,5753210	-23,4806909	3112	0,1928	0,2135	5709	3924	1785
L10723	1	-46,5874208	-23,4972108	3391	0,0295	0,0356	6308	4248	2060
L10724	2	-46,5897661	-23,4836253	3533	0,0566	0,0712	6457	4363	2094
L10726	3	-46,5861292	-23,4922494	2903	0,1033	0,1068	5395	3706	1689
L10727	10	-46,5724481	-23,4898866	3376	0,2962	0,3559	6286	4313	1973
L10728	1	-46,5798590	-23,4856546	3035	0,0329	0,0356	5717	3858	1859
L10729	1	-46,5663550	-23,4727960	1160	0,0862	0,0356	1998	1537	461
L10730	3	-46,5677498	-23,4890100	1919	0,1563	0,1068	3223	2470	753
L10731	4	-46,5732850	-23,4796325	3704	0,108	0,1423	7087	4869	2218
L10732	6	-46,5717637	-23,4775916	2749	0,2183	0,2135	4752	3504	1248
L10734	3	-46,5710103	-23,4865175	2594	0,1157	0,1068	4572	3267	1305
L10735	7	-46,5734783	-23,4926878	3047	0,2297	0,2491	5191	3808	1383
L10736	3	-46,5681819	-23,4784924	3650	0,0822	0,1068	6352	4719	1633
L10737	3	-46,5819128	-23,4810310	2931	0,1024	0,1068	5742	3793	1949
L10738	3	-46,5972000	-23,4951209	2600	0,1154	0,1068	4771	3258	1513
L10740	1	-46,5845600	-23,4797190	1829	0,0547	0,0356	3200	2370	830
L10741	1	-46,5010529	-23,6213622	3848	0,026	0,0356	6829	5091	1738
L10742	2	-46,4935076	-23,6091331	3091	0,0647	0,0712	5399	3979	1420
L10743	1	-46,5020528	-23,5956074	396	0,2525	0,0356	718	536	182
L10745	3	-46,5040533	-23,6054351	4046	0,0741	0,1068	7138	5324	1814
L10746	1	-46,4876384	-23,6218370	1995	0,0501	0,0356	3308	2519	789
L10747	3	-46,5153124	-23,6258598	2667	0,1125	0,1068	4720	3501	1219
L10749	2	-46,5009514	-23,5953008	3234	0,0618	0,0712	5657	4320	1337
L10750	2	-46,4877685	-23,6127096	3376	0,0592	0,0712	5906	4461	1445
L10751	2	-46,5061790	-23,6170608	3511	0,057	0,0712	6321	4673	1648
L10752	3	-46,4907070	-23,6054790	4502	0,0666	0,1068	7815	5884	1931
L10753	1	-46,4946434	-23,6191737	1413	0,0708	0,0356	2488	1908	580
L10754	4	-46,5130142	-23,6093532	2664	0,1502	0,1423	4782	3440	1342
L10755	1	-46,5095210	-23,5996670	3646	0,0274	0,0356	6483	4687	1796
L10756	2	-46,5031776	-23,6019735	4100	0,0488	0,0712	6948	5368	1580
L10757	4	-46,5082245	-23,6128851	3263	0,1226	0,1423	5872	4151	1721
L10758	1	-46,5007848	-23,6042677	3731	0,0268	0,0356	6630	4687	1943
L10759	3	-46,5020070	-23,6161748	3261	0,092	0,1068	6105	4125	1980
L10760	3	-46,4938454	-23,6105292	2751	0,1091	0,1068	4899	3482	1417
L10762	1	-46,5016183	-23,6011869	3850	0,026	0,0356	6508	4865	1643
L10763	1	-46,5106476	-23,6155321	908	0,1101	0,0356	1577	1210	367
L10764	3	-46,4893958	-23,6137160	2190	0,137	0,1068	3625	2783	842
L10765	1	-46,4965013	-23,6166543	3324	0,0301	0,0356	6076	4282	1794
L10766	1	-46,4983849	-23,5987055	3171	0,0315	0,0356	5783	4036	1747
L10767	4	-46,5096661	-23,6117172	1613	0,248	0,1423	2708	2079	629
L10769	1	-46,6633740	-23,4626370	1208	0,0828	0,0356	2100	1567	533
L10773	1	-46,6378689	-23,4793297	3726	0,0268	0,0356	5957	4473	1484
L10777	2	-46,6334518	-23,4764864	2961	0,0675	0,0712	5466	3552	1914
L10778	6	-46,6714017	-23,4574567	4417	0,1358	0,2135	7852	5784	2068
L10780	1	-46,6459828	-23,4561450	2090	0,0478	0,0356	3524	2632	892
L10781	3	-46,6492631	-23,4694520	4305	0,0697	0,1068	7868	5458	2410
L10782	1	-46,6285532	-23,4710309	2053	0,0487	0,0356	3411	2494	917
L10783	1	-46,6504436	-23,4737052	1529	0,0654	0,0356	2559	1936	623
L10785	2	-46,6647421	-23,4572438	3367	0,0594	0,0712	6195	4418	1777
L10786	2	-46,6509458	-23,4833087	1389	0,144	0,0712	2199	1761	438
L10787	3	-46,6597938	-23,4579944	3590	0,0836	0,1068	6710	4563	2147
L10788	3	-46,6521748	-23,4881391	2843	0,1055	0,1068	5381	3583	1798
L10789	1	-46,6351309	-23,4713832	3445	0,029	0,0356	6308	4270	2038
L10790	1	-46,6685780	-23,4641456	1708	0,0585	0,0356	2905	2222	683
L10791	1	-46,6510885	-23,4620515	3736	0,0268	0,0356	6918	4639	2279
L10792	1	-46,6392692	-23,4685393	2749	0,0364	0,0356	4914	3299	1615
L10793	1	-46,6540520	-23,4791841	2694	0,0371	0,0356	4415	3409	1006
L10794	2	-46,6467400	-23,4764270	3174	0,063	0,0712	5910	4120	1790
L10796	1	-46,6434663	-23,4580215	2754	0,0363	0,0356	4853	3483	1370
L10797	5	-46,6582380	-23,4574276	3510	0,1425	0,1779	6233	4568	1665
L10799	3	-46,6467390	-23,4772016	1155	0,2597	0,1068	1950	1447	503
