cod_local	QT_VOTOS	longitude	latitude	LOC_VALID	%_LOC_V	%_CAND	QT_APTOS	QT_COMPARECIMENTO	QT_ABSTENCOES
L00008	1	-46,6464095	-23,5560819	3643	0,0274	0,0616	6983	4278	2705
L00012	2	-46,6461964	-23,5700830	3252	0,0615	0,1232	6283	3656	2627
L00019	1	-46,6376429	-23,5607300	2664	0,0375	0,0616	5259	3125	2134
L00022	2	-46,6521240	-23,5458002	10350	0,0193	0,1232	18525	11583	6942
L00025	1	-46,6380154	-23,5642161	2151	0,0465	0,0616	3803	2547	1256
L00033	1	-46,6545420	-23,5418060	2940	0,034	0,0616	4562	3313	1249
L00046	1	-46,6555734	-23,5283610	2335	0,0428	0,0616	4656	2795	1861
L00050	3	-46,6531096	-23,5391595	3449	0,087	0,1848	6577	4007	2570
L00083	1	-46,5997287	-23,5410220	3324	0,0301	0,0616	6501	4011	2490
L00084	1	-46,5895134	-23,5593568	5301	0,0189	0,0616	8807	6387	2420
L00087	1	-46,5842762	-23,5514675	2993	0,0334	0,0616	5617	3662	1955
L00093	1	-46,5813248	-23,5619799	3706	0,027	0,0616	6970	4489	2481
L00097	2	-46,5595868	-23,5719075	2559	0,0782	0,1232	4560	3187	1373
L00101	1	-46,5902071	-23,5606910	4284	0,0233	0,0616	7988	5172	2816
L00102	1	-46,5979424	-23,5532296	4622	0,0216	0,0616	8563	5548	3015
L00131	1	-46,6442337	-23,5847251	4116	0,0243	0,0616	7035	4617	2418
L00132	1	-46,6416210	-23,5785510	4598	0,0217	0,0616	7651	5166	2485
L00138	1	-46,6259630	-23,5630260	2096	0,0477	0,0616	3469	2565	904
L00143	1	-46,6414511	-23,5858080	2718	0,0368	0,0616	4786	3093	1693
L00151	1	-46,6209441	-23,5882398	2949	0,0339	0,0616	4478	3358	1120
L00154	1	-46,6235069	-23,5745404	4329	0,0231	0,0616	7193	5134	2059
L00528	1	-46,7937390	-23,6862114	4929	0,0203	0,0616	8528	6298	2230
L00533	1	-46,7766842	-23,6810185	3832	0,0261	0,0616	6561	4847	1714
L00537	2	-46,7846410	-23,6975287	3599	0,0556	0,1232	6096	4448	1648
L00539	2	-46,7886237	-23,6861459	4146	0,0482	0,1232	7243	5328	1915
L00541	11	-46,7778780	-23,6885051	4697	0,2342	0,6778	8374	5781	2593
L00542	2	-46,7901616	-23,6750896	3768	0,0531	0,1232	6810	4643	2167
L00543	2	-46,7810676	-23,6817954	3950	0,0506	0,1232	6766	5016	1750
L00544	29	-46,7734160	-23,6802425	3538	0,8197	1,7868	6419	4341	2078
L00545	3	-46,7766899	-23,6802567	3771	0,0796	0,1848	6802	4728	2074
L00549	1	-46,7905836	-23,6983913	3552	0,0282	0,0616	6142	4535	1607
L00551	2	-46,7827546	-23,6998617	2755	0,0726	0,1232	4627	3392	1235
L00556	1	-46,7765383	-23,6680796	2361	0,0424	0,0616	3983	2908	1075
L00561	2	-46,7797991	-23,6713610	3438	0,0582	0,1232	6027	4213	1814
L00562	2	-46,7764988	-23,6792511	2508	0,0797	0,1232	4349	3228	1121
L05547	2	-46,7031531	-23,6485078	2502	0,0799	0,1232	4597	2896	1701
L05549	1	-46,7057350	-23,6332760	4550	0,022	0,0616	7718	5073	2645
L05552	1	-46,4488381	-23,4906612	2090	0,0478	0,0616	3620	2620	1000
L05554	1	-46,4441795	-23,4982353	3546	0,0282	0,0616	6065	4260	1805
L05557	2	-46,4452179	-23,4993366	2352	0,085	0,1232	3986	2897	1089
L05558	2	-46,4234630	-23,5085168	3758	0,0532	0,1232	6529	4735	1794
L05559	1	-46,4198222	-23,5098866	1943	0,0515	0,0616	3330	2529	801
L05561	9	-46,4389924	-23,5145862	3097	0,2906	0,5545	5489	4147	1342
L05563	1	-46,4331534	-23,4945484	2753	0,0363	0,0616	4924	3393	1531
L05567	1	-46,4215117	-23,5013996	3622	0,0276	0,0616	6083	4594	1489
L05569	2	-46,4407439	-23,4944067	1547	0,1293	0,1232	2737	1890	847
L05570	3	-46,4345329	-23,5094734	3688	0,0813	0,1848	6309	4565	1744
L05576	1	-46,4220218	-23,5011268	1232	0,0812	0,0616	1990	1570	420
L05577	2	-46,4390699	-23,4987794	622	0,3215	0,1232	1101	766	335
L05578	6	-46,4526050	-23,5387875	2564	0,234	0,3697	4882	3187	1695
L05579	5	-46,4415141	-23,5227656	2072	0,2413	0,3081	3867	2846	1021
L05580	6	-46,4367093	-23,5286893	3428	0,175	0,3697	6257	4314	1943
L05581	2	-46,4522081	-23,5171617	3935	0,0508	0,1232	6924	5015	1909
L05582	2	-46,4362612	-23,5281919	1912	0,1046	0,1232	3481	2438	1043
L05583	5	-46,4325849	-23,5321585	3488	0,1433	0,3081	6128	4395	1733
L05584	1	-46,4623208	-23,5289299	3239	0,0309	0,0616	5568	4191	1377
L05585	6	-46,4451845	-23,5472188	2365	0,2537	0,3697	4123	3094	1029
L05587	14	-46,4443497	-23,5387667	3161	0,4429	0,8626	5471	4127	1344
L05588	1	-46,4326641	-23,5174330	2595	0,0385	0,0616	4297	3303	994
L05589	1	-46,4544868	-23,5471412	2039	0,049	0,0616	3417	2606	811
L05590	2	-46,4560761	-23,5496358	3285	0,0609	0,1232	6239	4284	1955
L05591	3	-46,4544144	-23,5410443	3621	0,0829	0,1848	6839	4640	2199
L05592	3	-46,4528483	-23,5265608	3373	0,0889	0,1848	6254	4448	1806
L05595	7	-46,4580805	-23,5512840	2564	0,273	0,4313	4400	3342	1058
L05596	8	-46,4536228	-23,5552304	3671	0,2179	0,4929	6672	4852	1820
L05599	8	-46,4443340	-23,5321000	3793	0,2109	0,4929	6860	4712	2148
L05600	2	-46,4589975	-23,5302914	3067	0,0652	0,1232	5494	3916	1578
L05601	5	-46,4359061	-23,5226454	2327	0,2149	0,3081	4159	3108	1051
L05602	3	-46,4402958	-23,5148095	3394	0,0884	0,1848	6298	4377	1921
L05603	8	-46,4430227	-23,5314831	2610	0,3065	0,4929	4621	3404	1217
L05604	6	-46,4434311	-23,5313295	1136	0,5282	0,3697	1958	1485	473
L05610	4	-46,4554689	-23,5282555	6146	0,0651	0,2465	10609	7693	2916
L05611	1	-46,6300964	-23,5033502	2831	0,0353	0,0616	4847	3284	1563
L05624	3	-46,6161131	-23,5004170	2563	0,1171	0,1848	4896	3055	1841
L05674	1	-46,7403488	-23,4962095	1814	0,0551	0,0616	3029	2259	770
L05695	1	-46,6826600	-23,5737124	2079	0,0481	0,0616	3613	2221	1392
L05696	1	-46,6826600	-23,5737124	2813	0,0355	0,0616	4397	3021	1376
L05707	1	-46,7072431	-23,5459153	2353	0,0425	0,0616	3966	2589	1377
L05721	1	-46,5537610	-23,5176740	494	0,2024	0,0616	900	654	246
L05722	1	-46,5000225	-23,5253888	2828	0,0354	0,0616	4665	3627	1038
L05730	1	-46,5498247	-23,5164939	1446	0,0692	0,0616	2917	1826	1091
L05731	1	-46,5285678	-23,5250739	3128	0,032	0,0616	5872	3858	2014
L05734	1	-46,5478984	-23,5284411	2172	0,046	0,0616	4014	2746	1268
L05735	1	-46,4932640	-23,5309670	2238	0,0447	0,0616	4145	2862	1283
L05736	1	-46,5179226	-23,5228086	3663	0,0273	0,0616	6711	4640	2071
L05737	1	-46,4989941	-23,5275262	2079	0,0481	0,0616	3862	2632	1230
L05739	4	-46,4991515	-23,5296706	3000	0,1333	0,2465	5527	3909	1618
L05740	2	-46,5095310	-23,5250203	3929	0,0509	0,1232	7326	4889	2437
L05742	1	-46,5211173	-23,5214041	2853	0,0351	0,0616	5266	3603	1663
L05755	1	-46,5179584	-23,5638358	3205	0,0312	0,0616	5295	4046	1249
L05757	1	-46,5403970	-23,5459183	2015	0,0496	0,0616	3549	2496	1053
L05758	4	-46,5162500	-23,5737164	2339	0,171	0,2465	3728	2933	795
L05760	1	-46,4984532	-23,5847269	4733	0,0211	0,0616	8851	6109	2742
L05762	4	-46,5116367	-23,5763889	1262	0,317	0,2465	2597	1618	979
L05763	2	-46,5178296	-23,5802614	2728	0,0733	0,1232	4620	3507	1113
L05767	1	-46,5144520	-23,5672180	1865	0,0536	0,0616	3112	2401	711
L05770	1	-46,5075141	-23,5806329	2164	0,0462	0,0616	3900	2720	1180
L05773	1	-46,5660691	-23,5558508	2623	0,0381	0,0616	4486	3058	1428
L05778	1	-46,5363195	-23,5540735	2588	0,0386	0,0616	4862	3218	1644
L05779	1	-46,5006634	-23,5840738	2450	0,0408	0,0616	4426	3133	1293
L05780	5	-46,5072844	-23,5706991	5535	0,0903	0,3081	10333	6962	3371
L05781	1	-46,5589094	-23,5412357	2005	0,0499	0,0616	3920	2483	1437
L05786	2	-46,5327843	-23,5461447	1839	0,1088	0,1232	3271	2275	996
L05787	1	-46,5170355	-23,5835096	2514	0,0398	0,0616	4277	3252	1025
L05790	1	-46,5666544	-23,5322415	751	0,1332	0,0616	1423	890	533
L05794	1	-46,5433831	-23,5503063	4135	0,0242	0,0616	6973	5037	1936
L05796	1	-46,5581932	-23,5503944	4508	0,0222	0,0616	6964	5342	1622
L05797	2	-46,5602785	-23,5363132	5811	0,0344	0,1232	9848	6857	2991
L05839	1	-46,6096818	-23,5128587	1440	0,0694	0,0616	2550	1813	737
L05883	1	-46,6071629	-23,4804948	2403	0,0416	0,0616	4353	2845	1508
L05885	1	-46,6064554	-23,4772146	3669	0,0273	0,0616	6325	4434	1891
L05886	1	-46,5974438	-23,4545847	4312	0,0232	0,0616	8140	5407	2733
L05891	1	-46,5884421	-23,4440711	2609	0,0383	0,0616	4730	3437	1293
L05899	1	-46,6056454	-23,4658408	3170	0,0315	0,0616	5858	3789	2069
L05911	1	-46,5953507	-23,4480324	2669	0,0375	0,0616	4700	3478	1222
L05914	1	-46,6046269	-23,4577565	2417	0,0414	0,0616	4627	3016	1611
L05924	2	-46,5604307	-23,5979220	3363	0,0595	0,1232	5863	4288	1575
L05929	1	-46,5585843	-23,5972769	3198	0,0313	0,0616	6011	4129	1882
L05933	1	-46,5471739	-23,5927268	3403	0,0294	0,0616	6295	4294	2001
L05946	1	-46,5642049	-23,5759686	2719	0,0368	0,0616	4371	3343	1028
L05947	1	-46,5795917	-23,5926018	3241	0,0309	0,0616	5895	4000	1895
L05949	2	-46,5838544	-23,5814914	2972	0,0673	0,1232	5338	3529	1809
L05950	1	-46,5543296	-23,5793590	3947	0,0253	0,0616	7538	4962	2576
L05952	1	-46,5523937	-23,5873869	2979	0,0336	0,0616	5466	3759	1707
L05955	2	-46,5775910	-23,5732024	1606	0,1245	0,1232	2687	2013	674
L05958	2	-46,5654838	-23,5972434	2924	0,0684	0,1232	5305	3683	1622
L05966	1	-46,6599239	-23,6127900	4523	0,0221	0,0616	8055	5113	2942
L05969	1	-46,6882980	-23,6116910	2974	0,0336	0,0616	5627	3387	2240
L05972	1	-46,6606590	-23,6082950	3573	0,028	0,0616	6139	4037	2102
L05974	1	-46,6641427	-23,6002288	6184	0,0162	0,0616	10325	6924	3401
L05991	1	-46,6608489	-23,6330376	3246	0,0308	0,0616	5977	3853	2124
L05995	2	-46,6692023	-23,5986819	4821	0,0415	0,1232	7627	5289	2338
L05996	1	-46,6390563	-23,5354119	3573	0,028	0,0616	6373	4095	2278
L06001	1	-46,6367820	-23,6023840	4353	0,023	0,0616	7231	4917	2314
L06003	2	-46,6214935	-23,6221583	2425	0,0825	0,1232	3862	2803	1059
L06011	1	-46,6255542	-23,6092089	2648	0,0378	0,0616	4891	3146	1745
L06012	1	-46,6319660	-23,6059990	2471	0,0405	0,0616	4092	2850	1242
L06014	1	-46,6273692	-23,6096467	1882	0,0531	0,0616	3682	2300	1382
L06020	2	-46,6201994	-23,6074833	1448	0,1381	0,1232	2183	1677	506
L06023	1	-46,6389150	-23,6157370	2881	0,0347	0,0616	4965	3266	1699
L06026	2	-46,6383254	-23,5955707	3315	0,0603	0,1232	5603	3692	1911
L06027	2	-46,6300558	-23,5928665	2573	0,0777	0,1232	4339	2922	1417
L06031	1	-46,5834188	-23,6215419	2911	0,0344	0,0616	5114	3726	1388
L06032	2	-46,6120690	-23,5882350	2927	0,0683	0,1232	5450	3505	1945
L06036	2	-46,6027202	-23,6187027	1079	0,1854	0,1232	2228	1350	878
L06037	1	-46,6027120	-23,6151290	1762	0,0568	0,0616	3240	2071	1169
L06038	5	-46,6043324	-23,5881805	4423	0,113	0,3081	7818	5323	2495
L06041	1	-46,6051622	-23,5751923	2652	0,0377	0,0616	4753	3194	1559
L06044	1	-46,6163598	-23,5850714	1098	0,0911	0,0616	2123	1307	816
L06051	2	-46,6031399	-23,6063806	3228	0,062	0,1232	5899	4148	1751
L06054	5	-46,6080780	-23,6028560	3098	0,1614	0,3081	5810	3763	2047
L06056	2	-46,6019600	-23,5909040	5133	0,039	0,1232	9867	6305	3562
L06057	1	-46,6013725	-23,6127005	1501	0,0666	0,0616	2879	1866	1013
L06058	1	-46,5930326	-23,5972734	2828	0,0354	0,0616	5015	3572	1443
L06060	1	-46,5954073	-23,6104073	3797	0,0263	0,0616	6278	4612	1666
L06061	1	-46,5809811	-23,6100573	2017	0,0496	0,0616	3626	2610	1016
L06067	2	-46,6098374	-23,5932998	5055	0,0396	0,1232	8453	5954	2499
L06664	2	-46,7020763	-23,6853645	3332	0,06	0,1232	5602	4031	1571
L06682	2	-46,7022612	-23,7224803	3236	0,0618	0,1232	5448	4015	1433
L07575	2	-46,6365200	-23,6320743	4017	0,0498	0,1232	7103	4799	2304
L07585	1	-46,6489412	-23,6630793	4484	0,0223	0,0616	7661	5544	2117
L07589	1	-46,6494764	-23,6512620	1689	0,0592	0,0616	2887	2094	793
L07596	1	-46,6408930	-23,6522075	3383	0,0296	0,0616	6330	4133	2197
L07599	1	-46,6460240	-23,6525414	3198	0,0313	0,0616	5298	3899	1399
L07608	2	-46,6393798	-23,6345390	2222	0,09	0,1232	3456	2623	833
L07666	1	-46,7187075	-23,4795423	4684	0,0213	0,0616	9004	6008	2996
L07672	1	-46,7132794	-23,5018341	2276	0,0439	0,0616	4138	2805	1333
L07681	2	-46,7278522	-23,4974960	3589	0,0557	0,1232	6232	4432	1800
L07683	1	-46,4716478	-23,4993793	1880	0,0532	0,0616	3092	2381	711
L07689	1	-46,4919582	-23,5063549	2108	0,0474	0,0616	3605	2714	891
L07695	1	-46,4925761	-23,4889873	3199	0,0313	0,0616	5543	4116	1427
L07700	1	-46,4851971	-23,4905377	3489	0,0287	0,0616	6056	4395	1661
L07701	1	-46,4889435	-23,4985564	3277	0,0305	0,0616	5967	4095	1872
L07704	1	-46,4783102	-23,4996696	2270	0,0441	0,0616	4005	2861	1144
L07708	1	-46,4849725	-23,5032693	2712	0,0369	0,0616	5219	3402	1817
L07729	1	-46,7028160	-23,4979150	3736	0,0268	0,0616	6670	4600	2070
L07750	3	-46,7708337	-23,6299871	13605	0,0221	0,1848	25821	17652	8169
L07751	1	-46,7857380	-23,6492250	2439	0,041	0,0616	4196	3122	1074
L07756	1	-46,7617923	-23,6408234	4236	0,0236	0,0616	7697	5404	2293
L07757	1	-46,7705606	-23,6467603	3321	0,0301	0,0616	5877	4308	1569
L07760	2	-46,7556667	-23,6404221	3739	0,0535	0,1232	6385	4685	1700
L07763	2	-46,7776614	-23,6511000	4197	0,0477	0,1232	7100	5325	1775
L07764	4	-46,7625103	-23,6349197	3815	0,1048	0,2465	6862	4883	1979
L07765	4	-46,7497115	-23,6403144	4495	0,089	0,2465	7813	5662	2151
L07771	1	-46,7622591	-23,6469894	2666	0,0375	0,0616	4394	3333	1061
L07772	1	-46,7607719	-23,6385695	2910	0,0344	0,0616	5170	3706	1464
L07773	1	-46,7538973	-23,6349349	4025	0,0248	0,0616	6657	5039	1618
L07774	1	-46,7498755	-23,6363346	2769	0,0361	0,0616	4952	3627	1325
L08192	1	-46,7464051	-23,5966465	1686	0,0593	0,0616	2775	2051	724
L08196	1	-46,7208297	-23,6076803	2840	0,0352	0,0616	4752	3330	1422
L08210	1	-46,7240153	-23,5828984	1486	0,0673	0,0616	2370	1711	659
L08221	1	-46,7053802	-23,5795572	2467	0,0405	0,0616	4338	2752	1586
L08222	5	-46,5231986	-23,5430712	747	0,6693	0,3081	1280	947	333
L08223	2	-46,5031002	-23,5704138	1840	0,1087	0,1232	3025	2358	667
L08224	1	-46,5372688	-23,5366728	1525	0,0656	0,0616	2736	1894	842
L08225	3	-46,5100191	-23,5446064	4128	0,0727	0,1848	7026	5147	1879
L08228	6	-46,5242269	-23,5438048	897	0,6689	0,3697	1494	1147	347
L08229	4	-46,4982241	-23,5504038	2927	0,1367	0,2465	5051	3739	1312
L08230	9	-46,5221139	-23,5406331	2745	0,3279	0,5545	5219	3471	1748
L08231	3	-46,5079969	-23,5544033	2026	0,1481	0,1848	3550	2546	1004
L08232	1	-46,5442704	-23,5350483	1844	0,0542	0,0616	3342	2318	1024
L08233	7	-46,5151760	-23,5433139	1746	0,4009	0,4313	3085	2237	848
L08234	3	-46,5317956	-23,5421192	3038	0,0987	0,1848	5442	3818	1624
L08235	4	-46,4958682	-23,5663286	2328	0,1718	0,2465	4095	3031	1064
L08236	3	-46,4990570	-23,5735096	2833	0,1059	0,1848	4657	3582	1075
L08237	23	-46,5212577	-23,5434956	2878	0,7992	1,4171	5496	3656	1840
L08239	4	-46,5141185	-23,5517464	2105	0,19	0,2465	3730	2686	1044
L08243	1	-46,5065643	-23,5285802	1947	0,0514	0,0616	3332	2479	853
L08245	1	-46,4984607	-23,5625811	3684	0,0271	0,0616	6646	4873	1773
L08247	3	-46,4906529	-23,5403308	4098	0,0732	0,1848	7785	5311	2474
L08248	1	-46,5330363	-23,5393366	1903	0,0525	0,0616	3430	2454	976
L08249	1	-46,5039869	-23,5596938	939	0,1065	0,0616	1554	1207	347
L08250	1	-46,5370743	-23,5335666	1855	0,0539	0,0616	3292	2341	951
L08251	7	-46,5141937	-23,5522187	2485	0,2817	0,4313	4173	3088	1085
L08252	3	-46,4996257	-23,5474295	2491	0,1204	0,1848	4201	3182	1019
L08253	10	-46,5180016	-23,5532674	1140	0,8772	0,6161	1856	1423	433
L08254	14	-46,5030630	-23,5515660	2892	0,4841	0,8626	5108	3701	1407
L08256	30	-46,5191281	-23,5450183	2851	1,0523	1,8484	5189	3512	1677
L08257	1	-46,4932714	-23,5642955	2006	0,0499	0,0616	3537	2652	885
L08258	2	-46,5095374	-23,5384628	2376	0,0842	0,1232	4461	3015	1446
L08260	2	-46,5041450	-23,5368140	2070	0,0966	0,1232	3558	2654	904
L08261	5	-46,5328060	-23,5351986	2423	0,2064	0,3081	4244	2978	1266
L08262	1	-46,5005028	-23,5350092	2427	0,0412	0,0616	4145	3117	1028
L08263	6	-46,5188258	-23,5451260	620	0,9677	0,3697	1101	755	346
L08265	41	-46,5251630	-23,5338233	5108	0,8027	2,5262	9329	6208	3121
L08266	3	-46,5492719	-23,5643080	3744	0,0801	0,1848	6474	4613	1861
L08268	3	-46,5382964	-23,5663555	2910	0,1031	0,1848	5207	3628	1579
L08271	1	-46,5489169	-23,5706004	2230	0,0448	0,0616	4306	2779	1527
L08272	1	-46,5288323	-23,5727122	2238	0,0447	0,0616	4229	2897	1332
L08273	16	-46,5293776	-23,5796946	1844	0,8677	0,9858	3265	2427	838
L08274	1	-46,5439614	-23,5676780	2439	0,041	0,0616	5027	3105	1922
L08275	6	-46,5344569	-23,5777136	2311	0,2596	0,3697	4317	2988	1329
L08279	3	-46,5397986	-23,5751068	3183	0,0943	0,1848	5939	4067	1872
L08280	8	-46,5272729	-23,5842759	3215	0,2488	0,4929	5879	4206	1673
L08281	3	-46,5410608	-23,5606823	3255	0,0922	0,1848	5649	4123	1526
L08282	1	-46,5363320	-23,5554260	2096	0,0477	0,0616	3766	2596	1170
L08285	2	-46,5421019	-23,5584414	1912	0,1046	0,1232	3129	2348	781
L08286	1	-46,5228208	-23,5778668	2051	0,0488	0,0616	3585	2631	954
L08288	1	-46,5338955	-23,5680719	1022	0,0978	0,0616	1667	1284	383
L08289	3	-46,5316140	-23,5824820	763	0,3932	0,1848	1398	1073	325
L08290	2	-46,5242645	-23,5744660	1705	0,1173	0,1232	2898	2194	704
L08291	1	-46,5310432	-23,5705664	1533	0,0652	0,0616	2532	1897	635
L08295	1	-46,5903643	-23,4794354	1163	0,086	0,0616	1836	1454	382
L08300	1	-46,5778738	-23,4504834	1879	0,0532	0,0616	3503	2489	1014
L08310	2	-46,5695747	-23,4643168	1609	0,1243	0,1232	2951	2225	726
L08319	1	-46,5865377	-23,4726386	407	0,2457	0,0616	689	493	196
L08324	6	-46,5186723	-23,5960943	684	0,8772	0,3697	1181	881	300
L08325	2	-46,5316668	-23,6073717	2872	0,0696	0,1232	5114	3787	1327
L08326	1	-46,5355996	-23,6112794	1612	0,062	0,0616	2758	2088	670
L08327	5	-46,5339774	-23,5909237	3590	0,1393	0,3081	6889	4568	2321
L08328	5	-46,5218639	-23,6015171	3067	0,163	0,3081	5474	3871	1603
L08329	5	-46,5324351	-23,6017298	2549	0,1962	0,3081	4651	3215	1436
L08330	4	-46,5220144	-23,6090632	4420	0,0905	0,2465	8006	5587	2419
L08331	13	-46,5224167	-23,5870214	2150	0,6047	0,801	3937	2882	1055
L08332	1	-46,5276317	-23,6081073	3269	0,0306	0,0616	5625	4153	1472
L08333	7	-46,5151342	-23,5886563	3403	0,2057	0,4313	6060	4434	1626
L08334	21	-46,5237361	-23,5957342	4037	0,5202	1,2939	7533	5184	2349
L08335	2	-46,5288900	-23,6093393	3208	0,0623	0,1232	5889	4085	1804
L08336	1	-46,5384444	-23,6045283	3264	0,0306	0,0616	5992	4063	1929
L08337	3	-46,5124860	-23,5891800	2899	0,1035	0,1848	5040	3740	1300
L08338	10	-46,5148744	-23,5961389	3454	0,2895	0,6161	6476	4342	2134
L08339	8	-46,5170364	-23,6013813	1959	0,4084	0,4929	3455	2476	979
L08340	3	-46,5365552	-23,5957785	3050	0,0984	0,1848	5865	3909	1956
L08342	11	-46,5266764	-23,5902384	2424	0,4538	0,6778	4325	3078	1247
L08343	6	-46,5377963	-23,5816242	3112	0,1928	0,3697	5858	3912	1946
L08344	2	-46,5190849	-23,6068070	2708	0,0739	0,1232	4764	3597	1167
L08345	10	-46,5147192	-23,6040731	1897	0,5271	0,6161	3330	2446	884
L08346	7	-46,5159118	-23,5981902	1878	0,3727	0,4313	3155	2401	754
L08347	5	-46,5166850	-23,6068230	703	0,7112	0,3081	1291	914	377
L08349	7	-46,5265229	-23,5911881	1522	0,4599	0,4313	2691	1958	733
L08351	11	-46,5255369	-23,5976545	4099	0,2684	0,6778	7280	5240	2040
L08361	1	-46,6490180	-23,6808501	3642	0,0275	0,0616	6749	4652	2097
L08365	1	-46,6383547	-23,6857440	3713	0,0269	0,0616	6684	4675	2009
L08367	1	-46,6760160	-23,6550423	3987	0,0251	0,0616	6800	4757	2043
L08368	4	-46,6511485	-23,6760229	3448	0,116	0,2465	6243	4435	1808
L08369	2	-46,6692349	-23,6669498	3705	0,054	0,1232	6566	4618	1948
L08372	1	-46,6459844	-23,6750154	2880	0,0347	0,0616	5258	3622	1636
L08377	1	-46,6776829	-23,6644228	3581	0,0279	0,0616	6118	4373	1745
L08382	1	-46,3763198	-23,4939856	3628	0,0276	0,0616	6476	4624	1852
L08385	2	-46,3767415	-23,5064594	1891	0,1058	0,1232	3406	2573	833
L08386	3	-46,3879010	-23,5188440	3845	0,078	0,1848	6696	5024	1672
L08390	6	-46,3766695	-23,5066526	4172	0,1438	0,3697	7610	5548	2062
L08393	1	-46,3905136	-23,4921738	2500	0,04	0,0616	4429	3299	1130
L08394	2	-46,3870301	-23,4964237	3348	0,0597	0,1232	5936	4200	1736
L08395	4	-46,3832792	-23,5056992	1754	0,2281	0,2465	3113	2293	820
L08396	1	-46,3830556	-23,4914097	2865	0,0349	0,0616	5005	3783	1222
L08399	1	-46,3842236	-23,5203421	3359	0,0298	0,0616	6149	4622	1527
L08400	6	-46,3850728	-23,5122978	3974	0,151	0,3697	7123	5016	2107
L08402	2	-46,3759431	-23,5147403	1122	0,1783	0,1232	1980	1519	461
L08403	1	-46,3988792	-23,5093492	2345	0,0426	0,0616	4153	3085	1068
L08407	2	-46,3789952	-23,5024583	2675	0,0748	0,1232	4880	3556	1324
L08408	2	-46,3900305	-23,4923096	2762	0,0724	0,1232	5089	3777	1312
L08409	2	-46,4020530	-23,4932319	3373	0,0593	0,1232	6356	4333	2023
L08410	1	-46,3944620	-23,4902290	2920	0,0342	0,0616	5431	3694	1737
L08413	1	-46,3937105	-23,5156176	1095	0,0913	0,0616	2083	1525	558
L08414	1	-46,3950439	-23,4989421	2828	0,0354	0,0616	5125	3485	1640
L08417	8	-46,3806444	-23,5150740	2751	0,2908	0,4929	4718	3665	1053
L08418	1	-46,3817906	-23,5034832	3675	0,0272	0,0616	6492	4833	1659
L08422	1	-46,4003582	-23,5441270	1520	0,0658	0,0616	2178	1462	716
L08424	2	-46,4006522	-23,5380013	865	0,2312	0,1232	1585	1163	422
L08425	5	-46,4057199	-23,5624173	3131	0,1597	0,3081	5663	4158	1505
L08426	1	-46,4008912	-23,5381934	3356	0,0298	0,0616	6116	4546	1570
L08427	1	-46,4213722	-23,5297891	4764	0,021	0,0616	7765	5959	1806
L08429	2	-46,4009383	-23,5583730	2595	0,0771	0,1232	4383	3368	1015
L08430	1	-46,4157806	-23,5492070	1808	0,0553	0,0616	3393	2325	1068
L08435	4	-46,4142302	-23,5447436	2123	0,1884	0,2465	4075	2620	1455
L08436	3	-46,4107031	-23,5355506	3955	0,0759	0,1848	7305	5186	2119
L08437	5	-46,3986836	-23,5531127	1923	0,26	0,3081	3328	2531	797
L08438	1	-46,4254538	-23,5250259	3705	0,027	0,0616	6437	4786	1651
L08439	2	-46,4207673	-23,5460751	2866	0,0698	0,1232	5637	3838	1799
L08441	2	-46,3973726	-23,5355326	2439	0,082	0,1232	4306	3101	1205
L08442	1	-46,3994934	-23,5325352	3824	0,0262	0,0616	7163	5062	2101
L08444	1	-46,3977921	-23,5358129	2757	0,0363	0,0616	5165	3761	1404
L08445	4	-46,4037610	-23,5596980	3457	0,1157	0,2465	2665	1848	817
L08447	2	-46,4023822	-23,5509844	1988	0,1006	0,1232	3479	2599	880
L08448	1	-46,4087514	-23,5527119	2094	0,0478	0,0616	4017	2779	1238
L08449	1	-46,4174509	-23,5537296	2587	0,0387	0,0616	5105	3534	1571
L08451	1	-46,3909828	-23,5442229	2400	0,0417	0,0616	4283	3241	1042
L08453	5	-46,4234233	-23,5381049	2084	0,2399	0,3081	3936	2769	1167
L08454	1	-46,4066295	-23,5366390	2713	0,0369	0,0616	4822	3590	1232
L08455	3	-46,4007548	-23,5495498	2353	0,1275	0,1848	4306	3004	1302
L08457	5	-46,3967810	-23,5545250	1819	0,2749	0,3081	3404	2514	890
L08458	1	-46,4104297	-23,5438072	1432	0,0698	0,0616	2582	1817	765
L08459	5	-46,4060980	-23,5364980	1267	0,3946	0,3081	1475	1092	383
L08461	3	-46,4228459	-23,5390975	2171	0,1382	0,1848	3128	2231	897
L08462	1	-46,4037610	-23,5596980	1122	0,0891	0,0616	954	745	209
L08463	2	-46,4145590	-23,5542970	860	0,2326	0,1232	1549	1145	404
L08863	1	-46,6886063	-23,7505995	3166	0,0316	0,0616	5819	4112	1707
L08864	1	-46,6731203	-23,7622871	4632	0,0216	0,0616	7907	6053	1854
L08866	1	-46,6833302	-23,7528996	2031	0,0492	0,0616	3523	2593	930
L08871	2	-46,6684971	-23,7532554	4993	0,0401	0,1232	8570	6421	2149
L08885	2	-46,7826347	-23,7426504	5319	0,0376	0,1232	9184	6673	2511
L08887	3	-46,7821867	-23,7409511	5907	0,0508	0,1848	10173	7415	2758
L08888	4	-46,7449271	-23,6845334	3976	0,1006	0,2465	6506	4872	1634
L08889	2	-46,7529192	-23,6919752	3326	0,0601	0,1232	5647	4219	1428
L08891	10	-46,7705221	-23,7208213	4451	0,2247	0,6161	7568	5541	2027
L08893	4	-46,7717602	-23,6885585	842	0,4751	0,2465	1410	1044	366
L08894	1	-46,7822515	-23,7187870	4175	0,024	0,0616	7569	5347	2222
L08897	1	-46,7579085	-23,6866996	1823	0,0549	0,0616	3092	2340	752
L08900	1	-46,7459944	-23,6760859	3870	0,0258	0,0616	6211	4807	1404
L08901	2	-46,7645258	-23,6853526	2060	0,0971	0,1232	3371	2470	901
L08903	1	-46,7549903	-23,6797057	2449	0,0408	0,0616	4419	3166	1253
L08904	4	-46,7658122	-23,6917667	2592	0,1543	0,2465	4485	3296	1189
L08909	1	-46,7343899	-23,6780392	4253	0,0235	0,0616	6926	5231	1695
L08910	3	-46,7644449	-23,7005122	3583	0,0837	0,1848	6421	4721	1700
L08911	1	-46,7895404	-23,7358720	4436	0,0225	0,0616	7779	5629	2150
L08915	1	-46,7923315	-23,7092825	2309	0,0433	0,0616	4001	2961	1040
L08918	15	-46,7646129	-23,6800985	3973	0,3775	0,9242	7083	4944	2139
L08919	1	-46,7518905	-23,6805097	3188	0,0314	0,0616	5387	4046	1341
L08920	6	-46,7717602	-23,6885585	3458	0,1735	0,3697	6360	4250	2110
L08924	1	-46,7528366	-23,6745244	3179	0,0315	0,0616	5308	3981	1327
L08925	4	-46,7637275	-23,6860902	3526	0,1134	0,2465	6017	4176	1841
L08926	3	-46,7768923	-23,6963317	2699	0,1112	0,1848	4639	3456	1183
L08928	2	-46,7383011	-23,6797511	3519	0,0568	0,1232	5719	4390	1329
L08930	2	-46,7603013	-23,6823176	2127	0,094	0,1232	3532	2612	920
L08933	1	-46,7407017	-23,6677721	3280	0,0305	0,0616	5502	4064	1438
L08934	4	-46,7701634	-23,7200619	4256	0,094	0,2465	7146	5402	1744
L08936	5	-46,7568865	-23,7221715	4624	0,1081	0,3081	7539	5712	1827
L08937	4	-46,7398408	-23,6738654	4636	0,0863	0,2465	7955	5725	2230
L08938	2	-46,7563790	-23,6782580	1306	0,1531	0,1232	2186	1665	521
L08939	1	-46,7687891	-23,6747016	1964	0,0509	0,0616	3621	2542	1079
L08940	1	-46,7643695	-23,6705361	2617	0,0382	0,0616	4716	3439	1277
L08943	1	-46,7619149	-23,6635947	1581	0,0633	0,0616	2777	2012	765
L08944	1	-46,7869811	-23,6550768	3281	0,0305	0,0616	5927	4213	1714
L08945	4	-46,7595495	-23,6741975	3422	0,1169	0,2465	5713	4273	1440
L08948	2	-46,7709966	-23,6560362	4506	0,0444	0,1232	7853	5738	2115
L08951	1	-46,7886418	-23,6575053	2044	0,0489	0,0616	3413	2611	802
L08952	2	-46,7676270	-23,6679840	4298	0,0465	0,1232	7695	5421	2274
L08954	1	-46,7664599	-23,6622186	3884	0,0257	0,0616	7168	4912	2256
L08955	2	-46,7671835	-23,6773241	4100	0,0488	0,1232	7105	5165	1940
L08956	1	-46,7685672	-23,6718762	1603	0,0624	0,0616	2820	2048	772
L08959	3	-46,7717000	-23,6780060	1598	0,1877	0,1848	2710	2016	694
L08965	1	-46,7675970	-23,6617050	4014	0,0249	0,0616	7021	5104	1917
L08980	1	-46,7469625	-23,5508738	2646	0,0378	0,0616	4690	3392	1298
L08983	1	-46,7950827	-23,6026719	3496	0,0286	0,0616	6021	4411	1610
L08990	1	-46,7660251	-23,5891918	3308	0,0302	0,0616	5815	4319	1496
L09034	1	-46,7138143	-23,5687160	6650	0,015	0,0616	11871	7672	4199
L09036	2	-46,4835312	-23,6003513	2527	0,0791	0,1232	4456	3269	1187
L09039	2	-46,4545421	-23,6241104	1336	0,1497	0,1232	2381	1745	636
L09040	1	-46,4696590	-23,6129782	2328	0,043	0,0616	4085	3035	1050
L09041	1	-46,4824676	-23,6012239	2857	0,035	0,0616	5384	3613	1771
L09043	1	-46,4541133	-23,6084711	2305	0,0434	0,0616	4116	3063	1053
L09044	3	-46,4785593	-23,5947194	2910	0,1031	0,1848	5416	3690	1726
L09046	3	-46,4451983	-23,6306149	3152	0,0952	0,1848	5392	4009	1383
L09049	7	-46,4853651	-23,6170989	949	0,7376	0,4313	1778	1284	494
L09050	6	-46,4823318	-23,5909468	1623	0,3697	0,3697	2982	2201	781
L09055	1	-46,4697272	-23,6168476	2373	0,0421	0,0616	4452	3100	1352
L09057	3	-46,4881751	-23,5991604	3417	0,0878	0,1848	5868	4270	1598
L09059	2	-46,4626277	-23,6209456	3192	0,0627	0,1232	6229	4211	2018
L09060	1	-46,4915612	-23,5952026	2836	0,0353	0,0616	5085	3699	1386
L09061	1	-46,4681630	-23,6266932	2245	0,0445	0,0616	4236	3031	1205
L09062	24	-46,4892324	-23,6122890	2777	0,8642	1,4787	5135	3576	1559
L09063	2	-46,4785920	-23,6052751	3582	0,0558	0,1232	6447	4604	1843
L09064	1	-46,4444469	-23,6341908	3618	0,0276	0,0616	6385	4760	1625
L09066	3	-46,4621492	-23,6284570	2730	0,1099	0,1848	5142	3766	1376
L09067	1	-46,4707484	-23,6169001	1697	0,0589	0,0616	3007	2250	757
L09068	1	-46,4579281	-23,6104786	2371	0,0422	0,0616	4220	3084	1136
L09069	1	-46,4670370	-23,6008861	3027	0,033	0,0616	5073	3872	1201
L09070	2	-46,4466713	-23,6086516	4014	0,0498	0,1232	7074	5208	1866
L09072	1	-46,4711933	-23,6237846	2817	0,0355	0,0616	4983	3737	1246
L09076	1	-46,4921282	-23,5878134	2168	0,0461	0,0616	4122	2686	1436
L09077	4	-46,4645811	-23,6112224	3566	0,1122	0,2465	6521	4469	2052
L09078	1	-46,4574058	-23,6320001	2934	0,0341	0,0616	5182	3779	1403
L09080	2	-46,4532396	-23,6020534	2820	0,0709	0,1232	4742	3542	1200
L09082	1	-46,4571907	-23,6309235	1515	0,066	0,0616	2682	1961	721
L09083	1	-46,4464970	-23,6396360	2818	0,0355	0,0616	4787	3634	1153
L09084	2	-46,4866751	-23,5892640	2723	0,0734	0,1232	4672	3532	1140
L09085	1	-46,4719716	-23,6057020	3309	0,0302	0,0616	6370	4187	2183
L09087	2	-46,4867752	-23,5894497	1371	0,1459	0,1232	2324	1804	520
L09088	1	-46,4794297	-23,6111057	1109	0,0902	0,0616	1904	1450	454
L09091	1	-46,4719748	-23,6101579	2941	0,034	0,0616	5080	3787	1293
L09094	2	-46,7117310	-23,4620560	3852	0,0519	0,1232	7063	5062	2001
L09114	1	-46,6740490	-23,4675988	995	0,1005	0,0616	1554	1250	304
L09116	1	-46,6837802	-23,4832228	2960	0,0338	0,0616	5049	3734	1315
L09324	1	-46,6807410	-23,7669661	7735	0,0129	0,0616	13259	9980	3279
L09325	1	-46,7263218	-23,8274592	6787	0,0147	0,0616	12142	8727	3415
L09337	1	-46,7106055	-23,7451522	2081	0,0481	0,0616	3438	2605	833
L09360	1	-46,7119437	-23,7376852	1979	0,0505	0,0616	3356	2393	963
L09362	1	-46,7145555	-23,7851162	4313	0,0232	0,0616	7001	5315	1686
L09650	1	-46,7167070	-23,4450305	2708	0,0369	0,0616	4712	3446	1266
L09698	1	-46,5211510	-23,5024680	3117	0,0321	0,0616	5306	4002	1304
L09701	1	-46,5067684	-23,5021411	4523	0,0221	0,0616	8238	6120	2118
L09702	1	-46,5462397	-23,5116021	3181	0,0314	0,0616	5845	4123	1722
L09703	1	-46,5143098	-23,5025941	3250	0,0308	0,0616	6003	4205	1798
L09708	2	-46,5011972	-23,4910374	3598	0,0556	0,1232	5673	4513	1160
L09709	2	-46,5011218	-23,4970068	2480	0,0806	0,1232	4098	3151	947
L09715	4	-46,5417660	-23,5078996	2268	0,1764	0,2465	4139	2897	1242
L09720	1	-46,5061927	-23,4971573	1578	0,0634	0,0616	2480	1979	501
L09756	2	-46,5035712	-23,5158497	3180	0,0629	0,1232	5593	4105	1488
L09757	1	-46,4799583	-23,5263781	2015	0,0496	0,0616	3665	2771	894
L09759	1	-46,4893072	-23,5119538	2407	0,0415	0,0616	4544	3045	1499
L09760	2	-46,5123128	-23,5122863	1870	0,107	0,1232	3618	2345	1273
L09762	1	-46,4813689	-23,5374258	3181	0,0314	0,0616	5713	4094	1619
L09764	1	-46,4678340	-23,5355610	3575	0,028	0,0616	6685	4497	2188
L09769	1	-46,4765549	-23,5327711	2321	0,0431	0,0616	4173	2902	1271
L09770	3	-46,5081371	-23,5141476	2763	0,1086	0,1848	5024	3413	1611
L09780	1	-46,4939673	-23,5195032	2596	0,0385	0,0616	4433	3417	1016
L09925	2	-46,4289892	-23,4865951	4098	0,0488	0,1232	7255	5323	1932
L09929	1	-46,4136703	-23,4837091	3959	0,0253	0,0616	6588	5137	1451
L09930	1	-46,4160982	-23,5152778	3213	0,0311	0,0616	5343	4160	1183
L09931	1	-46,4248518	-23,4746436	3594	0,0278	0,0616	5847	4535	1312
L09932	1	-46,4170900	-23,5033830	2547	0,0393	0,0616	4564	3380	1184
L09935	4	-46,4135985	-23,4998743	4252	0,0941	0,2465	7458	5385	2073
L09937	3	-46,4180284	-23,4905184	3021	0,0993	0,1848	5041	3920	1121
L09938	1	-46,4304864	-23,4825986	3466	0,0289	0,0616	5946	4422	1524
L09942	2	-46,4066823	-23,5098630	3334	0,06	0,1232	5872	4480	1392
L09943	2	-46,4100104	-23,4972377	3575	0,0559	0,1232	6284	4540	1744
L09944	1	-46,4089885	-23,5099210	2792	0,0358	0,0616	4837	3753	1084
L09945	2	-46,4180582	-23,4867289	3677	0,0544	0,1232	6336	4651	1685
L09960	1	-46,4662456	-23,5033514	2103	0,0476	0,0616	3666	2754	912
L09961	2	-46,4759909	-23,5120600	2556	0,0782	0,1232	4311	3397	914
L09963	1	-46,4697092	-23,5174500	2760	0,0362	0,0616	4709	3527	1182
L09964	1	-46,4478293	-23,5112363	2288	0,0437	0,0616	3975	3015	960
L09966	1	-46,4707463	-23,5183632	1412	0,0708	0,0616	2465	1865	600
L09970	1	-46,4560056	-23,5122728	3898	0,0257	0,0616	6534	5016	1518
L10158	2	-46,3926354	-23,5832254	1568	0,1276	0,1232	2736	1965	771
L10159	1	-46,3986638	-23,5652267	1792	0,0558	0,0616	2935	2258	677
L10161	4	-46,4041961	-23,5809663	1876	0,2132	0,2465	3205	2396	809
L10162	3	-46,4037340	-23,5668844	2580	0,1163	0,1848	4380	3282	1098
L10164	1	-46,4000259	-23,5999090	3063	0,0326	0,0616	5283	3824	1459
L10167	1	-46,3942217	-23,5647062	799	0,1252	0,0616	1480	1043	437
L10169	1	-46,4441227	-23,5965195	3830	0,0261	0,0616	6692	4988	1704
L10170	8	-46,4029258	-23,5791123	3594	0,2226	0,4929	6150	4576	1574
L10172	4	-46,3911438	-23,5781477	2553	0,1567	0,2465	4332	3191	1141
L10173	1	-46,4070213	-23,5656205	2817	0,0355	0,0616	4782	3657	1125
L10175	1	-46,4239217	-23,6195549	2758	0,0363	0,0616	4547	3517	1030
L10177	1	-46,4190164	-23,6146521	2988	0,0335	0,0616	5509	4074	1435
L10180	5	-46,4062685	-23,5831792	1633	0,3062	0,3081	2765	2101	664
L10181	1	-46,4265792	-23,6089678	835	0,1198	0,0616	1407	1067	340
L10182	1	-46,4165108	-23,5924694	2887	0,0346	0,0616	4796	3618	1178
L10184	1	-46,3942223	-23,5789990	3555	0,0281	0,0616	6001	4511	1490
L10185	1	-46,4231640	-23,5985590	1231	0,0812	0,0616	2022	1583	439
L10187	2	-46,3967077	-23,5644405	2905	0,0688	0,1232	5094	3653	1441
L10188	2	-46,4191310	-23,5953088	1697	0,1179	0,1232	2949	2195	754
L10189	1	-46,4043421	-23,6017481	2151	0,0465	0,0616	3771	2855	916
L10191	1	-46,4081455	-23,5938557	2942	0,034	0,0616	4794	3605	1189
L10192	1	-46,4115162	-23,5827476	2764	0,0362	0,0616	4732	3574	1158
L10193	1	-46,4414315	-23,5961736	2959	0,0338	0,0616	5227	3738	1489
L10194	1	-46,3915721	-23,5870657	3661	0,0273	0,0616	5997	4550	1447
L10195	2	-46,4005020	-23,5933829	2950	0,0678	0,1232	5001	3717	1284
L10198	4	-46,4014360	-23,5912442	4177	0,0958	0,2465	6889	5203	1686
L10200	2	-46,4077080	-23,5934470	2037	0,0982	0,1232	3462	2558	904
L10201	2	-46,4342227	-23,5757888	1260	0,1587	0,1232	2285	1597	688
L10202	3	-46,4258475	-23,5516624	1476	0,2033	0,1848	2694	1997	697
L10203	4	-46,4258537	-23,5660747	3386	0,1181	0,2465	6124	4511	1613
L10204	1	-46,4437362	-23,5536130	3367	0,0297	0,0616	5872	4414	1458
L10207	7	-46,4402616	-23,5431917	2833	0,2471	0,4313	4781	3684	1097
L10208	2	-46,4337487	-23,5491681	3521	0,0568	0,1232	6483	4451	2032
L10209	4	-46,4412380	-23,5517239	2465	0,1623	0,2465	4185	3101	1084
L10210	7	-46,4355290	-23,5413160	4313	0,1623	0,4313	7351	5434	1917
L10211	3	-46,4410384	-23,5384069	4053	0,074	0,1848	7309	5151	2158
L10212	5	-46,4277510	-23,5498460	3585	0,1395	0,3081	6336	4627	1709
L10213	4	-46,4350193	-23,5546910	4684	0,0854	0,2465	8573	6058	2515
L10214	1	-46,4333967	-23,5385367	1399	0,0715	0,0616	2572	1879	693
L10215	3	-46,4375782	-23,5533997	2536	0,1183	0,1848	4483	3244	1239
L10216	6	-46,4285496	-23,5394983	3748	0,1601	0,3697	6636	4916	1720
L10217	5	-46,4293241	-23,5467063	3148	0,1588	0,3081	5968	4010	1958
L10219	1	-46,4216949	-23,5880443	2893	0,0346	0,0616	4936	3772	1164
L10220	2	-46,4161442	-23,5651315	3039	0,0658	0,1232	5389	3972	1417
L10222	2	-46,4387810	-23,5470846	1896	0,1055	0,1232	3138	2443	695
L10316	1	-46,7406208	-23,6440978	2363	0,0423	0,0616	4428	2886	1542
L10491	2	-46,6063628	-23,6334842	2562	0,0781	0,1232	4662	3165	1497
L10492	22	-46,6086090	-23,6438400	4118	0,5342	1,3555	7089	5189	1900
L10493	2	-46,6004969	-23,6242367	3658	0,0547	0,1232	6286	4333	1953
L10494	8	-46,6056518	-23,6282751	4556	0,1756	0,4929	7496	5612	1884
L10495	2	-46,6042777	-23,6188105	1662	0,1203	0,1232	2687	1983	704
L10496	1	-46,6171064	-23,6170233	2347	0,0426	0,0616	4315	2704	1611
L10497	1	-46,6090050	-23,6525822	4417	0,0226	0,0616	7225	5438	1787
L10498	4	-46,5966151	-23,6408907	3200	0,125	0,2465	5549	3932	1617
L10500	9	-46,6198639	-23,6259356	4553	0,1977	0,5545	8580	5593	2987
L10501	25	-46,6131234	-23,6336255	3411	0,7329	1,5404	6193	4182	2011
L10502	21	-46,6166660	-23,6283520	2618	0,8021	1,2939	4677	3342	1335
L10503	7	-46,6068182	-23,6262334	2963	0,2362	0,4313	5466	3635	1831
L10504	1	-46,6101359	-23,6467725	2446	0,0409	0,0616	4304	2974	1330
L10506	2	-46,5972438	-23,6398797	2835	0,0705	0,1232	4669	3551	1118
L10507	1	-46,6088981	-23,6130570	3204	0,0312	0,0616	5234	3891	1343
L10508	7	-46,6226811	-23,6322515	4079	0,1716	0,4313	7342	5130	2212
L10509	2	-46,6042492	-23,6485675	2893	0,0691	0,1232	4670	3547	1123
L10510	3	-46,5992590	-23,6380620	2766	0,1085	0,1848	4728	3350	1378
L10512	4	-46,6126960	-23,6136070	2782	0,1438	0,2465	4566	3356	1210
L10513	12	-46,6148883	-23,6223499	2743	0,4375	0,7394	4986	3378	1608
L10514	12	-46,6067712	-23,6385971	3445	0,3483	0,7394	5811	4310	1501
L10515	1	-46,5935567	-23,6451630	3108	0,0322	0,0616	5258	3966	1292
L10516	2	-46,6134748	-23,6571470	3833	0,0522	0,1232	5910	4608	1302
L10517	6	-46,6050459	-23,6252795	2397	0,2503	0,3697	4071	2968	1103
L10518	3	-46,6185590	-23,6207827	1571	0,191	0,1848	2530	1910	620
L10609	4	-46,4834938	-23,5654763	1529	0,2616	0,2465	2675	2050	625
L10610	1	-46,4812016	-23,5483731	3878	0,0258	0,0616	6716	5098	1618
L10611	8	-46,4696904	-23,5681129	5770	0,1386	0,4929	11060	7441	3619
L10612	4	-46,4871909	-23,5625475	3428	0,1167	0,2465	5997	4558	1439
L10613	4	-46,4813947	-23,5513733	2971	0,1346	0,2465	4901	3803	1098
L10614	3	-46,4765220	-23,5538502	1616	0,1856	0,1848	2992	2135	857
L10616	7	-46,4850436	-23,5755403	2607	0,2685	0,4313	4518	3409	1109
L10617	3	-46,4705701	-23,5650788	2486	0,1207	0,1848	4479	3304	1175
L10618	2	-46,4876555	-23,5528722	3863	0,0518	0,1232	7214	4790	2424
L10619	2	-46,4735226	-23,5580480	2559	0,0782	0,1232	4469	3296	1173
L10620	2	-46,4864496	-23,5496384	3089	0,0647	0,1232	5680	3970	1710
L10621	3	-46,4798018	-23,5438419	3988	0,0752	0,1848	7410	5062	2348
L10622	1	-46,4616617	-23,5574890	4046	0,0247	0,0616	7280	5166	2114
L10623	5	-46,4610673	-23,5638539	2685	0,1862	0,3081	4646	3537	1109
L10625	1	-46,4714895	-23,5528836	3285	0,0304	0,0616	5837	4288	1549
L10627	2	-46,4652985	-23,5546299	3666	0,0546	0,1232	6843	4619	2224
L10628	2	-46,4787958	-23,5757265	2501	0,08	0,1232	4279	3187	1092
L10629	2	-46,4814410	-23,5690400	3111	0,0643	0,1232	5332	4086	1246
L10630	1	-46,4606590	-23,5643471	657	0,1522	0,0616	1114	874	240
L10631	1	-46,4748034	-23,5576482	753	0,1328	0,0616	1240	968	272
L10633	2	-46,4580781	-23,5527746	2129	0,0939	0,1232	3815	2839	976
L10634	1	-46,4834194	-23,5646629	196	0,5102	0,0616	330	245	85
L10639	1	-46,6668566	-23,6825593	3864	0,0259	0,0616	6372	4667	1705
L10646	1	-46,6646874	-23,6848562	3387	0,0295	0,0616	6111	4324	1787
L10651	1	-46,6505536	-23,7001667	3622	0,0276	0,0616	6325	4590	1735
L10663	1	-46,6656946	-23,6912971	3280	0,0305	0,0616	5926	4159	1767
L10669	1	-46,6638547	-23,6762157	2108	0,0474	0,0616	3608	2741	867
L10717	1	-46,5630814	-23,4738195	2767	0,0361	0,0616	5120	3441	1679
L10741	2	-46,5010529	-23,6213622	3848	0,052	0,1232	6829	5091	1738
L10742	5	-46,4935076	-23,6091331	3091	0,1618	0,3081	5399	3979	1420
L10744	8	-46,5101702	-23,6058819	5877	0,1361	0,4929	10885	7744	3141
L10745	3	-46,5040533	-23,6054351	4046	0,0741	0,1848	7138	5324	1814
L10746	2	-46,4876384	-23,6218370	1995	0,1003	0,1232	3308	2519	789
L10747	1	-46,5153124	-23,6258598	2667	0,0375	0,0616	4720	3501	1219
L10748	1	-46,5058043	-23,6251616	1553	0,0644	0,0616	2754	2135	619
L10750	1	-46,4877685	-23,6127096	3376	0,0296	0,0616	5906	4461	1445
L10751	2	-46,5061790	-23,6170608	3511	0,057	0,1232	6321	4673	1648
L10752	3	-46,4907070	-23,6054790	4502	0,0666	0,1848	7815	5884	1931
L10754	2	-46,5130142	-23,6093532	2664	0,0751	0,1232	4782	3440	1342
L10755	4	-46,5095210	-23,5996670	3646	0,1097	0,2465	6483	4687	1796
L10757	2	-46,5082245	-23,6128851	3263	0,0613	0,1232	5872	4151	1721
L10759	6	-46,5020070	-23,6161748	3261	0,184	0,3697	6105	4125	1980
L10760	7	-46,4938454	-23,6105292	2751	0,2545	0,4313	4899	3482	1417
L10761	1	-46,5060459	-23,6042916	1480	0,0676	0,0616	2549	1937	612
L10765	2	-46,4965013	-23,6166543	3324	0,0602	0,1232	6076	4282	1794
L10780	2	-46,6459828	-23,4561450	2090	0,0957	0,1232	3524	2632	892
L10789	1	-46,6351309	-23,4713832	3445	0,029	0,0616	6308	4270	2038
L10792	1	-46,6392692	-23,4685393	2749	0,0364	0,0616	4914	3299	1615
