cod_local	QT_VOTOS	longitude	latitude	LOC_VALID	%_LOC_V	%_CAND	QT_APTOS	QT_COMPARECIMENTO	QT_ABSTENCOES
L00002	4	-46,6458082	-23,5644282	2271	0,1761	0,1067	3779	2548	1231
L00003	6	-46,6455650	-23,5547500	3290	0,1824	0,16	5696	3792	1904
L00004	10	-46,6511260	-23,5652103	5298	0,1888	0,2667	9838	5921	3917
L00005	3	-46,6603762	-23,5406137	4082	0,0735	0,08	8248	4503	3745
L00006	6	-46,6471893	-23,5496488	4359	0,1376	0,16	8358	5061	3297
L00007	1	-46,6432717	-23,5529543	1958	0,0511	0,0267	3791	2317	1474
L00008	3	-46,6464095	-23,5560819	3643	0,0823	0,08	6983	4278	2705
L00009	1	-46,6401698	-23,5538581	823	0,1215	0,0267	1409	943	466
L00010	1	-46,6355899	-23,5623979	2996	0,0334	0,0267	5666	3638	2028
L00011	8	-46,6535747	-23,5498948	3808	0,2101	0,2134	7072	4407	2665
L00012	3	-46,6461964	-23,5700830	3252	0,0923	0,08	6283	3656	2627
L00013	1	-46,6421456	-23,5572933	2899	0,0345	0,0267	5416	3426	1990
L00014	2	-46,6289218	-23,5548030	2700	0,0741	0,0533	5182	3459	1723
L00015	5	-46,6368132	-23,5574886	3591	0,1392	0,1334	7151	4273	2878
L00018	6	-46,6419109	-23,5592168	3389	0,177	0,16	7001	3906	3095
L00019	5	-46,6376429	-23,5607300	2664	0,1877	0,1334	5259	3125	2134
L00020	3	-46,6376429	-23,5607300	2293	0,1308	0,08	5052	2698	2354
L00021	10	-46,6419109	-23,5592168	3437	0,291	0,2667	6548	4013	2535
L00022	15	-46,6521240	-23,5458002	10350	0,1449	0,4001	18525	11583	6942
L00023	7	-46,6498912	-23,5493645	2834	0,247	0,1867	4909	3201	1708
L00024	3	-46,6497533	-23,5485991	1896	0,1582	0,08	3234	2130	1104
L00026	3	-46,6351446	-23,5631017	1170	0,2564	0,08	2088	1410	678
L00027	3	-46,6368084	-23,5498480	2635	0,1139	0,08	5430	3072	2358
L00028	1	-46,6528053	-23,5234860	651	0,1536	0,0267	1201	806	395
L00029	3	-46,6858903	-23,5271427	1846	0,1625	0,08	2661	2067	594
L00030	6	-46,6716846	-23,5278546	4168	0,144	0,16	8123	4653	3470
L00031	6	-46,6872489	-23,5323018	3785	0,1585	0,16	5622	4272	1350
L00032	1	-46,6564979	-23,5376940	1668	0,06	0,0267	2471	1844	627
L00033	2	-46,6545420	-23,5418060	2940	0,068	0,0533	4562	3313	1249
L00034	4	-46,6605264	-23,5415277	5254	0,0761	0,1067	7993	5767	2226
L00035	5	-46,6800459	-23,5481021	3932	0,1272	0,1334	6405	4313	2092
L00037	3	-46,6566164	-23,5307137	3471	0,0864	0,08	6463	3952	2511
L00038	3	-46,6844226	-23,5340373	3156	0,0951	0,08	5271	3545	1726
L00039	9	-46,6663954	-23,5361229	5419	0,1661	0,2401	8062	5901	2161
L00040	2	-46,6597606	-23,5452831	1062	0,1883	0,0533	1577	1160	417
L00041	1	-46,6798996	-23,5306990	2132	0,0469	0,0267	3296	2395	901
L00042	1	-46,6513283	-23,5415864	1556	0,0643	0,0267	2631	1843	788
L00043	4	-46,6853794	-23,5386780	2698	0,1483	0,1067	4613	3033	1580
L00045	2	-46,6523017	-23,5318175	2128	0,094	0,0533	3940	2485	1455
L00046	3	-46,6555734	-23,5283610	2335	0,1285	0,08	4656	2795	1861
L00047	1	-46,6419486	-23,5325337	1033	0,0968	0,0267	1992	1229	763
L00048	7	-46,6841353	-23,5370181	2501	0,2799	0,1867	3771	2812	959
L00049	5	-46,6806583	-23,5307166	4578	0,1092	0,1334	8065	5186	2879
L00050	8	-46,6531096	-23,5391595	3449	0,232	0,2134	6577	4007	2570
L00051	5	-46,6946005	-23,5421890	3052	0,1638	0,1334	5602	3572	2030
L00052	5	-46,6832663	-23,5289919	4888	0,1023	0,1334	8677	5629	3048
L00053	9	-46,6630845	-23,5450242	5945	0,1514	0,2401	9970	6457	3513
L00055	5	-46,6566164	-23,5307137	5271	0,0949	0,1334	9323	6035	3288
L00056	1	-46,6508278	-23,5375343	2409	0,0415	0,0267	4853	2751	2102
L00057	5	-46,6510689	-23,5302066	2410	0,2075	0,1334	4093	2814	1279
L00058	4	-46,6432297	-23,5320752	3161	0,1265	0,1067	6470	3731	2739
L00060	13	-46,6711550	-23,5381000	10857	0,1197	0,3468	17946	11853	6093
L00061	1	-46,6666956	-23,5298372	3408	0,0293	0,0267	6305	3946	2359
L00062	5	-46,6375237	-23,5287430	2256	0,2216	0,1334	4421	2765	1656
L00064	3	-46,6278434	-23,5475185	2980	0,1007	0,08	5641	3584	2057
L00065	2	-46,6385252	-23,5376549	2229	0,0897	0,0533	4267	2744	1523
L00067	1	-46,6107088	-23,5252045	1435	0,0697	0,0267	2765	1755	1010
L00068	4	-46,6432775	-23,5262231	2815	0,1421	0,1067	5403	3409	1994
L00069	2	-46,6240453	-23,5332439	1765	0,1133	0,0533	3469	2192	1277
L00070	2	-46,6134834	-23,5400667	2964	0,0675	0,0533	5594	3588	2006
L00072	1	-46,6208174	-23,5236456	705	0,1418	0,0267	1424	855	569
L00073	2	-46,6217056	-23,5381881	1287	0,1554	0,0533	2708	1593	1115
L00074	2	-46,6370866	-23,5384772	2847	0,0702	0,0533	6133	3437	2696
L00075	2	-46,6325856	-23,5295792	4103	0,0487	0,0533	8045	4955	3090
L00078	2	-46,6212238	-23,5429654	2774	0,0721	0,0533	5496	3398	2098
L00080	1	-46,5869070	-23,5756756	3323	0,0301	0,0267	5823	3854	1969
L00081	5	-46,5848689	-23,5392025	3560	0,1404	0,1334	5984	4200	1784
L00082	2	-46,5746890	-23,5568730	2818	0,071	0,0533	4581	3379	1202
L00083	4	-46,5997287	-23,5410220	3324	0,1203	0,1067	6501	4011	2490
L00084	4	-46,5895134	-23,5593568	5301	0,0755	0,1067	8807	6387	2420
L00085	6	-46,5978907	-23,5552089	4372	0,1372	0,16	8050	5269	2781
L00086	1	-46,6000356	-23,5353560	2856	0,035	0,0267	5171	3468	1703
L00087	3	-46,5842762	-23,5514675	2993	0,1002	0,08	5617	3662	1955
L00088	2	-46,6217269	-23,5533444	1019	0,1963	0,0533	1932	1238	694
L00089	2	-46,5902871	-23,5470008	2261	0,0885	0,0533	4286	2820	1466
L00090	4	-46,5652413	-23,5675233	2503	0,1598	0,1067	4461	3203	1258
L00091	6	-46,5964833	-23,5637925	3169	0,1893	0,16	6188	3786	2402
L00092	5	-46,5828225	-23,5542479	3888	0,1286	0,1334	7164	4714	2450
L00093	6	-46,5813248	-23,5619799	3706	0,1619	0,16	6970	4489	2481
L00094	2	-46,6214361	-23,5534993	2393	0,0836	0,0533	4753	2932	1821
L00095	2	-46,5726610	-23,5574173	1814	0,1103	0,0533	3331	2227	1104
L00096	2	-46,5697601	-23,5636527	4049	0,0494	0,0533	7290	5070	2220
L00099	2	-46,5683158	-23,5701115	2161	0,0925	0,0533	3989	2770	1219
L00100	2	-46,5637915	-23,5715671	2872	0,0696	0,0533	5130	3619	1511
L00101	10	-46,5902071	-23,5606910	4284	0,2334	0,2667	7988	5172	2816
L00102	3	-46,5979424	-23,5532296	4622	0,0649	0,08	8563	5548	3015
L00103	9	-46,5812316	-23,5700009	4342	0,2073	0,2401	7905	5265	2640
L00106	2	-46,5939719	-23,5375195	4328	0,0462	0,0533	6924	5149	1775
L00107	1	-46,6116378	-23,5511180	2148	0,0466	0,0267	4565	2585	1980
L00108	3	-46,5976041	-23,5519593	6779	0,0443	0,08	11883	7994	3889
L00109	4	-46,6685837	-23,5678112	2042	0,1959	0,1067	3574	2207	1367
L00110	9	-46,6602508	-23,5695486	2517	0,3576	0,2401	4741	2759	1982
L00111	30	-46,6590182	-23,5634584	7550	0,3974	0,8002	13488	8273	5215
L00112	4	-46,6747793	-23,5889660	1465	0,273	0,1067	2322	1627	695
L00113	15	-46,6642690	-23,5638420	4708	0,3186	0,4001	8733	5175	3558
L00114	2	-46,6627773	-23,5790597	1545	0,1294	0,0533	2374	1668	706
L00115	2	-46,6759394	-23,5867575	1860	0,1075	0,0533	3357	2042	1315
L00116	6	-46,6726051	-23,5816669	2385	0,2516	0,16	4109	2634	1475
L00117	6	-46,6709040	-23,5923207	3151	0,1904	0,16	5443	3456	1987
L00118	4	-46,6768341	-23,5885769	2860	0,1399	0,1067	5240	3249	1991
L00119	4	-46,6851323	-23,5877136	2254	0,1775	0,1067	3851	2471	1380
L00121	8	-46,6790390	-23,5798975	3855	0,2075	0,2134	7199	4264	2935
L00122	2	-46,6734804	-23,5826449	2473	0,0809	0,0533	4205	2672	1533
L00123	5	-46,6731135	-23,5792999	2804	0,1783	0,1334	4967	3078	1889
L00124	11	-46,6605835	-23,5566944	5697	0,1931	0,2934	10701	6297	4404
L00125	15	-46,6822891	-23,5834680	4924	0,3046	0,4001	9066	5408	3658
L00126	4	-46,6724723	-23,5954720	3916	0,1021	0,1067	6669	4338	2331
L00127	7	-46,6605835	-23,5566944	6318	0,1108	0,1867	11459	6999	4460
L00128	8	-46,6769068	-23,6001070	3888	0,2058	0,2134	6994	4384	2610
L00129	4	-46,6486232	-23,5813704	3537	0,1131	0,1067	5654	3970	1684
L00130	5	-46,6437100	-23,5775691	2213	0,2259	0,1334	3690	2443	1247
L00131	7	-46,6442337	-23,5847251	4116	0,1701	0,1867	7035	4617	2418
L00132	7	-46,6416210	-23,5785510	4598	0,1522	0,1867	7651	5166	2485
L00133	6	-46,6320497	-23,5811282	2750	0,2182	0,16	4986	3131	1855
L00134	4	-46,6358455	-23,5895447	4856	0,0824	0,1067	8425	5454	2971
L00135	7	-46,6431906	-23,5719338	4487	0,156	0,1867	7477	5015	2462
L00136	6	-46,6234512	-23,5608329	4167	0,144	0,16	7421	4897	2524
L00137	13	-46,6125927	-23,5728431	3033	0,4286	0,3468	4908	3570	1338
L00139	5	-46,6500347	-23,5703394	1246	0,4013	0,1334	1910	1375	535
L00141	9	-46,6308086	-23,5650323	5144	0,175	0,2401	9743	6059	3684
L00142	7	-46,6119113	-23,5742236	2504	0,2796	0,1867	4454	2944	1510
L00143	4	-46,6414511	-23,5858080	2718	0,1472	0,1067	4786	3093	1693
L00144	5	-46,6356180	-23,5786976	2260	0,2212	0,1334	3961	2589	1372
L00145	2	-46,6350220	-23,5881065	3012	0,0664	0,0533	5263	3410	1853
L00146	1	-46,6223857	-23,5681693	2480	0,0403	0,0267	4585	2913	1672
L00147	2	-46,6251868	-23,5770987	3004	0,0666	0,0533	5565	3493	2072
L00148	18	-46,6273889	-23,5872670	4439	0,4055	0,4801	7836	5122	2714
L00149	1	-46,6300092	-23,5766639	1599	0,0625	0,0267	2985	1875	1110
L00150	9	-46,6299014	-23,5758099	4050	0,2222	0,2401	6863	4657	2206
L00151	9	-46,6209441	-23,5882398	2949	0,3052	0,2401	4478	3358	1120
L00152	4	-46,6459660	-23,5746810	3017	0,1326	0,1067	4888	3361	1527
L00153	8	-46,6399206	-23,5899717	4323	0,1851	0,2134	6624	4826	1798
L00154	12	-46,6235069	-23,5745404	4329	0,2772	0,3201	7193	5134	2059
L00156	10	-46,6397771	-23,5727404	4608	0,217	0,2667	8784	5242	3542
L00157	10	-46,6389836	-23,5697573	5176	0,1932	0,2667	8809	5934	2875
L00528	1	-46,7937390	-23,6862114	4929	0,0203	0,0267	8528	6298	2230
L00533	3	-46,7766842	-23,6810185	3832	0,0783	0,08	6561	4847	1714
L00536	1	-46,7920187	-23,6867819	3212	0,0311	0,0267	5561	4120	1441
L00539	3	-46,7886237	-23,6861459	4146	0,0724	0,08	7243	5328	1915
L00540	2	-46,7937648	-23,6769801	2766	0,0723	0,0533	4791	3520	1271
L00541	1	-46,7778780	-23,6885051	4697	0,0213	0,0267	8374	5781	2593
L00542	1	-46,7901616	-23,6750896	3768	0,0265	0,0267	6810	4643	2167
L00544	6	-46,7734160	-23,6802425	3538	0,1696	0,16	6419	4341	2078
L00545	2	-46,7766899	-23,6802567	3771	0,053	0,0533	6802	4728	2074
L00547	2	-46,7885429	-23,6654381	4193	0,0477	0,0533	7471	5355	2116
L00549	2	-46,7905836	-23,6983913	3552	0,0563	0,0533	6142	4535	1607
L00550	1	-46,7755198	-23,6742186	2704	0,037	0,0267	4775	3448	1327
L00553	1	-46,7839538	-23,6721527	1679	0,0596	0,0267	2758	2071	687
L00560	1	-46,7971617	-23,6783864	2752	0,0363	0,0267	4757	3583	1174
L00561	3	-46,7797991	-23,6713610	3438	0,0873	0,08	6027	4213	1814
L05530	20	-46,7007739	-23,6497088	5044	0,3965	0,5335	8236	5638	2598
L05531	1	-46,7133162	-23,6344474	2027	0,0493	0,0267	3063	2266	797
L05532	3	-46,7034029	-23,6447800	2886	0,104	0,08	4752	3201	1551
L05533	6	-46,7012118	-23,6454413	2673	0,2245	0,16	4610	2961	1649
L05534	11	-46,6930410	-23,6638790	5787	0,1901	0,2934	9716	6724	2992
L05535	3	-46,6912424	-23,6607866	3055	0,0982	0,08	4525	3449	1076
L05536	6	-46,6821350	-23,6631782	5321	0,1128	0,16	8921	6173	2748
L05537	1	-46,6842291	-23,6383685	2076	0,0482	0,0267	2987	2240	747
L05538	4	-46,6809074	-23,6663068	3075	0,1301	0,1067	5073	3651	1422
L05539	5	-46,7155893	-23,6513354	1889	0,2647	0,1334	3179	2190	989
L05541	5	-46,7153680	-23,6417200	3773	0,1325	0,1334	6610	4390	2220
L05542	3	-46,7071520	-23,6499060	3093	0,097	0,08	5733	3640	2093
L05543	4	-46,6875690	-23,6745424	2821	0,1418	0,1067	4627	3474	1153
L05545	3	-46,6998999	-23,6559182	2564	0,117	0,08	3946	2911	1035
L05547	5	-46,7031531	-23,6485078	2502	0,1998	0,1334	4597	2896	1701
L05548	4	-46,6996076	-23,6331312	1978	0,2022	0,1067	3388	2288	1100
L05549	7	-46,7057350	-23,6332760	4550	0,1538	0,1867	7718	5073	2645
L05550	8	-46,6945706	-23,6304883	5120	0,1562	0,2134	8978	5840	3138
L05551	5	-46,7022860	-23,6510126	4767	0,1049	0,1334	8841	5514	3327
L05553	1	-46,4351534	-23,5022679	3506	0,0285	0,0267	6236	4381	1855
L05556	2	-46,4403512	-23,4942325	2553	0,0783	0,0533	4433	3067	1366
L05557	3	-46,4452179	-23,4993366	2352	0,1276	0,08	3986	2897	1089
L05558	1	-46,4234630	-23,5085168	3758	0,0266	0,0267	6529	4735	1794
L05559	1	-46,4198222	-23,5098866	1943	0,0515	0,0267	3330	2529	801
L05566	2	-46,4352447	-23,5020281	2851	0,0702	0,0533	4735	3521	1214
L05567	4	-46,4215117	-23,5013996	3622	0,1104	0,1067	6083	4594	1489
L05568	1	-46,4300003	-23,4998815	2971	0,0337	0,0267	5227	3654	1573
L05570	2	-46,4345329	-23,5094734	3688	0,0542	0,0533	6309	4565	1744
L05578	1	-46,4526050	-23,5387875	2564	0,039	0,0267	4882	3187	1695
L05582	1	-46,4362612	-23,5281919	1912	0,0523	0,0267	3481	2438	1043
L05583	1	-46,4325849	-23,5321585	3488	0,0287	0,0267	6128	4395	1733
L05584	1	-46,4623208	-23,5289299	3239	0,0309	0,0267	5568	4191	1377
L05588	1	-46,4326641	-23,5174330	2595	0,0385	0,0267	4297	3303	994
L05590	1	-46,4560761	-23,5496358	3285	0,0304	0,0267	6239	4284	1955
L05595	1	-46,4580805	-23,5512840	2564	0,039	0,0267	4400	3342	1058
L05596	1	-46,4536228	-23,5552304	3671	0,0272	0,0267	6672	4852	1820
L05600	2	-46,4589975	-23,5302914	3067	0,0652	0,0533	5494	3916	1578
L05608	1	-46,4565300	-23,5399000	1319	0,0758	0,0267	2270	1658	612
L05610	2	-46,4554689	-23,5282555	6146	0,0325	0,0533	10609	7693	2916
L05611	2	-46,6300964	-23,5033502	2831	0,0706	0,0533	4847	3284	1563
L05613	3	-46,6310064	-23,5025938	1028	0,2918	0,08	2041	1205	836
L05614	3	-46,6407233	-23,4948591	1725	0,1739	0,08	2839	2166	673
L05615	2	-46,6333996	-23,5019647	1282	0,156	0,0533	2094	1527	567
L05616	5	-46,6281182	-23,4912871	3378	0,148	0,1334	5313	3930	1383
L05617	3	-46,6180480	-23,4923992	3331	0,0901	0,08	5427	3880	1547
L05618	3	-46,6270210	-23,5057810	1824	0,1645	0,08	3578	2176	1402
L05619	1	-46,6476795	-23,4929598	1994	0,0502	0,0267	3788	2470	1318
L05621	7	-46,6332236	-23,4899666	5271	0,1328	0,1867	8744	6129	2615
L05622	2	-46,6256600	-23,4972860	1960	0,102	0,0533	3358	2341	1017
L05623	5	-46,6405537	-23,5023028	2520	0,1984	0,1334	4590	2978	1612
L05624	8	-46,6161131	-23,5004170	2563	0,3121	0,2134	4896	3055	1841
L05625	4	-46,6261164	-23,4898514	2978	0,1343	0,1067	5488	3556	1932
L05626	3	-46,6278934	-23,4963679	2077	0,1444	0,08	3746	2434	1312
L05628	9	-46,6157633	-23,4933572	2589	0,3476	0,2401	4750	3013	1737
L05629	1	-46,6242804	-23,4770119	2556	0,0391	0,0267	4643	3161	1482
L05630	1	-46,6433628	-23,5013965	1299	0,077	0,0267	2306	1568	738
L05631	1	-46,6446670	-23,4910726	1627	0,0615	0,0267	3161	2027	1134
L05632	8	-46,6381967	-23,4939821	2961	0,2702	0,2134	5002	3517	1485
L05633	1	-46,6227676	-23,4899879	1740	0,0575	0,0267	3090	2057	1033
L05635	6	-46,6142540	-23,4901233	2048	0,293	0,16	3470	2399	1071
L05636	1	-46,6317593	-23,5028361	836	0,1196	0,0267	1410	975	435
L05637	5	-46,6267268	-23,5135649	1530	0,3268	0,1334	2947	1815	1132
L05638	3	-46,6330906	-23,4915684	3666	0,0818	0,08	6121	4251	1870
L05639	3	-46,6239120	-23,4891654	1527	0,1965	0,08	2617	1818	799
L05644	4	-46,7293968	-23,5276493	3559	0,1124	0,1067	5915	4024	1891
L05645	3	-46,7037676	-23,5217140	2362	0,127	0,08	4257	2725	1532
L05646	5	-46,7000457	-23,5224777	2592	0,1929	0,1334	4343	2970	1373
L05647	2	-46,7273840	-23,5310160	1602	0,1248	0,0533	2410	1810	600
L05648	2	-46,7032968	-23,5283085	4170	0,048	0,0533	7531	4847	2684
L05649	1	-46,7178181	-23,5361638	1874	0,0534	0,0267	2784	2102	682
L05650	3	-46,7098479	-23,5204991	2248	0,1335	0,08	3855	2539	1316
L05651	3	-46,7004969	-23,5385244	1604	0,187	0,08	2858	1850	1008
L05653	6	-46,7091294	-23,5350839	1807	0,332	0,16	3207	2079	1128
L05654	1	-46,7056393	-23,5213772	2148	0,0466	0,0267	4003	2538	1465
L05656	1	-46,7433720	-23,4969505	2765	0,0362	0,0267	4919	3437	1482
L05657	2	-46,6883851	-23,5246954	2280	0,0877	0,0533	3964	2619	1345
L05662	1	-46,7545011	-23,5097174	1694	0,059	0,0267	3337	2259	1078
L05663	3	-46,7053463	-23,5246614	2188	0,1371	0,08	4237	2584	1653
L05664	1	-46,7492548	-23,5117336	1714	0,0583	0,0267	3333	2162	1171
L05665	1	-46,7497146	-23,5121473	1089	0,0918	0,0267	1945	1334	611
L05667	2	-46,6875289	-23,5240849	2857	0,07	0,0533	4734	3347	1387
L05668	3	-46,7212419	-23,5119029	1112	0,2698	0,08	2192	1343	849
L05669	2	-46,7164216	-23,5283737	1777	0,1125	0,0533	3016	2011	1005
L05670	3	-46,7041160	-23,5315757	2953	0,1016	0,08	5089	3434	1655
L05671	1	-46,7382418	-23,4999018	2364	0,0423	0,0267	4244	2840	1404
L05673	4	-46,7244140	-23,5363009	2278	0,1756	0,1067	4168	2682	1486
L05677	1	-46,7468784	-23,5137529	2151	0,0465	0,0267	3753	2602	1151
L05679	1	-46,7572703	-23,5028236	2080	0,0481	0,0267	3534	2609	925
L05680	1	-46,7126480	-23,5305875	978	0,1022	0,0267	1592	1112	480
L05681	4	-46,6949470	-23,5283220	1938	0,2064	0,1067	3100	2183	917
L05685	1	-46,7053660	-23,5158470	812	0,1232	0,0267	1357	974	383
L05686	5	-46,7064510	-23,5301730	1194	0,4188	0,1334	1873	1372	501
L05690	1	-46,7375360	-23,4985190	1175	0,0851	0,0267	1781	1384	397
L05691	3	-46,7186092	-23,5246136	1648	0,182	0,08	2675	1868	807
L05692	5	-46,7342495	-23,5279924	4939	0,1012	0,1334	7451	5535	1916
L05693	4	-46,6769917	-23,5570934	4108	0,0974	0,1067	6768	4547	2221
L05694	3	-46,6971193	-23,5441298	2311	0,1298	0,08	3990	2579	1411
L05695	5	-46,6826600	-23,5737124	2079	0,2405	0,1334	3613	2221	1392
L05696	4	-46,6826600	-23,5737124	2813	0,1422	0,1067	4397	3021	1376
L05697	5	-46,6950038	-23,5603746	3405	0,1468	0,1334	5468	3675	1793
L05698	7	-46,7044200	-23,5423500	1912	0,3661	0,1867	2816	2116	700
L05699	2	-46,7009593	-23,5471309	1742	0,1148	0,0533	2791	1881	910
L05700	9	-46,7170159	-23,5510140	4888	0,1841	0,2401	7257	5167	2090
L05701	6	-46,6827189	-23,5583923	2882	0,2082	0,16	4777	3189	1588
L05703	1	-46,6962316	-23,5650597	1732	0,0577	0,0267	3356	1964	1392
L05704	5	-46,7169080	-23,5430685	2482	0,2015	0,1334	4378	2777	1601
L05705	4	-46,6896585	-23,5656255	3181	0,1257	0,1067	5968	3546	2422
L05706	2	-46,6827388	-23,5501422	2508	0,0797	0,0533	4043	2732	1311
L05707	3	-46,7072431	-23,5459153	2353	0,1275	0,08	3966	2589	1377
L05708	1	-46,6938161	-23,5563030	2004	0,0499	0,0267	3625	2231	1394
L05709	3	-46,6896173	-23,5508030	2889	0,1038	0,08	4742	3138	1604
L05710	7	-46,6788148	-23,5592954	3381	0,207	0,1867	5828	3742	2086
L05711	6	-46,6940900	-23,5501725	1686	0,3559	0,16	2686	1891	795
L05712	3	-46,6912249	-23,5538578	1310	0,229	0,08	1948	1434	514
L05713	7	-46,6816743	-23,5708583	3367	0,2079	0,1867	5931	3590	2341
L05714	2	-46,6896585	-23,5656255	1173	0,1705	0,0533	1972	1294	678
L05715	5	-46,6918510	-23,5514540	1237	0,4042	0,1334	1953	1335	618
L05716	4	-46,6975056	-23,5623803	2545	0,1572	0,1067	4027	2825	1202
L05717	3	-46,6818722	-23,5560723	2822	0,1063	0,08	4697	3062	1635
L05718	1	-46,6823120	-23,5625230	2934	0,0341	0,0267	4770	3236	1534
L05719	6	-46,6976578	-23,5648688	2714	0,2211	0,16	4719	3052	1667
L05722	1	-46,5000225	-23,5253888	2828	0,0354	0,0267	4665	3627	1038
L05723	1	-46,5331739	-23,5220975	2306	0,0434	0,0267	3823	2837	986
L05724	2	-46,5270161	-23,5293151	2599	0,077	0,0533	4443	3201	1242
L05725	1	-46,5417930	-23,5164577	1220	0,082	0,0267	2066	1547	519
L05726	2	-46,4882070	-23,5327782	863	0,2317	0,0533	1543	1100	443
L05727	3	-46,5492590	-23,5262720	2649	0,1133	0,08	4685	3161	1524
L05729	2	-46,5386362	-23,5224127	3595	0,0556	0,0533	7112	4601	2511
L05731	1	-46,5285678	-23,5250739	3128	0,032	0,0267	5872	3858	2014
L05732	1	-46,5420909	-23,5149960	1636	0,0611	0,0267	3191	2056	1135
L05733	4	-46,5480210	-23,5212900	2116	0,189	0,1067	4002	2723	1279
L05735	2	-46,4932640	-23,5309670	2238	0,0894	0,0533	4145	2862	1283
L05736	2	-46,5179226	-23,5228086	3663	0,0546	0,0533	6711	4640	2071
L05737	1	-46,4989941	-23,5275262	2079	0,0481	0,0267	3862	2632	1230
L05738	4	-46,5333555	-23,5182551	2464	0,1623	0,1067	4343	3015	1328
L05739	2	-46,4991515	-23,5296706	3000	0,0667	0,0533	5527	3909	1618
L05740	2	-46,5095310	-23,5250203	3929	0,0509	0,0533	7326	4889	2437
L05741	1	-46,5356236	-23,5299143	915	0,1093	0,0267	1501	1148	353
L05742	2	-46,5211173	-23,5214041	2853	0,0701	0,0533	5266	3603	1663
L05743	3	-46,5487021	-23,5239078	1983	0,1513	0,08	3819	2477	1342
L05745	1	-46,5393250	-23,5309129	2457	0,0407	0,0267	4417	3008	1409
L05747	6	-46,5214246	-23,5293125	1229	0,4882	0,16	2257	1504	753
L05748	2	-46,5402474	-23,5261748	1467	0,1363	0,0533	2351	1835	516
L05749	2	-46,5657556	-23,5447205	2552	0,0784	0,0533	4152	3034	1118
L05750	3	-46,5686249	-23,5424482	4557	0,0658	0,08	7587	5295	2292
L05751	3	-46,5757522	-23,5380963	4097	0,0732	0,08	6495	4845	1650
L05752	1	-46,5494401	-23,5441268	4128	0,0242	0,0267	7403	5019	2384
L05753	3	-46,5571310	-23,5490160	3586	0,0837	0,08	6008	4212	1796
L05754	2	-46,5702535	-23,5486528	3035	0,0659	0,0533	4571	3526	1045
L05755	1	-46,5179584	-23,5638358	3205	0,0312	0,0267	5295	4046	1249
L05756	3	-46,5564250	-23,5331500	2613	0,1148	0,08	4568	3155	1413
L05757	1	-46,5403970	-23,5459183	2015	0,0496	0,0267	3549	2496	1053
L05760	2	-46,4984532	-23,5847269	4733	0,0423	0,0533	8851	6109	2742
L05761	1	-46,5547639	-23,5507972	2499	0,04	0,0267	4611	3030	1581
L05763	1	-46,5178296	-23,5802614	2728	0,0367	0,0267	4620	3507	1113
L05764	2	-46,5738227	-23,5337115	1764	0,1134	0,0533	3163	2131	1032
L05766	1	-46,5138214	-23,5842903	1916	0,0522	0,0267	3190	2507	683
L05767	2	-46,5144520	-23,5672180	1865	0,1072	0,0533	3112	2401	711
L05768	2	-46,5794166	-23,5383741	2522	0,0793	0,0533	4651	2995	1656
L05770	1	-46,5075141	-23,5806329	2164	0,0462	0,0267	3900	2720	1180
L05771	6	-46,5727024	-23,5507422	2617	0,2293	0,16	4908	3111	1797
L05772	1	-46,5679267	-23,5325642	2271	0,044	0,0267	4284	2700	1584
L05773	4	-46,5660691	-23,5558508	2623	0,1525	0,1067	4486	3058	1428
L05774	1	-46,5225365	-23,5551065	2202	0,0454	0,0267	4174	2786	1388
L05775	5	-46,5662223	-23,5472777	2792	0,1791	0,1334	5162	3308	1854
L05776	3	-46,5726461	-23,5512878	2634	0,1139	0,08	4333	3190	1143
L05778	1	-46,5363195	-23,5540735	2588	0,0386	0,0267	4862	3218	1644
L05779	1	-46,5006634	-23,5840738	2450	0,0408	0,0267	4426	3133	1293
L05780	4	-46,5072844	-23,5706991	5535	0,0723	0,1067	10333	6962	3371
L05781	3	-46,5589094	-23,5412357	2005	0,1496	0,08	3920	2483	1437
L05782	3	-46,5454070	-23,5485123	1497	0,2004	0,08	2866	1877	989
L05783	5	-46,5747550	-23,5436990	1751	0,2856	0,1334	2933	2099	834
L05785	6	-46,4982329	-23,5898352	2069	0,29	0,16	3681	2817	864
L05787	1	-46,5170355	-23,5835096	2514	0,0398	0,0267	4277	3252	1025
L05790	1	-46,5666544	-23,5322415	751	0,1332	0,0267	1423	890	533
L05791	2	-46,5315630	-23,5480380	1380	0,1449	0,0533	2259	1735	524
L05793	1	-46,5257140	-23,5554119	2865	0,0349	0,0267	5360	3578	1782
L05794	5	-46,5433831	-23,5503063	4135	0,1209	0,1334	6973	5037	1936
L05795	1	-46,5630428	-23,5455348	2537	0,0394	0,0267	4283	2957	1326
L05796	1	-46,5581932	-23,5503944	4508	0,0222	0,0267	6964	5342	1622
L05797	3	-46,5602785	-23,5363132	5811	0,0516	0,08	9848	6857	2991
L05800	2	-46,6048519	-23,5043234	2579	0,0775	0,0533	4629	3241	1388
L05801	3	-46,5968739	-23,5084251	2820	0,1064	0,08	5313	3529	1784
L05802	5	-46,6013419	-23,5076564	3312	0,151	0,1334	6027	4063	1964
L05803	1	-46,6028988	-23,4934538	1298	0,077	0,0267	2472	1632	840
L05804	1	-46,5729009	-23,5009851	2656	0,0377	0,0267	4990	3348	1642
L05805	7	-46,6019251	-23,4930215	3006	0,2329	0,1867	5399	3750	1649
L05807	4	-46,5779360	-23,5053673	3549	0,1127	0,1067	6465	4410	2055
L05808	2	-46,5892786	-23,5184715	2964	0,0675	0,0533	5799	3706	2093
L05809	2	-46,5863582	-23,5062229	1595	0,1254	0,0533	2902	1932	970
L05810	3	-46,5928674	-23,5005803	3037	0,0988	0,08	5514	3674	1840
L05813	1	-46,6060326	-23,5005742	1776	0,0563	0,0267	3262	2171	1091
L05814	3	-46,6049224	-23,5160697	1794	0,1672	0,08	3377	2233	1144
L05816	1	-46,5824545	-23,5151915	4574	0,0219	0,0267	8444	5563	2881
L05817	4	-46,6117405	-23,5017844	2739	0,146	0,1067	5039	3341	1698
L05818	2	-46,5907052	-23,5016081	2983	0,067	0,0533	5429	3613	1816
L05819	1	-46,5825547	-23,5256742	2853	0,0351	0,0267	5154	3537	1617
L05821	1	-46,5830638	-23,5000382	2451	0,0408	0,0267	4154	2865	1289
L05823	1	-46,5847505	-23,5062429	2469	0,0405	0,0267	4405	3039	1366
L05825	2	-46,6088452	-23,5120897	1543	0,1296	0,0533	2874	1903	971
L05827	1	-46,5981117	-23,5026572	948	0,1055	0,0267	1582	1178	404
L05828	2	-46,6007196	-23,5005481	2697	0,0742	0,0533	4882	3315	1567
L05834	1	-46,5964032	-23,5194682	1589	0,0629	0,0267	2795	1963	832
L05838	2	-46,5930563	-23,5195686	3761	0,0532	0,0533	6624	4656	1968
L05839	4	-46,6096818	-23,5128587	1440	0,2778	0,1067	2550	1813	737
L05840	2	-46,6572517	-23,5114641	1179	0,1696	0,0533	1961	1422	539
L05841	5	-46,6618639	-23,5067043	2520	0,1984	0,1334	4281	2973	1308
L05842	2	-46,6566659	-23,5007326	1397	0,1432	0,0533	2475	1764	711
L05843	3	-46,6732228	-23,5017435	1901	0,1578	0,08	3104	2323	781
L05844	3	-46,6552440	-23,4837840	4064	0,0738	0,08	6975	5136	1839
L05845	2	-46,6748489	-23,4996347	2821	0,0709	0,0533	4345	3361	984
L05846	1	-46,6811823	-23,4913790	3097	0,0323	0,0267	5454	4068	1386
L05848	3	-46,6506305	-23,5026837	3720	0,0806	0,08	6771	4492	2279
L05849	1	-46,6657859	-23,4885740	3928	0,0255	0,0267	7229	4920	2309
L05850	3	-46,6672729	-23,4955761	2587	0,116	0,08	4487	3234	1253
L05851	5	-46,6632938	-23,5087770	4242	0,1179	0,1334	7237	4966	2271
L05853	2	-46,6576552	-23,4676225	2016	0,0992	0,0533	3658	2494	1164
L05854	4	-46,6559225	-23,4706050	3589	0,1115	0,1067	6533	4491	2042
L05855	4	-46,6512743	-23,4915758	3689	0,1084	0,1067	6598	4579	2019
L05856	5	-46,6576980	-23,5105636	3626	0,1379	0,1334	6816	4472	2344
L05858	2	-46,6602290	-23,5040336	1694	0,1181	0,0533	3175	2048	1127
L05859	1	-46,6755514	-23,4980697	2950	0,0339	0,0267	5525	3700	1825
L05860	2	-46,6806536	-23,4985927	2933	0,0682	0,0533	5335	3608	1727
L05862	6	-46,6805862	-23,5028507	5531	0,1085	0,16	9763	6800	2963
L05863	6	-46,6642085	-23,4767719	3809	0,1575	0,16	7192	4768	2424
L05864	4	-46,6729030	-23,5109220	2299	0,174	0,1067	4247	2858	1389
L05865	2	-46,6698247	-23,4725347	947	0,2112	0,0533	1605	1205	400
L05866	1	-46,6545707	-23,4916062	2697	0,0371	0,0267	4880	3285	1595
L05867	5	-46,6611936	-23,4979397	2374	0,2106	0,1334	4516	2931	1585
L05868	1	-46,6710286	-23,4857719	2636	0,0379	0,0267	4932	3370	1562
L05869	3	-46,6506816	-23,5123597	1285	0,2335	0,08	2257	1556	701
L05870	1	-46,6722354	-23,4967228	2389	0,0419	0,0267	4246	3161	1085
L05871	3	-46,6689770	-23,4751050	1758	0,1706	0,08	3076	2211	865
L05873	1	-46,6545485	-23,4716736	1878	0,0532	0,0267	2977	2288	689
L05875	2	-46,6702128	-23,4900049	1711	0,1169	0,0533	3184	2157	1027
L05877	2	-46,6612422	-23,4986956	1596	0,1253	0,0533	2824	1983	841
L05880	3	-46,6130080	-23,4747157	994	0,3018	0,08	2024	1156	868
L05881	5	-46,6182089	-23,4725956	2680	0,1866	0,1334	4271	3113	1158
L05882	1	-46,6215526	-23,4621730	2370	0,0422	0,0267	3968	2787	1181
L05883	1	-46,6071629	-23,4804948	2403	0,0416	0,0267	4353	2845	1508
L05884	1	-46,6024410	-23,4546385	2320	0,0431	0,0267	3954	2867	1087
L05885	7	-46,6064554	-23,4772146	3669	0,1908	0,1867	6325	4434	1891
L05886	3	-46,5974438	-23,4545847	4312	0,0696	0,08	8140	5407	2733
L05887	9	-46,6220405	-23,4613396	2348	0,3833	0,2401	4444	2795	1649
L05889	6	-46,6306396	-23,4568482	2624	0,2287	0,16	4737	3252	1485
L05890	4	-46,6048373	-23,4642332	3719	0,1076	0,1067	6880	4577	2303
L05891	1	-46,5884421	-23,4440711	2609	0,0383	0,0267	4730	3437	1293
L05892	7	-46,6200080	-23,4826288	3225	0,2171	0,1867	5990	3879	2111
L05894	1	-46,6064995	-23,4765109	1719	0,0582	0,0267	2945	2156	789
L05895	3	-46,5968505	-23,4651601	3059	0,0981	0,08	5869	3863	2006
L05896	1	-46,6110245	-23,4484688	2156	0,0464	0,0267	3544	2609	935
L05898	2	-46,6085609	-23,4656759	1854	0,1079	0,0533	3105	2277	828
L05900	2	-46,5803132	-23,4357702	2733	0,0732	0,0533	5108	3666	1442
L05901	1	-46,6114391	-23,4769661	1848	0,0541	0,0267	3409	2201	1208
L05902	2	-46,5890824	-23,4546164	3266	0,0612	0,0533	5800	4185	1615
L05903	4	-46,5972378	-23,4563706	2628	0,1522	0,1067	4890	3280	1610
L05905	1	-46,5872324	-23,4196031	2830	0,0353	0,0267	5422	3879	1543
L05907	1	-46,5829070	-23,4282440	1990	0,0503	0,0267	3589	2685	904
L05908	2	-46,5774727	-23,4379629	2559	0,0782	0,0533	4721	3325	1396
L05910	1	-46,6108766	-23,4549274	2539	0,0394	0,0267	4480	2999	1481
L05911	1	-46,5953507	-23,4480324	2669	0,0375	0,0267	4700	3478	1222
L05912	2	-46,6031271	-23,4684303	2532	0,079	0,0533	4589	3126	1463
L05913	3	-46,6248203	-23,4576182	3097	0,0969	0,08	5869	3776	2093
L05914	1	-46,6046269	-23,4577565	2417	0,0414	0,0267	4627	3016	1611
L05916	1	-46,5772676	-23,4381432	1120	0,0893	0,0267	1985	1453	532
L05918	1	-46,6002385	-23,4553201	665	0,1504	0,0267	1114	830	284
L05919	5	-46,6120305	-23,4757531	1300	0,3846	0,1334	2166	1565	601
L05922	1	-46,5766081	-23,5796376	1138	0,0879	0,0267	1953	1397	556
L05923	4	-46,5785504	-23,5815302	2493	0,1604	0,1067	3882	2983	899
L05924	1	-46,5604307	-23,5979220	3363	0,0297	0,0267	5863	4288	1575
L05925	6	-46,5735437	-23,5894829	2983	0,2011	0,16	4660	3569	1091
L05926	9	-46,5852470	-23,5802350	4531	0,1986	0,2401	8206	5391	2815
L05929	3	-46,5585843	-23,5972769	3198	0,0938	0,08	6011	4129	1882
L05930	2	-46,5620004	-23,5788819	2521	0,0793	0,0533	4889	3094	1795
L05931	1	-46,5593803	-23,5886767	2087	0,0479	0,0267	3493	2634	859
L05933	3	-46,5471739	-23,5927268	3403	0,0882	0,08	6295	4294	2001
L05934	3	-46,5733889	-23,5841252	2885	0,104	0,08	5165	3545	1620
L05935	1	-46,5827588	-23,5877885	1764	0,0567	0,0267	3128	2148	980
L05936	1	-46,5703839	-23,5879450	1764	0,0567	0,0267	2906	2096	810
L05937	2	-46,5435649	-23,6013500	2013	0,0994	0,0533	3580	2564	1016
L05939	1	-46,5882111	-23,5851502	2486	0,0402	0,0267	4230	2908	1322
L05940	2	-46,5797671	-23,5725988	1605	0,1246	0,0533	2616	1974	642
L05941	1	-46,5887796	-23,5755336	1948	0,0513	0,0267	3574	2324	1250
L05942	9	-46,5766081	-23,5796376	2512	0,3583	0,2401	4766	3082	1684
L05943	2	-46,5480300	-23,5998140	3286	0,0609	0,0533	5695	4099	1596
L05944	3	-46,5421787	-23,5921449	3003	0,0999	0,08	5738	3791	1947
L05945	7	-46,5663969	-23,5940979	2754	0,2542	0,1867	5100	3435	1665
L05946	1	-46,5642049	-23,5759686	2719	0,0368	0,0267	4371	3343	1028
L05947	5	-46,5795917	-23,5926018	3241	0,1543	0,1334	5895	4000	1895
L05948	1	-46,5542887	-23,6019436	1256	0,0796	0,0267	2152	1652	500
L05949	4	-46,5838544	-23,5814914	2972	0,1346	0,1067	5338	3529	1809
L05951	4	-46,5702281	-23,5758520	1372	0,2915	0,1067	2658	1731	927
L05952	3	-46,5523937	-23,5873869	2979	0,1007	0,08	5466	3759	1707
L05954	5	-46,5808524	-23,5927084	2296	0,2178	0,1334	3895	2825	1070
L05955	7	-46,5775910	-23,5732024	1606	0,4359	0,1867	2687	2013	674
L05956	3	-46,5394300	-23,5959940	2022	0,1484	0,08	3634	2528	1106
L05958	1	-46,5654838	-23,5972434	2924	0,0342	0,0267	5305	3683	1622
L05959	2	-46,5810310	-23,5900310	2339	0,0855	0,0533	4164	2855	1309
L05963	2	-46,5786516	-23,5835336	1407	0,1421	0,0533	2348	1677	671
L05964	7	-46,6783620	-23,6167251	2994	0,2338	0,1867	5082	3353	1729
L05965	8	-46,6619780	-23,6090200	3849	0,2078	0,2134	6946	4334	2612
L05966	8	-46,6599239	-23,6127900	4523	0,1769	0,2134	8055	5113	2942
L05967	8	-46,6885280	-23,6126750	4170	0,1918	0,2134	6900	4718	2182
L05968	9	-46,6685076	-23,6131455	3538	0,2544	0,2401	6251	3963	2288
L05969	2	-46,6882980	-23,6116910	2974	0,0672	0,0533	5627	3387	2240
L05970	5	-46,6673187	-23,6261976	2521	0,1983	0,1334	4330	2895	1435
L05971	7	-46,6565440	-23,6161400	2071	0,338	0,1867	3277	2385	892
L05972	7	-46,6606590	-23,6082950	3573	0,1959	0,1867	6139	4037	2102
L05973	7	-46,6755086	-23,6206909	2385	0,2935	0,1867	3883	2648	1235
L05974	9	-46,6641427	-23,6002288	6184	0,1455	0,2401	10325	6924	3401
L05975	2	-46,6709636	-23,6171214	2324	0,0861	0,0533	3817	2641	1176
L05976	8	-46,6786792	-23,6169250	3059	0,2615	0,2134	4637	3422	1215
L05977	5	-46,6702545	-23,6470231	3091	0,1618	0,1334	4695	3516	1179
L05978	6	-46,6439417	-23,6284438	2379	0,2522	0,16	4586	2796	1790
L05979	3	-46,6580933	-23,6013714	3443	0,0871	0,08	5874	3827	2047
L05980	4	-46,6536700	-23,6386552	2086	0,1918	0,1067	3437	2526	911
L05981	4	-46,6812703	-23,6263887	3816	0,1048	0,1067	6833	4360	2473
L05982	4	-46,6821455	-23,6155051	5201	0,0769	0,1067	8875	5878	2997
L05983	10	-46,6510975	-23,6123036	3947	0,2534	0,2667	7274	4497	2777
L05984	1	-46,6639945	-23,6440840	2592	0,0386	0,0267	4500	3040	1460
L05985	6	-46,6850791	-23,6183057	3742	0,1603	0,16	6558	4258	2300
L05987	3	-46,6726843	-23,6097127	3510	0,0855	0,08	5718	3982	1736
L05988	9	-46,6679674	-23,6420583	3208	0,2805	0,2401	5082	3709	1373
L05989	9	-46,6718044	-23,6208493	3539	0,2543	0,2401	6412	4051	2361
L05990	3	-46,6927807	-23,6165017	1477	0,2031	0,08	2368	1722	646
L05991	1	-46,6608489	-23,6330376	3246	0,0308	0,0267	5977	3853	2124
L05993	1	-46,6505677	-23,6188035	2451	0,0408	0,0267	3798	2806	992
L05994	10	-46,6880132	-23,6223740	4177	0,2394	0,2667	7394	4699	2695
L05995	5	-46,6692023	-23,5986819	4821	0,1037	0,1334	7627	5289	2338
L05996	10	-46,6390563	-23,5354119	3573	0,2799	0,2667	6373	4095	2278
L05997	3	-46,6475368	-23,6025329	2704	0,1109	0,08	4279	2988	1291
L05998	5	-46,6284912	-23,6138398	2408	0,2076	0,1334	3730	2799	931
L05999	3	-46,6348802	-23,6270565	1652	0,1816	0,08	2366	1867	499
L06000	8	-46,6362275	-23,5988254	5755	0,139	0,2134	9671	6446	3225
L06001	8	-46,6367820	-23,6023840	4353	0,1838	0,2134	7231	4917	2314
L06002	6	-46,6235160	-23,6123380	3568	0,1682	0,16	6002	4132	1870
L06003	2	-46,6214935	-23,6221583	2425	0,0825	0,0533	3862	2803	1059
L06004	4	-46,6210529	-23,6057597	883	0,453	0,1067	1335	1043	292
L06005	2	-46,6362090	-23,6170540	2367	0,0845	0,0533	3816	2777	1039
L06006	1	-46,6360133	-23,6258929	2395	0,0418	0,0267	4157	2791	1366
L06007	7	-46,6165982	-23,6041985	3954	0,177	0,1867	7269	4693	2576
L06008	3	-46,6239491	-23,6061875	2084	0,144	0,08	3561	2425	1136
L06009	9	-46,6344182	-23,5944514	2798	0,3217	0,2401	4833	3210	1623
L06010	7	-46,6214969	-23,5987034	3306	0,2117	0,1867	5715	3957	1758
L06011	9	-46,6255542	-23,6092089	2648	0,3399	0,2401	4891	3146	1745
L06012	5	-46,6319660	-23,6059990	2471	0,2023	0,1334	4092	2850	1242
L06013	4	-46,6344010	-23,5954544	2340	0,1709	0,1067	4149	2692	1457
L06014	6	-46,6273692	-23,6096467	1882	0,3188	0,16	3682	2300	1382
L06015	3	-46,6448925	-23,6100010	2447	0,1226	0,08	4269	2836	1433
L06018	1	-46,6298110	-23,6205725	1948	0,0513	0,0267	3275	2387	888
L06019	3	-46,6449004	-23,6103211	2557	0,1173	0,08	4643	2988	1655
L06020	3	-46,6201994	-23,6074833	1448	0,2072	0,08	2183	1677	506
L06022	4	-46,6399802	-23,6207015	7560	0,0529	0,1067	11823	8719	3104
L06023	1	-46,6389150	-23,6157370	2881	0,0347	0,0267	4965	3266	1699
L06024	3	-46,6419316	-23,5958210	1078	0,2783	0,08	1710	1209	501
L06025	6	-46,6389693	-23,6190507	3888	0,1543	0,16	6569	4406	2163
L06026	6	-46,6383254	-23,5955707	3315	0,181	0,16	5603	3692	1911
L06027	7	-46,6300558	-23,5928665	2573	0,2721	0,1867	4339	2922	1417
L06028	4	-46,6346346	-23,5975076	3131	0,1278	0,1067	4577	3510	1067
L06029	2	-46,6492868	-23,6040214	2036	0,0982	0,0533	3024	2307	717
L06030	5	-46,6079927	-23,5824240	1637	0,3054	0,1334	2785	1978	807
L06031	5	-46,5834188	-23,6215419	2911	0,1718	0,1334	5114	3726	1388
L06032	7	-46,6120690	-23,5882350	2927	0,2392	0,1867	5450	3505	1945
L06033	13	-46,6024192	-23,6158702	2415	0,5383	0,3468	4140	2950	1190
L06034	2	-46,5919260	-23,6218968	1852	0,108	0,0533	3149	2340	809
L06035	33	-46,6093832	-23,5888257	2646	1,2472	0,8802	4381	3053	1328
L06036	5	-46,6027202	-23,6187027	1079	0,4634	0,1334	2228	1350	878
L06037	10	-46,6027120	-23,6151290	1762	0,5675	0,2667	3240	2071	1169
L06038	41	-46,6043324	-23,5881805	4423	0,927	1,0936	7818	5323	2495
L06039	38	-46,6072382	-23,5903260	2134	1,7807	1,0136	3877	2517	1360
L06040	5	-46,6000559	-23,6225320	1860	0,2688	0,1334	3641	2456	1185
L06041	18	-46,6051622	-23,5751923	2652	0,6787	0,4801	4753	3194	1559
L06042	12	-46,5932441	-23,6218013	3332	0,3601	0,3201	5834	4057	1777
L06043	7	-46,5939912	-23,6283792	2004	0,3493	0,1867	3754	2526	1228
L06044	10	-46,6163598	-23,5850714	1098	0,9107	0,2667	2123	1307	816
L06045	14	-46,5907336	-23,5984174	3727	0,3756	0,3734	6818	4710	2108
L06046	9	-46,5830025	-23,6226329	2716	0,3314	0,2401	4830	3455	1375
L06047	9	-46,5866191	-23,6277500	3027	0,2973	0,2401	5754	3872	1882
L06048	7	-46,5945812	-23,6240333	3452	0,2028	0,1867	6548	4452	2096
L06049	10	-46,5971870	-23,6124820	2991	0,3343	0,2667	5347	3706	1641
L06050	8	-46,5889064	-23,6343276	2672	0,2994	0,2134	4589	3469	1120
L06051	11	-46,6031399	-23,6063806	3228	0,3408	0,2934	5899	4148	1751
L06052	12	-46,6023320	-23,6013361	2212	0,5425	0,3201	4121	2738	1383
L06053	6	-46,6021325	-23,6063749	1386	0,4329	0,16	2568	1713	855
L06054	12	-46,6080780	-23,6028560	3098	0,3873	0,3201	5810	3763	2047
L06055	14	-46,6096977	-23,5916041	2870	0,4878	0,3734	5430	3473	1957
L06056	35	-46,6019600	-23,5909040	5133	0,6819	0,9336	9867	6305	3562
L06057	4	-46,6013725	-23,6127005	1501	0,2665	0,1067	2879	1866	1013
L06058	3	-46,5930326	-23,5972734	2828	0,1061	0,08	5015	3572	1443
L06059	4	-46,5975968	-23,6097769	2880	0,1389	0,1067	4845	3529	1316
L06060	11	-46,5954073	-23,6104073	3797	0,2897	0,2934	6278	4612	1666
L06061	1	-46,5809811	-23,6100573	2017	0,0496	0,0267	3626	2610	1016
L06062	3	-46,5863383	-23,6186398	3309	0,0907	0,08	5473	4075	1398
L06064	3	-46,5956377	-23,5958120	1677	0,1789	0,08	3055	2103	952
L06065	19	-46,6119497	-23,5892321	3011	0,631	0,5068	5516	3638	1878
L06066	2	-46,6092332	-23,5917910	608	0,3289	0,0533	1013	723	290
L06067	26	-46,6098374	-23,5932998	5055	0,5143	0,6935	8453	5954	2499
L06661	2	-46,7041000	-23,7108340	2709	0,0738	0,0533	4548	3262	1286
L06666	1	-46,7147308	-23,6702428	2788	0,0359	0,0267	5109	3374	1735
L06667	1	-46,6985697	-23,7261191	2231	0,0448	0,0267	3856	2781	1075
L06668	2	-46,7079679	-23,7294845	5089	0,0393	0,0533	8445	6409	2036
L06669	1	-46,6865884	-23,7095906	3707	0,027	0,0267	6138	4679	1459
L06671	1	-46,7092435	-23,7150718	2233	0,0448	0,0267	3875	2681	1194
L06672	2	-46,7004276	-23,7112720	3395	0,0589	0,0533	6059	4083	1976
L06673	1	-46,6853733	-23,7259814	3759	0,0266	0,0267	6283	4756	1527
L06679	3	-46,7081139	-23,6888596	3276	0,0916	0,08	5643	3922	1721
L06680	1	-46,7011093	-23,7188128	4508	0,0222	0,0267	7833	5525	2308
L06683	2	-46,6987338	-23,7098273	2586	0,0773	0,0533	4747	3089	1658
L06685	1	-46,6955380	-23,7139433	789	0,1267	0,0267	1267	982	285
L06686	1	-46,7106459	-23,6834675	3696	0,0271	0,0267	6365	4412	1953
L06687	1	-46,6995340	-23,7330324	2757	0,0363	0,0267	4736	3370	1366
L06689	2	-46,7031746	-23,6922472	2879	0,0695	0,0533	4842	3413	1429
L06691	1	-46,6914688	-23,7136432	2546	0,0393	0,0267	4232	3121	1111
L06694	1	-46,7108924	-23,6832611	1288	0,0776	0,0267	2065	1513	552
L06697	1	-46,6911449	-23,7072227	1123	0,089	0,0267	1800	1393	407
L07570	1	-46,6536805	-23,6514550	731	0,1368	0,0267	1188	885	303
L07572	1	-46,6503535	-23,6588627	1554	0,0644	0,0267	2594	1913	681
L07573	3	-46,6398751	-23,6453386	2341	0,1282	0,08	3752	2782	970
L07574	5	-46,6415339	-23,6443503	1932	0,2588	0,1334	3346	2359	987
L07575	3	-46,6365200	-23,6320743	4017	0,0747	0,08	7103	4799	2304
L07576	1	-46,6349642	-23,6431290	2278	0,0439	0,0267	4207	2702	1505
L07577	2	-46,6419142	-23,6629092	3221	0,0621	0,0533	5894	4037	1857
L07578	1	-46,6468602	-23,6449791	4043	0,0247	0,0267	7270	4851	2419
L07579	5	-46,6444998	-23,6334867	4067	0,1229	0,1334	7242	4778	2464
L07580	2	-46,6579978	-23,6496781	3546	0,0564	0,0533	6231	4318	1913
L07581	1	-46,6363601	-23,6810716	3028	0,033	0,0267	5287	3909	1378
L07582	4	-46,6358025	-23,6609951	3615	0,1107	0,1067	6447	4637	1810
L07583	6	-46,6477955	-23,6558420	3661	0,1639	0,16	6289	4390	1899
L07584	2	-46,6320328	-23,6429320	2322	0,0861	0,0533	3693	2812	881
L07585	2	-46,6489412	-23,6630793	4484	0,0446	0,0533	7661	5544	2117
L07586	2	-46,6662000	-23,6526625	4676	0,0428	0,0533	7861	5605	2256
L07588	2	-46,6585002	-23,6601214	4100	0,0488	0,0533	7296	5008	2288
L07589	1	-46,6494764	-23,6512620	1689	0,0592	0,0267	2887	2094	793
L07590	2	-46,6424477	-23,6679792	3909	0,0512	0,0533	7206	5039	2167
L07592	2	-46,6354223	-23,6496780	2351	0,0851	0,0533	4295	2944	1351
L07593	2	-46,6558622	-23,6441812	3054	0,0655	0,0533	5207	3649	1558
L07594	2	-46,6408225	-23,6457886	2578	0,0776	0,0533	4645	3018	1627
L07595	3	-46,6355606	-23,6678098	4296	0,0698	0,08	7638	5546	2092
L07596	3	-46,6408930	-23,6522075	3383	0,0887	0,08	6330	4133	2197
L07597	1	-46,6535415	-23,6619014	2754	0,0363	0,0267	4727	3504	1223
L07598	2	-46,6392154	-23,6408466	3709	0,0539	0,0533	6533	4338	2195
L07599	2	-46,6460240	-23,6525414	3198	0,0625	0,0533	5298	3899	1399
L07600	1	-46,6356262	-23,6788985	1377	0,0726	0,0267	2329	1795	534
L07602	2	-46,6408553	-23,6554336	1438	0,1391	0,0533	2522	1827	695
L07604	1	-46,6438254	-23,6370745	845	0,1183	0,0267	1377	992	385
L07605	1	-46,6526971	-23,6532191	1424	0,0702	0,0267	2392	1763	629
L07607	1	-46,6434755	-23,6307074	513	0,1949	0,0267	844	592	252
L07608	1	-46,6393798	-23,6345390	2222	0,045	0,0267	3456	2623	833
L07661	1	-46,7108413	-23,4971928	1645	0,0608	0,0267	2799	2020	779
L07663	1	-46,7465927	-23,4712764	2639	0,0379	0,0267	4854	3268	1586
L07665	3	-46,7094157	-23,5058535	1103	0,272	0,08	1815	1364	451
L07666	1	-46,7187075	-23,4795423	4684	0,0213	0,0267	9004	6008	2996
L07667	3	-46,7261678	-23,4829058	2616	0,1147	0,08	4926	3233	1693
L07668	2	-46,7496458	-23,4783071	2726	0,0734	0,0533	4622	3476	1146
L07669	2	-46,7461037	-23,4816392	3660	0,0546	0,0533	6759	4550	2209
L07670	2	-46,7157223	-23,4910050	3437	0,0582	0,0533	6527	4354	2173
L07671	2	-46,7225558	-23,4963064	2986	0,067	0,0533	5033	3579	1454
L07674	1	-46,7340887	-23,4861415	1145	0,0873	0,0267	1962	1407	555
L07675	2	-46,7341179	-23,4868877	2381	0,084	0,0533	4269	2907	1362
L07676	1	-46,7132969	-23,4942851	2690	0,0372	0,0267	5011	3334	1677
L07678	1	-46,7265335	-23,4891389	1972	0,0507	0,0267	3537	2347	1190
L07681	3	-46,7278522	-23,4974960	3589	0,0836	0,08	6232	4432	1800
L07688	1	-46,4915180	-23,5074055	1641	0,0609	0,0267	3150	2085	1065
L07689	4	-46,4919582	-23,5063549	2108	0,1898	0,1067	3605	2714	891
L07690	1	-46,4825992	-23,5059494	1295	0,0772	0,0267	2134	1637	497
L07696	1	-46,4669867	-23,4900232	2210	0,0452	0,0267	3851	2948	903
L07699	3	-46,4816039	-23,4998180	2953	0,1016	0,08	5279	3696	1583
L07700	1	-46,4851971	-23,4905377	3489	0,0287	0,0267	6056	4395	1661
L07701	2	-46,4889435	-23,4985564	3277	0,061	0,0533	5967	4095	1872
L07702	1	-46,4749626	-23,4875229	2327	0,043	0,0267	4070	2936	1134
L07703	3	-46,4731818	-23,5027056	2186	0,1372	0,08	3519	2750	769
L07705	2	-46,4753246	-23,4969321	1922	0,1041	0,0533	3284	2392	892
L07708	2	-46,4849725	-23,5032693	2712	0,0737	0,0533	5219	3402	1817
L07713	1	-46,4966140	-23,4924641	1374	0,0728	0,0267	2302	1760	542
L07716	1	-46,6940451	-23,4986203	1924	0,052	0,0267	3114	2268	846
L07718	2	-46,6987243	-23,4958644	1305	0,1533	0,0533	2151	1595	556
L07721	2	-46,7021950	-23,4842550	3320	0,0602	0,0533	6150	4149	2001
L07723	2	-46,7155090	-23,4737413	2363	0,0846	0,0533	4249	3098	1151
L07728	6	-46,6928374	-23,5037339	1919	0,3127	0,16	3660	2388	1272
L07729	4	-46,7028160	-23,4979150	3736	0,1071	0,1067	6670	4600	2070
L07730	2	-46,7196553	-23,4675600	2010	0,0995	0,0533	3558	2712	846
L07731	3	-46,6997557	-23,4958002	3556	0,0844	0,08	6178	4337	1841
L07732	2	-46,6916354	-23,4865099	2408	0,0831	0,0533	4588	2950	1638
L07734	1	-46,7077799	-23,4872710	2185	0,0458	0,0267	3723	2810	913
L07737	3	-46,6860439	-23,4985664	2566	0,1169	0,08	4751	3195	1556
L07738	1	-46,7064209	-23,4786059	2105	0,0475	0,0267	3957	2729	1228
L07739	1	-46,7128806	-23,4857983	3106	0,0322	0,0267	5261	3930	1331
L07742	2	-46,7004116	-23,5041947	1512	0,1323	0,0533	2764	1873	891
L07746	2	-46,6942692	-23,4998988	1098	0,1821	0,0533	1786	1314	472
L07747	2	-46,6864477	-23,4984882	854	0,2342	0,0533	1465	1082	383
L07749	2	-46,6918357	-23,4979540	547	0,3656	0,0533	863	658	205
L07750	8	-46,7708337	-23,6299871	13605	0,0588	0,2134	25821	17652	8169
L07752	2	-46,7562863	-23,6156016	3810	0,0525	0,0533	6732	4937	1795
L07753	4	-46,7766842	-23,6395528	2690	0,1487	0,1067	4737	3519	1218
L07754	5	-46,7510131	-23,6228353	4006	0,1248	0,1334	7103	5278	1825
L07758	1	-46,7701188	-23,6470003	3205	0,0312	0,0267	5536	3955	1581
L07759	2	-46,7708253	-23,6346601	2609	0,0767	0,0533	4845	3309	1536
L07760	2	-46,7556667	-23,6404221	3739	0,0535	0,0533	6385	4685	1700
L07762	2	-46,7860069	-23,6438270	3683	0,0543	0,0533	6454	4825	1629
L07763	1	-46,7776614	-23,6511000	4197	0,0238	0,0267	7100	5325	1775
L07764	1	-46,7625103	-23,6349197	3815	0,0262	0,0267	6862	4883	1979
L07765	4	-46,7497115	-23,6403144	4495	0,089	0,1067	7813	5662	2151
L07766	1	-46,7870213	-23,6430817	3412	0,0293	0,0267	6214	4373	1841
L07767	1	-46,7490615	-23,6345587	3174	0,0315	0,0267	5702	4133	1569
L07768	2	-46,7739779	-23,6330684	2361	0,0847	0,0533	4577	2954	1623
L07769	1	-46,7686119	-23,6296456	3708	0,027	0,0267	6898	4781	2117
L07773	3	-46,7538973	-23,6349349	4025	0,0745	0,08	6657	5039	1618
L07774	1	-46,7498755	-23,6363346	2769	0,0361	0,0267	4952	3627	1325
L08185	1	-46,7191286	-23,6260213	1988	0,0503	0,0267	3164	2315	849
L08186	3	-46,7043257	-23,6097843	2189	0,137	0,08	3576	2546	1030
L08187	1	-46,7184327	-23,5762950	257	0,3891	0,0267	394	289	105
L08188	4	-46,7165770	-23,5900570	2517	0,1589	0,1067	3979	2849	1130
L08189	4	-46,7439953	-23,5966397	2735	0,1463	0,1067	4371	3211	1160
L08190	2	-46,7131334	-23,6188108	3137	0,0638	0,0533	5166	3531	1635
L08191	2	-46,7412727	-23,6104585	2419	0,0827	0,0533	3595	2771	824
L08192	2	-46,7464051	-23,5966465	1686	0,1186	0,0533	2775	2051	724
L08193	3	-46,7073893	-23,5739269	1438	0,2086	0,08	2590	1633	957
L08194	5	-46,7194106	-23,5935367	4012	0,1246	0,1334	6747	4420	2327
L08195	6	-46,7277361	-23,6045363	3437	0,1746	0,16	5923	4007	1916
L08196	2	-46,7208297	-23,6076803	2840	0,0704	0,0533	4752	3330	1422
L08197	4	-46,7361238	-23,5854310	1908	0,2096	0,1067	3173	2287	886
L08198	1	-46,7269586	-23,5890197	3106	0,0322	0,0267	5469	3609	1860
L08199	3	-46,7202481	-23,5763764	1751	0,1713	0,08	3121	1996	1125
L08201	2	-46,7313899	-23,5980074	3354	0,0596	0,0533	5937	3987	1950
L08202	3	-46,7401597	-23,6037788	2287	0,1312	0,08	4380	2818	1562
L08203	1	-46,7354209	-23,6007753	1634	0,0612	0,0267	2757	2030	727
L08204	8	-46,7468132	-23,6034358	3032	0,2639	0,2134	5249	3566	1683
L08205	4	-46,7205486	-23,5875210	2564	0,156	0,1067	4386	2949	1437
L08206	2	-46,7371220	-23,5927960	2484	0,0805	0,0533	4358	3007	1351
L08208	4	-46,7358364	-23,5961852	2323	0,1722	0,1067	3857	2793	1064
L08209	1	-46,7308370	-23,5944510	2715	0,0368	0,0267	4573	3264	1309
L08210	1	-46,7240153	-23,5828984	1486	0,0673	0,0267	2370	1711	659
L08211	2	-46,7570506	-23,5977877	2938	0,0681	0,0533	5449	3746	1703
L08212	2	-46,7546852	-23,5949824	2625	0,0762	0,0533	4694	3368	1326
L08213	5	-46,7052007	-23,6074205	2725	0,1835	0,1334	4343	3206	1137
L08216	1	-46,7591668	-23,5940175	1177	0,085	0,0267	1961	1510	451
L08218	1	-46,7012112	-23,6083701	932	0,1073	0,0267	1570	1183	387
L08219	6	-46,6985844	-23,5862008	2637	0,2275	0,16	4368	2905	1463
L08220	2	-46,7456903	-23,6030840	1945	0,1028	0,0533	3106	2290	816
L08221	5	-46,7053802	-23,5795572	2467	0,2027	0,1334	4338	2752	1586
L08222	1	-46,5231986	-23,5430712	747	0,1339	0,0267	1280	947	333
L08224	2	-46,5372688	-23,5366728	1525	0,1311	0,0533	2736	1894	842
L08225	1	-46,5100191	-23,5446064	4128	0,0242	0,0267	7026	5147	1879
L08226	1	-46,5156979	-23,5307305	1416	0,0706	0,0267	2280	1812	468
L08227	1	-46,5050519	-23,5458928	1879	0,0532	0,0267	3494	2368	1126
L08229	1	-46,4982241	-23,5504038	2927	0,0342	0,0267	5051	3739	1312
L08232	2	-46,5442704	-23,5350483	1844	0,1085	0,0533	3342	2318	1024
L08233	1	-46,5151760	-23,5433139	1746	0,0573	0,0267	3085	2237	848
L08235	1	-46,4958682	-23,5663286	2328	0,043	0,0267	4095	3031	1064
L08236	1	-46,4990570	-23,5735096	2833	0,0353	0,0267	4657	3582	1075
L08237	2	-46,5212577	-23,5434956	2878	0,0695	0,0533	5496	3656	1840
L08239	2	-46,5141185	-23,5517464	2105	0,095	0,0533	3730	2686	1044
L08243	2	-46,5065643	-23,5285802	1947	0,1027	0,0533	3332	2479	853
L08245	1	-46,4984607	-23,5625811	3684	0,0271	0,0267	6646	4873	1773
L08246	1	-46,5143049	-23,5325952	2090	0,0478	0,0267	3736	2717	1019
L08247	2	-46,4906529	-23,5403308	4098	0,0488	0,0533	7785	5311	2474
L08253	2	-46,5180016	-23,5532674	1140	0,1754	0,0533	1856	1423	433
L08255	1	-46,4930480	-23,5384900	1910	0,0524	0,0267	3638	2415	1223
L08256	3	-46,5191281	-23,5450183	2851	0,1052	0,08	5189	3512	1677
L08257	1	-46,4932714	-23,5642955	2006	0,0499	0,0267	3537	2652	885
L08258	2	-46,5095374	-23,5384628	2376	0,0842	0,0533	4461	3015	1446
L08259	2	-46,5081299	-23,5436866	2539	0,0788	0,0533	4640	3247	1393
L08265	4	-46,5251630	-23,5338233	5108	0,0783	0,1067	9329	6208	3121
L08266	1	-46,5492719	-23,5643080	3744	0,0267	0,0267	6474	4613	1861
L08268	1	-46,5382964	-23,5663555	2910	0,0344	0,0267	5207	3628	1579
L08269	2	-46,5456990	-23,5729610	1641	0,1219	0,0533	2921	2045	876
L08270	1	-46,5267515	-23,5750205	769	0,13	0,0267	1358	1007	351
L08273	1	-46,5293776	-23,5796946	1844	0,0542	0,0267	3265	2427	838
L08274	1	-46,5439614	-23,5676780	2439	0,041	0,0267	5027	3105	1922
L08275	3	-46,5344569	-23,5777136	2311	0,1298	0,08	4317	2988	1329
L08276	1	-46,5458952	-23,5550134	2003	0,0499	0,0267	3017	2414	603
L08278	2	-46,5421410	-23,5610590	3394	0,0589	0,0533	6342	4245	2097
L08279	3	-46,5397986	-23,5751068	3183	0,0943	0,08	5939	4067	1872
L08280	2	-46,5272729	-23,5842759	3215	0,0622	0,0533	5879	4206	1673
L08281	3	-46,5410608	-23,5606823	3255	0,0922	0,08	5649	4123	1526
L08282	3	-46,5363320	-23,5554260	2096	0,1431	0,08	3766	2596	1170
L08284	1	-46,5527913	-23,5614550	3182	0,0314	0,0267	5966	3914	2052
L08285	1	-46,5421019	-23,5584414	1912	0,0523	0,0267	3129	2348	781
L08288	1	-46,5338955	-23,5680719	1022	0,0978	0,0267	1667	1284	383
L08290	1	-46,5242645	-23,5744660	1705	0,0587	0,0267	2898	2194	704
L08292	2	-46,5847312	-23,4571192	1974	0,1013	0,0533	3768	2560	1208
L08294	4	-46,5977750	-23,4858511	966	0,4141	0,1067	1572	1230	342
L08295	2	-46,5903643	-23,4794354	1163	0,172	0,0533	1836	1454	382
L08296	3	-46,5867358	-23,4804731	3045	0,0985	0,08	5362	3770	1592
L08297	2	-46,5922270	-23,4778802	3114	0,0642	0,0533	5691	3862	1829
L08298	5	-46,5964456	-23,4816480	2676	0,1868	0,1334	5140	3366	1774
L08301	1	-46,5806496	-23,4548081	4543	0,022	0,0267	8491	6011	2480
L08302	2	-46,5835571	-23,4654238	2768	0,0723	0,0533	5668	3556	2112
L08303	3	-46,5951874	-23,4707467	2344	0,128	0,08	4346	2893	1453
L08304	4	-46,5865198	-23,4701787	2754	0,1452	0,1067	5084	3408	1676
L08305	4	-46,5732891	-23,4514774	4266	0,0938	0,1067	8509	5988	2521
L08306	1	-46,5810523	-23,4735563	1953	0,0512	0,0267	3282	2468	814
L08308	1	-46,5845419	-23,4570823	3848	0,026	0,0267	7444	5062	2382
L08309	1	-46,5870109	-23,4731635	2255	0,0443	0,0267	4250	2778	1472
L08312	3	-46,5846950	-23,4614040	3278	0,0915	0,08	6142	4077	2065
L08313	1	-46,5922900	-23,4849578	1618	0,0618	0,0267	3176	1990	1186
L08314	2	-46,6000523	-23,4896398	3153	0,0634	0,0533	5703	3872	1831
L08318	1	-46,5839255	-23,4646554	989	0,1011	0,0267	1750	1236	514
L08321	7	-46,6023221	-23,4823452	4184	0,1673	0,1867	7555	5096	2459
L08325	4	-46,5316668	-23,6073717	2872	0,1393	0,1067	5114	3787	1327
L08327	6	-46,5339774	-23,5909237	3590	0,1671	0,16	6889	4568	2321
L08329	2	-46,5324351	-23,6017298	2549	0,0785	0,0533	4651	3215	1436
L08331	2	-46,5224167	-23,5870214	2150	0,093	0,0533	3937	2882	1055
L08332	1	-46,5276317	-23,6081073	3269	0,0306	0,0267	5625	4153	1472
L08334	3	-46,5237361	-23,5957342	4037	0,0743	0,08	7533	5184	2349
L08336	1	-46,5384444	-23,6045283	3264	0,0306	0,0267	5992	4063	1929
L08338	1	-46,5148744	-23,5961389	3454	0,029	0,0267	6476	4342	2134
L08340	6	-46,5365552	-23,5957785	3050	0,1967	0,16	5865	3909	1956
L08345	1	-46,5147192	-23,6040731	1897	0,0527	0,0267	3330	2446	884
L08350	1	-46,5387495	-23,5924958	2138	0,0468	0,0267	3548	2664	884
L08352	3	-46,6695961	-23,6608635	1635	0,1835	0,08	2532	1947	585
L08354	4	-46,6718510	-23,6480180	3606	0,1109	0,1067	5953	4267	1686
L08356	2	-46,6748209	-23,6629694	2548	0,0785	0,0533	4677	3256	1421
L08358	3	-46,6595184	-23,6732345	3334	0,09	0,08	6265	4353	1912
L08360	1	-46,6643846	-23,6634460	2151	0,0465	0,0267	3871	2637	1234
L08361	4	-46,6490180	-23,6808501	3642	0,1098	0,1067	6749	4652	2097
L08362	2	-46,6599252	-23,6645331	3182	0,0629	0,0533	5899	3877	2022
L08364	5	-46,6666281	-23,6643337	2350	0,2128	0,1334	4231	2884	1347
L08365	2	-46,6383547	-23,6857440	3713	0,0539	0,0533	6684	4675	2009
L08367	3	-46,6760160	-23,6550423	3987	0,0752	0,08	6800	4757	2043
L08369	5	-46,6692349	-23,6669498	3705	0,135	0,1334	6566	4618	1948
L08370	4	-46,6619825	-23,6713695	2545	0,1572	0,1067	4510	3118	1392
L08371	1	-46,6452777	-23,6816754	2288	0,0437	0,0267	4435	3097	1338
L08372	2	-46,6459844	-23,6750154	2880	0,0694	0,0533	5258	3622	1636
L08373	3	-46,6423561	-23,6824358	4047	0,0741	0,08	7666	5249	2417
L08377	3	-46,6776829	-23,6644228	3581	0,0838	0,08	6118	4373	1745
L08379	2	-46,4032172	-23,4985582	2538	0,0788	0,0533	4585	3259	1326
L08382	1	-46,3763198	-23,4939856	3628	0,0276	0,0267	6476	4624	1852
L08387	1	-46,3754478	-23,4964448	3203	0,0312	0,0267	5688	4215	1473
L08390	1	-46,3766695	-23,5066526	4172	0,024	0,0267	7610	5548	2062
L08391	1	-46,3965404	-23,5176660	3624	0,0276	0,0267	6265	4666	1599
L08398	1	-46,4040381	-23,5003398	2632	0,038	0,0267	4564	3375	1189
L08400	1	-46,3850728	-23,5122978	3974	0,0252	0,0267	7123	5016	2107
L08401	1	-46,3808672	-23,5028827	722	0,1385	0,0267	1259	974	285
L08403	1	-46,3988792	-23,5093492	2345	0,0426	0,0267	4153	3085	1068
L08405	1	-46,3718376	-23,5014239	2671	0,0374	0,0267	4809	3768	1041
L08407	2	-46,3789952	-23,5024583	2675	0,0748	0,0533	4880	3556	1324
L08410	2	-46,3944620	-23,4902290	2920	0,0685	0,0533	5431	3694	1737
L08411	3	-46,3698794	-23,5080357	3148	0,0953	0,08	5639	4225	1414
L08412	2	-46,3926599	-23,5078228	2908	0,0688	0,0533	5104	3773	1331
L08414	1	-46,3950439	-23,4989421	2828	0,0354	0,0267	5125	3485	1640
L08415	1	-46,3940515	-23,4832409	2647	0,0378	0,0267	4861	3522	1339
L08428	1	-46,3882687	-23,5454378	2086	0,0479	0,0267	3720	2817	903
L08429	1	-46,4009383	-23,5583730	2595	0,0385	0,0267	4383	3368	1015
L08431	1	-46,4023983	-23,5435780	3363	0,0297	0,0267	5917	4490	1427
L08432	3	-46,4189254	-23,5384808	3214	0,0933	0,08	5635	4179	1456
L08435	1	-46,4142302	-23,5447436	2123	0,0471	0,0267	4075	2620	1455
L08437	1	-46,3986836	-23,5531127	1923	0,052	0,0267	3328	2531	797
L08439	3	-46,4207673	-23,5460751	2866	0,1047	0,08	5637	3838	1799
L08441	1	-46,3973726	-23,5355326	2439	0,041	0,0267	4306	3101	1205
L08443	2	-46,4155334	-23,5455554	1247	0,1604	0,0533	2181	1603	578
L08444	1	-46,3977921	-23,5358129	2757	0,0363	0,0267	5165	3761	1404
L08445	2	-46,4037610	-23,5596980	3457	0,0579	0,0533	2665	1848	817
L08448	2	-46,4087514	-23,5527119	2094	0,0955	0,0533	4017	2779	1238
L08450	2	-46,4075993	-23,5541832	3404	0,0588	0,0533	5663	4220	1443
L08451	1	-46,3909828	-23,5442229	2400	0,0417	0,0267	4283	3241	1042
L08454	1	-46,4066295	-23,5366390	2713	0,0369	0,0267	4822	3590	1232
L08459	1	-46,4060980	-23,5364980	1267	0,0789	0,0267	1475	1092	383
L08462	1	-46,4037610	-23,5596980	1122	0,0891	0,0267	954	745	209
L08847	1	-46,7045504	-23,7542184	5925	0,0169	0,0267	10150	7592	2558
L08850	2	-46,6964318	-23,7396716	3205	0,0624	0,0533	5411	4075	1336
L08852	2	-46,7044580	-23,7593862	2527	0,0791	0,0533	4290	3181	1109
L08854	2	-46,6901081	-23,7285932	1755	0,114	0,0533	3031	2265	766
L08855	2	-46,6862668	-23,7395049	2065	0,0969	0,0533	3450	2670	780
L08856	3	-46,6732124	-23,7614879	1860	0,1613	0,08	3183	2357	826
L08857	2	-46,6632244	-23,7341199	4646	0,043	0,0533	7764	5913	1851
L08859	1	-46,6816347	-23,7551323	1701	0,0588	0,0267	2903	2139	764
L08864	2	-46,6731203	-23,7622871	4632	0,0432	0,0533	7907	6053	1854
L08870	1	-46,6818898	-23,7403681	3700	0,027	0,0267	6280	4769	1511
L08872	1	-46,6890875	-23,7386502	2798	0,0357	0,0267	4627	3538	1089
L08873	1	-46,6837456	-23,7546935	3538	0,0283	0,0267	6358	4435	1923
L08876	1	-46,6681724	-23,7475017	2547	0,0393	0,0267	4140	3222	918
L08877	1	-46,6835726	-23,7554717	2265	0,0442	0,0267	4116	2760	1356
L08885	1	-46,7826347	-23,7426504	5319	0,0188	0,0267	9184	6673	2511
L08887	1	-46,7821867	-23,7409511	5907	0,0169	0,0267	10173	7415	2758
L08888	1	-46,7449271	-23,6845334	3976	0,0252	0,0267	6506	4872	1634
L08889	1	-46,7529192	-23,6919752	3326	0,0301	0,0267	5647	4219	1428
L08894	2	-46,7822515	-23,7187870	4175	0,0479	0,0533	7569	5347	2222
L08897	1	-46,7579085	-23,6866996	1823	0,0549	0,0267	3092	2340	752
L08899	2	-46,7296989	-23,6686244	4808	0,0416	0,0533	7532	5810	1722
L08904	1	-46,7658122	-23,6917667	2592	0,0386	0,0267	4485	3296	1189
L08908	1	-46,7789630	-23,7147600	3404	0,0294	0,0267	5872	4422	1450
L08911	2	-46,7895404	-23,7358720	4436	0,0451	0,0533	7779	5629	2150
L08912	2	-46,7544275	-23,6715623	3436	0,0582	0,0533	5880	4460	1420
L08913	1	-46,7553528	-23,6757960	3255	0,0307	0,0267	5943	4082	1861
L08914	1	-46,7644205	-23,6860017	2545	0,0393	0,0267	4224	3108	1116
L08924	1	-46,7528366	-23,6745244	3179	0,0315	0,0267	5308	3981	1327
L08925	1	-46,7637275	-23,6860902	3526	0,0284	0,0267	6017	4176	1841
L08928	1	-46,7383011	-23,6797511	3519	0,0284	0,0267	5719	4390	1329
L08929	1	-46,7383672	-23,6748485	1967	0,0508	0,0267	3174	2419	755
L08933	1	-46,7407017	-23,6677721	3280	0,0305	0,0267	5502	4064	1438
L08934	1	-46,7701634	-23,7200619	4256	0,0235	0,0267	7146	5402	1744
L08937	1	-46,7398408	-23,6738654	4636	0,0216	0,0267	7955	5725	2230
L08939	1	-46,7687891	-23,6747016	1964	0,0509	0,0267	3621	2542	1079
L08941	2	-46,7584936	-23,6672249	1847	0,1083	0,0533	3218	2371	847
L08942	2	-46,7709966	-23,6560362	1558	0,1284	0,0533	2772	2007	765
L08944	1	-46,7869811	-23,6550768	3281	0,0305	0,0267	5927	4213	1714
L08945	2	-46,7595495	-23,6741975	3422	0,0584	0,0533	5713	4273	1440
L08946	5	-46,7599809	-23,6583845	3828	0,1306	0,1334	6414	4828	1586
L08948	1	-46,7709966	-23,6560362	4506	0,0222	0,0267	7853	5738	2115
L08949	2	-46,7514131	-23,6635812	2498	0,0801	0,0533	4346	3049	1297
L08950	1	-46,7904828	-23,6530515	1902	0,0526	0,0267	3059	2375	684
L08951	1	-46,7886418	-23,6575053	2044	0,0489	0,0267	3413	2611	802
L08952	4	-46,7676270	-23,6679840	4298	0,0931	0,1067	7695	5421	2274
L08954	6	-46,7664599	-23,6622186	3884	0,1545	0,16	7168	4912	2256
L08956	3	-46,7685672	-23,6718762	1603	0,1871	0,08	2820	2048	772
L08957	2	-46,7797422	-23,6633017	2939	0,0681	0,0533	5299	3860	1439
L08958	1	-46,7594862	-23,6585655	2498	0,04	0,0267	4132	3123	1009
L08962	2	-46,7552312	-23,6597385	2495	0,0802	0,0533	4466	3243	1223
L08963	1	-46,7734927	-23,6740405	2049	0,0488	0,0267	3996	2559	1437
L08965	1	-46,7675970	-23,6617050	4014	0,0249	0,0267	7021	5104	1917
L08966	2	-46,7572762	-23,5556762	1085	0,1843	0,0533	1615	1252	363
L08969	2	-46,7387859	-23,5794283	2272	0,088	0,0533	3703	2689	1014
L08970	1	-46,7496719	-23,5825103	2692	0,0371	0,0267	4652	3312	1340
L08972	3	-46,7892721	-23,6004866	3302	0,0909	0,08	5905	4260	1645
L08974	2	-46,7460154	-23,5642656	2683	0,0745	0,0533	4513	3262	1251
L08975	3	-46,7386988	-23,5779575	1738	0,1726	0,08	2783	2052	731
L08976	2	-46,7540875	-23,5858304	1209	0,1654	0,0533	1901	1455	446
L08977	1	-46,7667060	-23,5859640	590	0,1695	0,0267	1027	762	265
L08979	3	-46,7659213	-23,5803246	1496	0,2005	0,08	2293	1792	501
L08980	2	-46,7469625	-23,5508738	2646	0,0756	0,0533	4690	3392	1298
L08982	1	-46,7512554	-23,5452190	2973	0,0336	0,0267	5291	3603	1688
L08983	2	-46,7950827	-23,6026719	3496	0,0572	0,0533	6021	4411	1610
L08984	3	-46,7484555	-23,5435228	2932	0,1023	0,08	5430	3759	1671
L08985	2	-46,7491328	-23,5658101	3021	0,0662	0,0533	5172	3648	1524
L08987	1	-46,7591098	-23,5417165	2410	0,0415	0,0267	4045	2988	1057
L08988	2	-46,7545127	-23,5689070	2999	0,0667	0,0533	5372	3588	1784
L08989	6	-46,7421886	-23,5732813	4364	0,1375	0,16	7754	5121	2633
L08990	1	-46,7660251	-23,5891918	3308	0,0302	0,0267	5815	4319	1496
L08993	2	-46,7392086	-23,5715905	1997	0,1002	0,0533	3453	2434	1019
L08994	3	-46,7816430	-23,5898970	4658	0,0644	0,08	8134	5717	2417
L08996	2	-46,7543940	-23,5690070	2249	0,0889	0,0533	4437	2776	1661
L08997	2	-46,7980731	-23,5944710	1381	0,1448	0,0533	2493	1727	766
L09000	4	-46,7292351	-23,5745661	3100	0,129	0,1067	5436	3579	1857
L09002	2	-46,7911802	-23,5945477	2463	0,0812	0,0533	4395	2990	1405
L09004	7	-46,7583340	-23,5575440	3682	0,1901	0,1867	5975	4245	1730
L09005	1	-46,7525361	-23,5755947	2603	0,0384	0,0267	4580	3179	1401
L09006	1	-46,7920023	-23,5981368	2693	0,0371	0,0267	4763	3274	1489
L09007	1	-46,7358487	-23,5809482	3036	0,0329	0,0267	5300	3546	1754
L09008	2	-46,7530566	-23,5528242	2689	0,0744	0,0533	4923	3222	1701
L09010	2	-46,7580485	-23,5857090	3186	0,0628	0,0533	6188	4045	2143
L09024	1	-46,7609168	-23,5790059	916	0,1092	0,0267	1524	1133	391
L09027	2	-46,7228401	-23,5715849	2029	0,0986	0,0533	3117	2297	820
L09030	1	-46,7523220	-23,5457302	936	0,1068	0,0267	1788	1263	525
L09033	2	-46,7356399	-23,5512016	1927	0,1038	0,0533	3298	2406	892
L09034	12	-46,7138143	-23,5687160	6650	0,1805	0,3201	11871	7672	4199
L09038	1	-46,4490531	-23,6038892	1178	0,0849	0,0267	1993	1468	525
L09044	1	-46,4785593	-23,5947194	2910	0,0344	0,0267	5416	3690	1726
L09046	1	-46,4451983	-23,6306149	3152	0,0317	0,0267	5392	4009	1383
L09049	1	-46,4853651	-23,6170989	949	0,1054	0,0267	1778	1284	494
L09052	1	-46,4779483	-23,6242638	1949	0,0513	0,0267	3678	2733	945
L09054	2	-46,4796851	-23,6207251	2559	0,0782	0,0533	5002	3387	1615
L09057	1	-46,4881751	-23,5991604	3417	0,0293	0,0267	5868	4270	1598
L09061	1	-46,4681630	-23,6266932	2245	0,0445	0,0267	4236	3031	1205
L09062	3	-46,4892324	-23,6122890	2777	0,108	0,08	5135	3576	1559
L09063	1	-46,4785920	-23,6052751	3582	0,0279	0,0267	6447	4604	1843
L09064	1	-46,4444469	-23,6341908	3618	0,0276	0,0267	6385	4760	1625
L09065	1	-46,4573138	-23,6173317	3507	0,0285	0,0267	6005	4481	1524
L09066	2	-46,4621492	-23,6284570	2730	0,0733	0,0533	5142	3766	1376
L09071	5	-46,4822288	-23,6131431	2033	0,2459	0,1334	3694	2600	1094
L09072	4	-46,4711933	-23,6237846	2817	0,142	0,1067	4983	3737	1246
L09075	2	-46,4854339	-23,6126187	1607	0,1245	0,0533	2865	2088	777
L09077	1	-46,4645811	-23,6112224	3566	0,028	0,0267	6521	4469	2052
L09078	1	-46,4574058	-23,6320001	2934	0,0341	0,0267	5182	3779	1403
L09083	1	-46,4464970	-23,6396360	2818	0,0355	0,0267	4787	3634	1153
L09084	2	-46,4866751	-23,5892640	2723	0,0734	0,0533	4672	3532	1140
L09086	1	-46,4803863	-23,6171679	501	0,1996	0,0267	831	661	170
L09088	2	-46,4794297	-23,6111057	1109	0,1803	0,0533	1904	1450	454
L09089	1	-46,4760402	-23,6078220	1380	0,0725	0,0267	2541	1871	670
L09091	3	-46,4719748	-23,6101579	2941	0,102	0,08	5080	3787	1293
L09092	1	-46,4703344	-23,6125189	2663	0,0376	0,0267	4922	3399	1523
L09093	1	-46,6891450	-23,4480420	1559	0,0641	0,0267	2715	1914	801
L09094	2	-46,7117310	-23,4620560	3852	0,0519	0,0533	7063	5062	2001
L09095	2	-46,6814668	-23,4770174	995	0,201	0,0533	1692	1272	420
L09096	1	-46,6919830	-23,4800350	2740	0,0365	0,0267	4783	3354	1429
L09097	1	-46,6833436	-23,4716951	3420	0,0292	0,0267	6292	4301	1991
L09101	1	-46,6966832	-23,4469548	4193	0,0238	0,0267	7420	5285	2135
L09102	3	-46,6877814	-23,4600022	3235	0,0927	0,08	5834	4249	1585
L09103	5	-46,6729691	-23,4629576	3071	0,1628	0,1334	5490	4096	1394
L09104	1	-46,6738756	-23,4613197	2864	0,0349	0,0267	4912	3725	1187
L09110	1	-46,6932484	-23,4764397	3726	0,0268	0,0267	6985	4801	2184
L09111	10	-46,6780978	-23,4504874	2994	0,334	0,2667	5456	3938	1518
L09113	2	-46,6882642	-23,4736711	3556	0,0562	0,0533	6282	4605	1677
L09115	1	-46,7003948	-23,4748538	1533	0,0652	0,0267	2655	1984	671
L09116	6	-46,6837802	-23,4832228	2960	0,2027	0,16	5049	3734	1315
L09118	11	-46,6795279	-23,4641832	7883	0,1395	0,2934	15183	10348	4835
L09120	2	-46,7026753	-23,4471028	1959	0,1021	0,0533	3520	2602	918
L09121	1	-46,6774616	-23,4736278	2374	0,0421	0,0267	4175	3125	1050
L09122	1	-46,6856934	-23,4537721	134	0,7463	0,0267	270	172	98
L09123	11	-46,6775348	-23,4595275	3138	0,3505	0,2934	5462	4143	1319
L09124	3	-46,6736651	-23,4709745	2675	0,1121	0,08	4617	3454	1163
L09126	3	-46,6908864	-23,4686604	3640	0,0824	0,08	6924	4603	2321
L09127	3	-46,6881097	-23,4507951	3748	0,08	0,08	6670	4918	1752
L09129	2	-46,6940812	-23,4585925	3967	0,0504	0,0533	6922	5126	1796
L09130	2	-46,6766890	-23,4765394	2390	0,0837	0,0533	4244	3085	1159
L09132	13	-46,6750425	-23,4517869	1995	0,6516	0,3468	3463	2543	920
L09135	1	-46,6875898	-23,4827743	3242	0,0308	0,0267	6012	4001	2011
L09138	1	-46,6809709	-23,4669256	2642	0,0379	0,0267	4579	3416	1163
L09324	1	-46,6807410	-23,7669661	7735	0,0129	0,0267	13259	9980	3279
L09331	1	-46,7035072	-23,7651387	3604	0,0277	0,0267	6158	4583	1575
L09334	1	-46,7177616	-23,7331948	2616	0,0382	0,0267	4208	3249	959
L09335	1	-46,6948722	-23,7705062	2172	0,046	0,0267	3674	2724	950
L09336	1	-46,7167371	-23,7695068	4256	0,0235	0,0267	7217	5340	1877
L09337	1	-46,7106055	-23,7451522	2081	0,0481	0,0267	3438	2605	833
L09340	1	-46,7557667	-23,8674974	1613	0,062	0,0267	2893	2210	683
L09347	1	-46,7059302	-23,7403363	3101	0,0322	0,0267	5690	3864	1826
L09353	1	-46,7400817	-23,8783745	1743	0,0574	0,0267	3113	2365	748
L09368	2	-46,7095920	-23,7408252	1645	0,1216	0,0533	2849	2040	809
L09372	1	-46,7101587	-23,8320793	1560	0,0641	0,0267	2660	1986	674
L09373	1	-46,7126190	-23,8613850	4278	0,0234	0,0267	6351	5045	1306
L09378	1	-46,7097768	-23,7408594	891	0,1122	0,0267	1393	1110	283
L09644	1	-46,7595246	-23,4046073	6764	0,0148	0,0267	12622	8645	3977
L09645	3	-46,7119327	-23,4419746	3269	0,0918	0,08	5682	4161	1521
L09647	3	-46,7170362	-23,4446937	2209	0,1358	0,08	3864	2823	1041
L09648	2	-46,7176648	-23,4359306	3664	0,0546	0,0533	6857	4617	2240
L09650	1	-46,7167070	-23,4450305	2708	0,0369	0,0267	4712	3446	1266
L09651	1	-46,7918881	-23,4360240	1363	0,0734	0,0267	2182	1702	480
L09655	1	-46,7754560	-23,4356680	2685	0,0372	0,0267	4347	3385	962
L09657	1	-46,7266588	-23,4265393	2406	0,0416	0,0267	4002	3119	883
L09660	1	-46,7415768	-23,4083171	2643	0,0378	0,0267	4472	3454	1018
L09662	1	-46,7924236	-23,4385264	1718	0,0582	0,0267	2807	2152	655
L09666	1	-46,7516173	-23,3995291	2810	0,0356	0,0267	4777	3531	1246
L09668	2	-46,7091840	-23,4464830	1307	0,153	0,0533	2147	1657	490
L09669	1	-46,7604130	-23,4096050	2754	0,0363	0,0267	5019	3660	1359
L09670	1	-46,7192047	-23,4348671	2032	0,0492	0,0267	3853	2568	1285
L09671	1	-46,7508213	-23,4136565	4987	0,0201	0,0267	8189	6303	1886
L09673	1	-46,7384315	-23,4028665	2893	0,0346	0,0267	5072	3732	1340
L09675	4	-46,7080670	-23,4494150	1143	0,35	0,1067	1981	1479	502
L09676	1	-46,7277583	-23,4386909	1807	0,0553	0,0267	3125	2351	774
L09677	2	-46,7928284	-23,4298912	2395	0,0835	0,0533	3987	2948	1039
L09678	1	-46,7174060	-23,4409910	1966	0,0509	0,0267	3436	2563	873
L09683	1	-46,7943213	-23,4324396	3095	0,0323	0,0267	4938	3901	1037
L09685	1	-46,7141265	-23,4344010	2433	0,0411	0,0267	4113	3094	1019
L09688	1	-46,7166746	-23,4347728	1683	0,0594	0,0267	2857	2153	704
L09692	1	-46,7535522	-23,4080667	1410	0,0709	0,0267	2383	1784	599
L09694	1	-46,7254060	-23,4420603	684	0,1462	0,0267	1123	892	231
L09696	1	-46,5350066	-23,5126551	1200	0,0833	0,0267	2109	1530	579
L09697	1	-46,4962588	-23,4990145	1337	0,0748	0,0267	2287	1695	592
L09702	2	-46,5462397	-23,5116021	3181	0,0629	0,0533	5845	4123	1722
L09704	4	-46,5346956	-23,5090208	3162	0,1265	0,1067	6202	4010	2192
L09705	2	-46,4976882	-23,4974521	2912	0,0687	0,0533	5100	3739	1361
L09706	1	-46,5042643	-23,5072875	2017	0,0496	0,0267	3439	2554	885
L09707	1	-46,5102750	-23,5075010	2667	0,0375	0,0267	4934	3455	1479
L09708	1	-46,5011972	-23,4910374	3598	0,0278	0,0267	5673	4513	1160
L09709	1	-46,5011218	-23,4970068	2480	0,0403	0,0267	4098	3151	947
L09710	1	-46,5314823	-23,5021289	2230	0,0448	0,0267	4095	2837	1258
L09711	3	-46,5256831	-23,5120904	4021	0,0746	0,08	7414	5163	2251
L09712	3	-46,5312644	-23,5048651	2786	0,1077	0,08	5242	3698	1544
L09713	1	-46,5202416	-23,5000815	2013	0,0497	0,0267	3488	2617	871
L09714	2	-46,5267033	-23,5028825	2319	0,0862	0,0533	4701	2945	1756
L09715	3	-46,5417660	-23,5078996	2268	0,1323	0,08	4139	2897	1242
L09716	3	-46,5307769	-23,5112782	2975	0,1008	0,08	5262	3745	1517
L09719	1	-46,5199592	-23,4989882	906	0,1104	0,0267	1573	1175	398
L09720	1	-46,5061927	-23,4971573	1578	0,0634	0,0267	2480	1979	501
L09722	1	-46,5308186	-23,5118465	1247	0,0802	0,0267	2089	1595	494
L09723	1	-46,5113293	-23,5018991	844	0,1185	0,0267	1412	1106	306
L09752	1	-46,4842871	-23,5209250	1143	0,0875	0,0267	2000	1551	449
L09753	1	-46,4717218	-23,5340019	1145	0,0873	0,0267	1944	1432	512
L09755	1	-46,4808207	-23,5172670	2520	0,0397	0,0267	4399	3291	1108
L09759	3	-46,4893072	-23,5119538	2407	0,1246	0,08	4544	3045	1499
L09762	2	-46,4813689	-23,5374258	3181	0,0629	0,0533	5713	4094	1619
L09763	3	-46,4896747	-23,5160828	2228	0,1346	0,08	3691	2807	884
L09764	2	-46,4678340	-23,5355610	3575	0,0559	0,0533	6685	4497	2188
L09766	2	-46,4880409	-23,5223342	3475	0,0576	0,0533	6125	4652	1473
L09768	3	-46,4792021	-23,5282349	2012	0,1491	0,08	3434	2685	749
L09769	1	-46,4765549	-23,5327711	2321	0,0431	0,0267	4173	2902	1271
L09770	2	-46,5081371	-23,5141476	2763	0,0724	0,0533	5024	3413	1611
L09771	1	-46,4943893	-23,5089738	3192	0,0313	0,0267	5877	3982	1895
L09772	1	-46,4729202	-23,5342395	2773	0,0361	0,0267	4787	3486	1301
L09774	1	-46,4773989	-23,5179212	1534	0,0652	0,0267	2929	1929	1000
L09775	1	-46,4645114	-23,5281457	1180	0,0847	0,0267	1886	1481	405
L09777	1	-46,4780882	-23,5104731	680	0,1471	0,0267	1097	867	230
L09781	1	-46,5043724	-23,5151956	911	0,1098	0,0267	1510	1166	344
L09783	1	-46,4752420	-23,5235190	4447	0,0225	0,0267	7421	5633	1788
L09922	2	-46,4327528	-23,4878458	1190	0,1681	0,0533	2000	1568	432
L09923	1	-46,4212855	-23,4882306	1531	0,0653	0,0267	2520	1972	548
L09924	5	-46,4044363	-23,5213143	2034	0,2458	0,1334	3716	2844	872
L09927	1	-46,4105791	-23,5212702	3639	0,0275	0,0267	6418	4656	1762
L09928	1	-46,4200714	-23,4802190	3350	0,0299	0,0267	5654	4131	1523
L09931	1	-46,4248518	-23,4746436	3594	0,0278	0,0267	5847	4535	1312
L09933	4	-46,4324856	-23,4898223	2690	0,1487	0,1067	4807	3562	1245
L09935	2	-46,4135985	-23,4998743	4252	0,047	0,0533	7458	5385	2073
L09937	1	-46,4180284	-23,4905184	3021	0,0331	0,0267	5041	3920	1121
L09938	4	-46,4304864	-23,4825986	3466	0,1154	0,1067	5946	4422	1524
L09939	2	-46,4058353	-23,5217846	3328	0,0601	0,0533	5634	4378	1256
L09942	1	-46,4066823	-23,5098630	3334	0,03	0,0267	5872	4480	1392
L09944	1	-46,4089885	-23,5099210	2792	0,0358	0,0267	4837	3753	1084
L09947	1	-46,4192075	-23,4763812	780	0,1282	0,0267	1317	1002	315
L09953	1	-46,4731140	-23,5114910	2130	0,0469	0,0267	3810	2793	1017
L09955	1	-46,4581061	-23,4953823	1783	0,0561	0,0267	3145	2251	894
L09956	1	-46,4586839	-23,5113158	2441	0,041	0,0267	4199	3148	1051
L09960	2	-46,4662456	-23,5033514	2103	0,0951	0,0533	3666	2754	912
L09961	2	-46,4759909	-23,5120600	2556	0,0782	0,0533	4311	3397	914
L09962	3	-46,4551140	-23,5001057	2153	0,1393	0,08	3785	2650	1135
L09964	1	-46,4478293	-23,5112363	2288	0,0437	0,0267	3975	3015	960
L09965	1	-46,4559263	-23,4911459	2451	0,0408	0,0267	4152	3143	1009
L09967	2	-46,4485753	-23,5009963	2271	0,0881	0,0533	3893	2812	1081
L09970	1	-46,4560056	-23,5122728	3898	0,0257	0,0267	6534	5016	1518
L09971	1	-46,4610139	-23,4967947	2718	0,0368	0,0267	4758	3458	1300
L09979	4	-46,4533158	-23,4993370	3973	0,1007	0,1067	6808	4929	1879
L10131	1	-46,7422200	-23,4556679	1679	0,0596	0,0267	2902	2091	811
L10132	1	-46,7445881	-23,4500351	3272	0,0306	0,0267	5780	4132	1648
L10133	2	-46,7369336	-23,4466755	2437	0,0821	0,0533	3928	3008	920
L10134	1	-46,7361616	-23,4500614	2869	0,0349	0,0267	5129	3556	1573
L10135	1	-46,7502212	-23,4398778	2289	0,0437	0,0267	3989	2990	999
L10136	1	-46,7342707	-23,4485696	2255	0,0443	0,0267	3877	2856	1021
L10138	1	-46,7498728	-23,4458752	1878	0,0532	0,0267	3193	2426	767
L10140	1	-46,7462176	-23,4551621	1903	0,0525	0,0267	3307	2338	969
L10141	1	-46,7603206	-23,4906328	1931	0,0518	0,0267	3394	2499	895
L10142	1	-46,7493180	-23,4872341	3224	0,031	0,0267	6110	4046	2064
L10143	1	-46,7327693	-23,4440969	2479	0,0403	0,0267	4439	3210	1229
L10144	1	-46,7399232	-23,4365548	2333	0,0429	0,0267	3666	2924	742
L10145	3	-46,7525083	-23,4519450	1441	0,2082	0,08	2514	1880	634
L10148	2	-46,7311790	-23,4454790	2341	0,0854	0,0533	3944	2990	954
L10154	1	-46,7551396	-23,4729593	2006	0,0499	0,0267	3186	2474	712
L10157	1	-46,4337506	-23,6070194	2460	0,0407	0,0267	4455	3157	1298
L10159	1	-46,3986638	-23,5652267	1792	0,0558	0,0267	2935	2258	677
L10161	1	-46,4041961	-23,5809663	1876	0,0533	0,0267	3205	2396	809
L10162	1	-46,4037340	-23,5668844	2580	0,0388	0,0267	4380	3282	1098
L10164	5	-46,4000259	-23,5999090	3063	0,1632	0,1334	5283	3824	1459
L10165	1	-46,4019720	-23,5932929	1404	0,0712	0,0267	2421	1822	599
L10166	1	-46,4073307	-23,5666032	3346	0,0299	0,0267	5875	4258	1617
L10169	1	-46,4441227	-23,5965195	3830	0,0261	0,0267	6692	4988	1704
L10170	1	-46,4029258	-23,5791123	3594	0,0278	0,0267	6150	4576	1574
L10171	4	-46,3962457	-23,5991319	1706	0,2345	0,1067	2893	2180	713
L10172	1	-46,3911438	-23,5781477	2553	0,0392	0,0267	4332	3191	1141
L10174	1	-46,4394834	-23,5946999	2672	0,0374	0,0267	4565	3397	1168
L10178	3	-46,4094033	-23,5851215	3329	0,0901	0,08	5585	4174	1411
L10182	5	-46,4165108	-23,5924694	2887	0,1732	0,1334	4796	3618	1178
L10183	19	-46,3957789	-23,5915363	2543	0,7471	0,5068	4545	3320	1225
L10184	2	-46,3942223	-23,5789990	3555	0,0563	0,0533	6001	4511	1490
L10186	1	-46,4353757	-23,6050958	3112	0,0321	0,0267	5433	4073	1360
L10187	2	-46,3967077	-23,5644405	2905	0,0688	0,0533	5094	3653	1441
L10190	2	-46,4063933	-23,5926393	3470	0,0576	0,0533	6064	4335	1729
L10191	1	-46,4081455	-23,5938557	2942	0,034	0,0267	4794	3605	1189
L10194	2	-46,3915721	-23,5870657	3661	0,0546	0,0533	5997	4550	1447
L10195	11	-46,4005020	-23,5933829	2950	0,3729	0,2934	5001	3717	1284
L10198	5	-46,4014360	-23,5912442	4177	0,1197	0,1334	6889	5203	1686
L10203	1	-46,4258537	-23,5660747	3386	0,0295	0,0267	6124	4511	1613
L10204	3	-46,4437362	-23,5536130	3367	0,0891	0,08	5872	4414	1458
L10211	1	-46,4410384	-23,5384069	4053	0,0247	0,0267	7309	5151	2158
L10213	3	-46,4350193	-23,5546910	4684	0,064	0,08	8573	6058	2515
L10216	1	-46,4285496	-23,5394983	3748	0,0267	0,0267	6636	4916	1720
L10220	1	-46,4161442	-23,5651315	3039	0,0329	0,0267	5389	3972	1417
L10222	1	-46,4387810	-23,5470846	1896	0,0527	0,0267	3138	2443	695
L10311	1	-46,7438418	-23,6469973	3989	0,0251	0,0267	6890	4938	1952
L10312	1	-46,7277244	-23,6232924	2826	0,0354	0,0267	5507	3651	1856
L10313	9	-46,7409855	-23,6288859	4572	0,1969	0,2401	7434	5319	2115
L10315	4	-46,7329180	-23,6456264	3655	0,1094	0,1067	6542	4487	2055
L10316	3	-46,7406208	-23,6440978	2363	0,127	0,08	4428	2886	1542
L10317	1	-46,7326913	-23,6400041	1979	0,0505	0,0267	3493	2460	1033
L10318	1	-46,7348644	-23,6510220	1977	0,0506	0,0267	3469	2405	1064
L10319	2	-46,7322309	-23,6212240	7028	0,0285	0,0533	12398	8767	3631
L10320	3	-46,7456339	-23,6149639	1637	0,1833	0,08	2637	1931	706
L10321	1	-46,7373128	-23,6532119	4481	0,0223	0,0267	7802	5537	2265
L10323	2	-46,7448452	-23,6511623	3217	0,0622	0,0533	5549	3996	1553
L10324	2	-46,7404239	-23,6491380	3708	0,0539	0,0533	6560	4602	1958
L10325	2	-46,7462436	-23,6209695	4031	0,0496	0,0533	7403	4961	2442
L10327	2	-46,7463527	-23,6415609	1596	0,1253	0,0533	2789	2043	746
L10329	7	-46,7515285	-23,6467951	3583	0,1954	0,1867	6346	4335	2011
L10330	2	-46,7277244	-23,6232924	3496	0,0572	0,0533	6463	4523	1940
L10331	1	-46,7579377	-23,6506764	1781	0,0561	0,0267	3012	2171	841
L10333	2	-46,7411845	-23,6324928	2557	0,0782	0,0533	4483	2941	1542
L10335	2	-46,7470038	-23,6574330	4546	0,044	0,0533	7984	5664	2320
L10336	1	-46,7442610	-23,6566420	3010	0,0332	0,0267	5133	3848	1285
L10340	2	-46,7551211	-23,6549905	1723	0,1161	0,0533	3127	2375	752
L10341	6	-46,7410953	-23,6309880	1989	0,3017	0,16	3371	2272	1099
L10491	2	-46,6063628	-23,6334842	2562	0,0781	0,0533	4662	3165	1497
L10492	1	-46,6086090	-23,6438400	4118	0,0243	0,0267	7089	5189	1900
L10493	9	-46,6004969	-23,6242367	3658	0,246	0,2401	6286	4333	1953
L10494	9	-46,6056518	-23,6282751	4556	0,1975	0,2401	7496	5612	1884
L10495	1	-46,6042777	-23,6188105	1662	0,0602	0,0267	2687	1983	704
L10496	8	-46,6171064	-23,6170233	2347	0,3409	0,2134	4315	2704	1611
L10498	6	-46,5966151	-23,6408907	3200	0,1875	0,16	5549	3932	1617
L10500	5	-46,6198639	-23,6259356	4553	0,1098	0,1334	8580	5593	2987
L10501	2	-46,6131234	-23,6336255	3411	0,0586	0,0533	6193	4182	2011
L10502	1	-46,6166660	-23,6283520	2618	0,0382	0,0267	4677	3342	1335
L10503	4	-46,6068182	-23,6262334	2963	0,135	0,1067	5466	3635	1831
L10504	1	-46,6101359	-23,6467725	2446	0,0409	0,0267	4304	2974	1330
L10505	2	-46,6259535	-23,6310077	2563	0,078	0,0533	4493	3160	1333
L10506	5	-46,5972438	-23,6398797	2835	0,1764	0,1334	4669	3551	1118
L10507	5	-46,6088981	-23,6130570	3204	0,1561	0,1334	5234	3891	1343
L10508	5	-46,6226811	-23,6322515	4079	0,1226	0,1334	7342	5130	2212
L10510	1	-46,5992590	-23,6380620	2766	0,0362	0,0267	4728	3350	1378
L10511	2	-46,5988854	-23,6473033	3074	0,0651	0,0533	4952	3868	1084
L10512	5	-46,6126960	-23,6136070	2782	0,1797	0,1334	4566	3356	1210
L10513	6	-46,6148883	-23,6223499	2743	0,2187	0,16	4986	3378	1608
L10514	4	-46,6067712	-23,6385971	3445	0,1161	0,1067	5811	4310	1501
L10515	4	-46,5935567	-23,6451630	3108	0,1287	0,1067	5258	3966	1292
L10516	2	-46,6134748	-23,6571470	3833	0,0522	0,0533	5910	4608	1302
L10517	3	-46,6050459	-23,6252795	2397	0,1252	0,08	4071	2968	1103
L10518	1	-46,6185590	-23,6207827	1571	0,0637	0,0267	2530	1910	620
L10610	5	-46,4812016	-23,5483731	3878	0,1289	0,1334	6716	5098	1618
L10611	1	-46,4696904	-23,5681129	5770	0,0173	0,0267	11060	7441	3619
L10616	1	-46,4850436	-23,5755403	2607	0,0384	0,0267	4518	3409	1109
L10617	2	-46,4705701	-23,5650788	2486	0,0805	0,0533	4479	3304	1175
L10618	1	-46,4876555	-23,5528722	3863	0,0259	0,0267	7214	4790	2424
L10619	4	-46,4735226	-23,5580480	2559	0,1563	0,1067	4469	3296	1173
L10620	2	-46,4864496	-23,5496384	3089	0,0647	0,0533	5680	3970	1710
L10621	2	-46,4798018	-23,5438419	3988	0,0502	0,0533	7410	5062	2348
L10622	1	-46,4616617	-23,5574890	4046	0,0247	0,0267	7280	5166	2114
L10624	1	-46,4474483	-23,5693701	1987	0,0503	0,0267	3374	2526	848
L10625	2	-46,4714895	-23,5528836	3285	0,0609	0,0533	5837	4288	1549
L10627	3	-46,4652985	-23,5546299	3666	0,0818	0,08	6843	4619	2224
L10628	1	-46,4787958	-23,5757265	2501	0,04	0,0267	4279	3187	1092
L10637	3	-46,6758032	-23,6715957	1259	0,2383	0,08	2143	1542	601
L10641	2	-46,6436362	-23,7008286	3775	0,053	0,0533	6742	4811	1931
L10642	2	-46,6355906	-23,7135071	1785	0,112	0,0533	3599	2383	1216
L10643	1	-46,6714350	-23,6978615	2344	0,0427	0,0267	4232	2899	1333
L10645	2	-46,6362933	-23,7001858	2822	0,0709	0,0533	5118	3730	1388
L10647	3	-46,6809971	-23,6837327	3113	0,0964	0,08	5197	3757	1440
L10648	2	-46,6336174	-23,7033308	3476	0,0575	0,0533	6288	4717	1571
L10651	1	-46,6505536	-23,7001667	3622	0,0276	0,0267	6325	4590	1735
L10652	3	-46,6774173	-23,6820430	4275	0,0702	0,08	7370	5418	1952
L10654	2	-46,6484762	-23,6909018	2269	0,0881	0,0533	3946	2781	1165
L10655	1	-46,6834503	-23,6829378	2922	0,0342	0,0267	5153	3581	1572
L10656	1	-46,6614438	-23,6833579	2638	0,0379	0,0267	4634	3302	1332
L10657	1	-46,6712450	-23,6947528	3201	0,0312	0,0267	5811	4046	1765
L10660	1	-46,6730061	-23,6875554	2843	0,0352	0,0267	5133	3531	1602
L10661	4	-46,6761983	-23,6715815	3187	0,1255	0,1067	5530	3861	1669
L10662	4	-46,6553293	-23,6948602	2865	0,1396	0,1067	5307	3647	1660
L10664	2	-46,6822506	-23,6859937	2727	0,0733	0,0533	4800	3284	1516
L10667	2	-46,6484937	-23,6939898	3026	0,0661	0,0533	5380	3783	1597
L10669	1	-46,6638547	-23,6762157	2108	0,0474	0,0267	3608	2741	867
L10670	1	-46,6532948	-23,6930429	4054	0,0247	0,0267	7018	5197	1821
L10671	2	-46,6759703	-23,6706677	1293	0,1547	0,0533	1989	1559	430
L10713	1	-46,5785229	-23,4851103	1775	0,0563	0,0267	3031	2287	744
L10717	2	-46,5630814	-23,4738195	2767	0,0723	0,0533	5120	3441	1679
L10718	1	-46,5859510	-23,4876316	2245	0,0445	0,0267	4064	2964	1100
L10719	1	-46,5812144	-23,4890395	2814	0,0355	0,0267	4897	3512	1385
L10720	1	-46,5857185	-23,4923051	2198	0,0455	0,0267	3984	2779	1205
L10721	1	-46,5753210	-23,4806909	3112	0,0321	0,0267	5709	3924	1785
L10722	1	-46,5624088	-23,4783293	2298	0,0435	0,0267	4490	2893	1597
L10724	2	-46,5897661	-23,4836253	3533	0,0566	0,0533	6457	4363	2094
L10725	1	-46,5743549	-23,4975157	1855	0,0539	0,0267	3076	2333	743
L10726	1	-46,5861292	-23,4922494	2903	0,0344	0,0267	5395	3706	1689
L10727	3	-46,5724481	-23,4898866	3376	0,0889	0,08	6286	4313	1973
L10728	2	-46,5798590	-23,4856546	3035	0,0659	0,0533	5717	3858	1859
L10730	1	-46,5677498	-23,4890100	1919	0,0521	0,0267	3223	2470	753
L10731	1	-46,5732850	-23,4796325	3704	0,027	0,0267	7087	4869	2218
L10732	1	-46,5717637	-23,4775916	2749	0,0364	0,0267	4752	3504	1248
L10735	3	-46,5734783	-23,4926878	3047	0,0985	0,08	5191	3808	1383
L10736	1	-46,5681819	-23,4784924	3650	0,0274	0,0267	6352	4719	1633
L10737	1	-46,5819128	-23,4810310	2931	0,0341	0,0267	5742	3793	1949
L10740	2	-46,5845600	-23,4797190	1829	0,1093	0,0533	3200	2370	830
L10742	2	-46,4935076	-23,6091331	3091	0,0647	0,0533	5399	3979	1420
L10744	5	-46,5101702	-23,6058819	5877	0,0851	0,1334	10885	7744	3141
L10747	2	-46,5153124	-23,6258598	2667	0,075	0,0533	4720	3501	1219
L10748	1	-46,5058043	-23,6251616	1553	0,0644	0,0267	2754	2135	619
L10752	1	-46,4907070	-23,6054790	4502	0,0222	0,0267	7815	5884	1931
L10755	1	-46,5095210	-23,5996670	3646	0,0274	0,0267	6483	4687	1796
L10758	2	-46,5007848	-23,6042677	3731	0,0536	0,0533	6630	4687	1943
L10759	2	-46,5020070	-23,6161748	3261	0,0613	0,0533	6105	4125	1980
L10760	2	-46,4938454	-23,6105292	2751	0,0727	0,0533	4899	3482	1417
L10762	1	-46,5016183	-23,6011869	3850	0,026	0,0267	6508	4865	1643
L10765	1	-46,4965013	-23,6166543	3324	0,0301	0,0267	6076	4282	1794
L10767	2	-46,5096661	-23,6117172	1613	0,124	0,0533	2708	2079	629
L10771	3	-46,6343175	-23,4756514	2471	0,1214	0,08	3986	2974	1012
L10772	2	-46,6412490	-23,4854900	1860	0,1075	0,0533	2866	2221	645
L10773	5	-46,6378689	-23,4793297	3726	0,1342	0,1334	5957	4473	1484
L10774	1	-46,6386490	-23,4679230	2796	0,0358	0,0267	4464	3356	1108
L10776	4	-46,6622866	-23,4787799	1314	0,3044	0,1067	2207	1705	502
L10777	6	-46,6334518	-23,4764864	2961	0,2026	0,16	5466	3552	1914
L10778	2	-46,6714017	-23,4574567	4417	0,0453	0,0533	7852	5784	2068
L10780	2	-46,6459828	-23,4561450	2090	0,0957	0,0533	3524	2632	892
L10781	4	-46,6492631	-23,4694520	4305	0,0929	0,1067	7868	5458	2410
L10782	2	-46,6285532	-23,4710309	2053	0,0974	0,0533	3411	2494	917
L10784	1	-46,6538036	-23,4559206	2010	0,0498	0,0267	3602	2586	1016
L10786	1	-46,6509458	-23,4833087	1389	0,072	0,0267	2199	1761	438
L10788	4	-46,6521748	-23,4881391	2843	0,1407	0,1067	5381	3583	1798
L10789	2	-46,6351309	-23,4713832	3445	0,0581	0,0533	6308	4270	2038
L10790	2	-46,6685780	-23,4641456	1708	0,1171	0,0533	2905	2222	683
L10791	1	-46,6510885	-23,4620515	3736	0,0268	0,0267	6918	4639	2279
L10793	1	-46,6540520	-23,4791841	2694	0,0371	0,0267	4415	3409	1006
L10794	1	-46,6467400	-23,4764270	3174	0,0315	0,0267	5910	4120	1790
L10795	1	-46,6448499	-23,4728933	2607	0,0384	0,0267	4567	3376	1191
L10800	2	-46,6567210	-23,4547987	1092	0,1832	0,0533	1818	1377	441
L10803	2	-46,6313732	-23,4672637	1642	0,1218	0,0533	2751	2004	747
