cod_local	QT_VOTOS	longitude	latitude	LOC_VALID	%_LOC_V	%_CAND	QT_APTOS	QT_COMPARECIMENTO	QT_ABSTENCOES
L00002	4	-46,6458082	-23,5644282	2271	0,1761	0,1314	3779	2548	1231
L00003	3	-46,6455650	-23,5547500	3290	0,0912	0,0986	5696	3792	1904
L00004	8	-46,6511260	-23,5652103	5298	0,151	0,2628	9838	5921	3917
L00005	2	-46,6603762	-23,5406137	4082	0,049	0,0657	8248	4503	3745
L00006	2	-46,6471893	-23,5496488	4359	0,0459	0,0657	8358	5061	3297
L00008	3	-46,6464095	-23,5560819	3643	0,0823	0,0986	6983	4278	2705
L00010	7	-46,6355899	-23,5623979	2996	0,2336	0,23	5666	3638	2028
L00011	1	-46,6535747	-23,5498948	3808	0,0263	0,0329	7072	4407	2665
L00012	3	-46,6461964	-23,5700830	3252	0,0923	0,0986	6283	3656	2627
L00013	2	-46,6421456	-23,5572933	2899	0,069	0,0657	5416	3426	1990
L00015	7	-46,6368132	-23,5574886	3591	0,1949	0,23	7151	4273	2878
L00016	1	-46,6361305	-23,5497845	2669	0,0375	0,0329	5297	3132	2165
L00018	6	-46,6419109	-23,5592168	3389	0,177	0,1971	7001	3906	3095
L00019	2	-46,6376429	-23,5607300	2664	0,0751	0,0657	5259	3125	2134
L00020	6	-46,6376429	-23,5607300	2293	0,2617	0,1971	5052	2698	2354
L00021	2	-46,6419109	-23,5592168	3437	0,0582	0,0657	6548	4013	2535
L00022	1	-46,6521240	-23,5458002	10350	0,0097	0,0329	18525	11583	6942
L00023	5	-46,6498912	-23,5493645	2834	0,1764	0,1643	4909	3201	1708
L00025	4	-46,6380154	-23,5642161	2151	0,186	0,1314	3803	2547	1256
L00026	1	-46,6351446	-23,5631017	1170	0,0855	0,0329	2088	1410	678
L00027	1	-46,6368084	-23,5498480	2635	0,038	0,0329	5430	3072	2358
L00028	4	-46,6528053	-23,5234860	651	0,6144	0,1314	1201	806	395
L00029	7	-46,6858903	-23,5271427	1846	0,3792	0,23	2661	2067	594
L00030	7	-46,6716846	-23,5278546	4168	0,1679	0,23	8123	4653	3470
L00031	4	-46,6872489	-23,5323018	3785	0,1057	0,1314	5622	4272	1350
L00034	4	-46,6605264	-23,5415277	5254	0,0761	0,1314	7993	5767	2226
L00035	6	-46,6800459	-23,5481021	3932	0,1526	0,1971	6405	4313	2092
L00037	1	-46,6566164	-23,5307137	3471	0,0288	0,0329	6463	3952	2511
L00038	10	-46,6844226	-23,5340373	3156	0,3169	0,3285	5271	3545	1726
L00039	3	-46,6663954	-23,5361229	5419	0,0554	0,0986	8062	5901	2161
L00040	2	-46,6597606	-23,5452831	1062	0,1883	0,0657	1577	1160	417
L00043	3	-46,6853794	-23,5386780	2698	0,1112	0,0986	4613	3033	1580
L00044	1	-46,6566305	-23,5207777	1534	0,0652	0,0329	2722	1815	907
L00045	1	-46,6523017	-23,5318175	2128	0,047	0,0329	3940	2485	1455
L00046	1	-46,6555734	-23,5283610	2335	0,0428	0,0329	4656	2795	1861
L00048	3	-46,6841353	-23,5370181	2501	0,12	0,0986	3771	2812	959
L00049	6	-46,6806583	-23,5307166	4578	0,1311	0,1971	8065	5186	2879
L00050	4	-46,6531096	-23,5391595	3449	0,116	0,1314	6577	4007	2570
L00052	6	-46,6832663	-23,5289919	4888	0,1227	0,1971	8677	5629	3048
L00053	6	-46,6630845	-23,5450242	5945	0,1009	0,1971	9970	6457	3513
L00054	1	-46,6650200	-23,5361422	1083	0,0923	0,0329	1605	1172	433
L00055	5	-46,6566164	-23,5307137	5271	0,0949	0,1643	9323	6035	3288
L00056	3	-46,6508278	-23,5375343	2409	0,1245	0,0986	4853	2751	2102
L00057	2	-46,6510689	-23,5302066	2410	0,083	0,0657	4093	2814	1279
L00058	1	-46,6432297	-23,5320752	3161	0,0316	0,0329	6470	3731	2739
L00060	8	-46,6711550	-23,5381000	10857	0,0737	0,2628	17946	11853	6093
L00061	8	-46,6666956	-23,5298372	3408	0,2347	0,2628	6305	3946	2359
L00062	1	-46,6375237	-23,5287430	2256	0,0443	0,0329	4421	2765	1656
L00063	2	-46,6343483	-23,5436627	2624	0,0762	0,0657	5154	3085	2069
L00064	4	-46,6278434	-23,5475185	2980	0,1342	0,1314	5641	3584	2057
L00065	1	-46,6385252	-23,5376549	2229	0,0449	0,0329	4267	2744	1523
L00066	3	-46,6126881	-23,5372312	2446	0,1226	0,0986	4500	2909	1591
L00067	2	-46,6107088	-23,5252045	1435	0,1394	0,0657	2765	1755	1010
L00068	3	-46,6432775	-23,5262231	2815	0,1066	0,0986	5403	3409	1994
L00073	3	-46,6217056	-23,5381881	1287	0,2331	0,0986	2708	1593	1115
L00075	3	-46,6325856	-23,5295792	4103	0,0731	0,0986	8045	4955	3090
L00078	4	-46,6212238	-23,5429654	2774	0,1442	0,1314	5496	3398	2098
L00080	2	-46,5869070	-23,5756756	3323	0,0602	0,0657	5823	3854	1969
L00081	1	-46,5848689	-23,5392025	3560	0,0281	0,0329	5984	4200	1784
L00082	1	-46,5746890	-23,5568730	2818	0,0355	0,0329	4581	3379	1202
L00083	4	-46,5997287	-23,5410220	3324	0,1203	0,1314	6501	4011	2490
L00084	12	-46,5895134	-23,5593568	5301	0,2264	0,3942	8807	6387	2420
L00085	8	-46,5978907	-23,5552089	4372	0,183	0,2628	8050	5269	2781
L00086	3	-46,6000356	-23,5353560	2856	0,105	0,0986	5171	3468	1703
L00087	3	-46,5842762	-23,5514675	2993	0,1002	0,0986	5617	3662	1955
L00088	6	-46,6217269	-23,5533444	1019	0,5888	0,1971	1932	1238	694
L00089	1	-46,5902871	-23,5470008	2261	0,0442	0,0329	4286	2820	1466
L00090	3	-46,5652413	-23,5675233	2503	0,1199	0,0986	4461	3203	1258
L00091	6	-46,5964833	-23,5637925	3169	0,1893	0,1971	6188	3786	2402
L00092	8	-46,5828225	-23,5542479	3888	0,2058	0,2628	7164	4714	2450
L00093	6	-46,5813248	-23,5619799	3706	0,1619	0,1971	6970	4489	2481
L00094	6	-46,6214361	-23,5534993	2393	0,2507	0,1971	4753	2932	1821
L00095	2	-46,5726610	-23,5574173	1814	0,1103	0,0657	3331	2227	1104
L00096	10	-46,5697601	-23,5636527	4049	0,247	0,3285	7290	5070	2220
L00097	1	-46,5595868	-23,5719075	2559	0,0391	0,0329	4560	3187	1373
L00098	1	-46,5984516	-23,5519192	955	0,1047	0,0329	1806	1145	661
L00100	1	-46,5637915	-23,5715671	2872	0,0348	0,0329	5130	3619	1511
L00101	9	-46,5902071	-23,5606910	4284	0,2101	0,2957	7988	5172	2816
L00102	9	-46,5979424	-23,5532296	4622	0,1947	0,2957	8563	5548	3015
L00103	3	-46,5812316	-23,5700009	4342	0,0691	0,0986	7905	5265	2640
L00106	6	-46,5939719	-23,5375195	4328	0,1386	0,1971	6924	5149	1775
L00107	2	-46,6116378	-23,5511180	2148	0,0931	0,0657	4565	2585	1980
L00108	8	-46,5976041	-23,5519593	6779	0,118	0,2628	11883	7994	3889
L00109	1	-46,6685837	-23,5678112	2042	0,049	0,0329	3574	2207	1367
L00110	1	-46,6602508	-23,5695486	2517	0,0397	0,0329	4741	2759	1982
L00111	6	-46,6590182	-23,5634584	7550	0,0795	0,1971	13488	8273	5215
L00113	3	-46,6642690	-23,5638420	4708	0,0637	0,0986	8733	5175	3558
L00114	1	-46,6627773	-23,5790597	1545	0,0647	0,0329	2374	1668	706
L00115	1	-46,6759394	-23,5867575	1860	0,0538	0,0329	3357	2042	1315
L00117	1	-46,6709040	-23,5923207	3151	0,0317	0,0329	5443	3456	1987
L00118	2	-46,6768341	-23,5885769	2860	0,0699	0,0657	5240	3249	1991
L00119	1	-46,6851323	-23,5877136	2254	0,0444	0,0329	3851	2471	1380
L00120	1	-46,6758302	-23,6004582	2006	0,0499	0,0329	3761	2276	1485
L00121	1	-46,6790390	-23,5798975	3855	0,0259	0,0329	7199	4264	2935
L00122	2	-46,6734804	-23,5826449	2473	0,0809	0,0657	4205	2672	1533
L00123	2	-46,6731135	-23,5792999	2804	0,0713	0,0657	4967	3078	1889
L00124	3	-46,6605835	-23,5566944	5697	0,0527	0,0986	10701	6297	4404
L00125	3	-46,6822891	-23,5834680	4924	0,0609	0,0986	9066	5408	3658
L00126	3	-46,6724723	-23,5954720	3916	0,0766	0,0986	6669	4338	2331
L00127	6	-46,6605835	-23,5566944	6318	0,095	0,1971	11459	6999	4460
L00128	2	-46,6769068	-23,6001070	3888	0,0514	0,0657	6994	4384	2610
L00129	5	-46,6486232	-23,5813704	3537	0,1414	0,1643	5654	3970	1684
L00130	5	-46,6437100	-23,5775691	2213	0,2259	0,1643	3690	2443	1247
L00131	9	-46,6442337	-23,5847251	4116	0,2187	0,2957	7035	4617	2418
L00132	21	-46,6416210	-23,5785510	4598	0,4567	0,6899	7651	5166	2485
L00133	6	-46,6320497	-23,5811282	2750	0,2182	0,1971	4986	3131	1855
L00134	5	-46,6358455	-23,5895447	4856	0,103	0,1643	8425	5454	2971
L00135	8	-46,6431906	-23,5719338	4487	0,1783	0,2628	7477	5015	2462
L00136	8	-46,6234512	-23,5608329	4167	0,192	0,2628	7421	4897	2524
L00137	7	-46,6125927	-23,5728431	3033	0,2308	0,23	4908	3570	1338
L00138	1	-46,6259630	-23,5630260	2096	0,0477	0,0329	3469	2565	904
L00139	3	-46,6500347	-23,5703394	1246	0,2408	0,0986	1910	1375	535
L00141	6	-46,6308086	-23,5650323	5144	0,1166	0,1971	9743	6059	3684
L00142	2	-46,6119113	-23,5742236	2504	0,0799	0,0657	4454	2944	1510
L00143	5	-46,6414511	-23,5858080	2718	0,184	0,1643	4786	3093	1693
L00144	2	-46,6356180	-23,5786976	2260	0,0885	0,0657	3961	2589	1372
L00145	11	-46,6350220	-23,5881065	3012	0,3652	0,3614	5263	3410	1853
L00146	1	-46,6223857	-23,5681693	2480	0,0403	0,0329	4585	2913	1672
L00147	5	-46,6251868	-23,5770987	3004	0,1664	0,1643	5565	3493	2072
L00148	9	-46,6273889	-23,5872670	4439	0,2027	0,2957	7836	5122	2714
L00149	2	-46,6300092	-23,5766639	1599	0,1251	0,0657	2985	1875	1110
L00150	5	-46,6299014	-23,5758099	4050	0,1235	0,1643	6863	4657	2206
L00151	6	-46,6209441	-23,5882398	2949	0,2035	0,1971	4478	3358	1120
L00152	3	-46,6459660	-23,5746810	3017	0,0994	0,0986	4888	3361	1527
L00153	11	-46,6399206	-23,5899717	4323	0,2545	0,3614	6624	4826	1798
L00154	5	-46,6235069	-23,5745404	4329	0,1155	0,1643	7193	5134	2059
L00156	4	-46,6397771	-23,5727404	4608	0,0868	0,1314	8784	5242	3542
L00157	11	-46,6389836	-23,5697573	5176	0,2125	0,3614	8809	5934	2875
L00528	2	-46,7937390	-23,6862114	4929	0,0406	0,0657	8528	6298	2230
L00536	2	-46,7920187	-23,6867819	3212	0,0623	0,0657	5561	4120	1441
L00539	3	-46,7886237	-23,6861459	4146	0,0724	0,0986	7243	5328	1915
L00549	1	-46,7905836	-23,6983913	3552	0,0282	0,0329	6142	4535	1607
L00552	1	-46,7867141	-23,6791697	1483	0,0674	0,0329	2634	1909	725
L00555	2	-46,7999759	-23,6870539	3475	0,0576	0,0657	6174	4460	1714
L00556	1	-46,7765383	-23,6680796	2361	0,0424	0,0329	3983	2908	1075
L00561	1	-46,7797991	-23,6713610	3438	0,0291	0,0329	6027	4213	1814
L05530	7	-46,7007739	-23,6497088	5044	0,1388	0,23	8236	5638	2598
L05531	4	-46,7133162	-23,6344474	2027	0,1973	0,1314	3063	2266	797
L05532	2	-46,7034029	-23,6447800	2886	0,0693	0,0657	4752	3201	1551
L05533	2	-46,7012118	-23,6454413	2673	0,0748	0,0657	4610	2961	1649
L05534	7	-46,6930410	-23,6638790	5787	0,121	0,23	9716	6724	2992
L05535	3	-46,6912424	-23,6607866	3055	0,0982	0,0986	4525	3449	1076
L05536	4	-46,6821350	-23,6631782	5321	0,0752	0,1314	8921	6173	2748
L05538	2	-46,6809074	-23,6663068	3075	0,065	0,0657	5073	3651	1422
L05539	3	-46,7155893	-23,6513354	1889	0,1588	0,0986	3179	2190	989
L05541	2	-46,7153680	-23,6417200	3773	0,053	0,0657	6610	4390	2220
L05543	2	-46,6875690	-23,6745424	2821	0,0709	0,0657	4627	3474	1153
L05545	2	-46,6998999	-23,6559182	2564	0,078	0,0657	3946	2911	1035
L05546	2	-46,6816306	-23,6713892	1359	0,1472	0,0657	2062	1643	419
L05547	1	-46,7031531	-23,6485078	2502	0,04	0,0329	4597	2896	1701
L05548	2	-46,6996076	-23,6331312	1978	0,1011	0,0657	3388	2288	1100
L05549	3	-46,7057350	-23,6332760	4550	0,0659	0,0986	7718	5073	2645
L05550	7	-46,6945706	-23,6304883	5120	0,1367	0,23	8978	5840	3138
L05551	3	-46,7022860	-23,6510126	4767	0,0629	0,0986	8841	5514	3327
L05553	1	-46,4351534	-23,5022679	3506	0,0285	0,0329	6236	4381	1855
L05554	1	-46,4441795	-23,4982353	3546	0,0282	0,0329	6065	4260	1805
L05556	1	-46,4403512	-23,4942325	2553	0,0392	0,0329	4433	3067	1366
L05564	1	-46,4259779	-23,5162635	4083	0,0245	0,0329	6687	5009	1678
L05567	2	-46,4215117	-23,5013996	3622	0,0552	0,0657	6083	4594	1489
L05575	1	-46,4211790	-23,5134650	349	0,2865	0,0329	566	440	126
L05578	2	-46,4526050	-23,5387875	2564	0,078	0,0657	4882	3187	1695
L05581	1	-46,4522081	-23,5171617	3935	0,0254	0,0329	6924	5015	1909
L05587	3	-46,4443497	-23,5387667	3161	0,0949	0,0986	5471	4127	1344
L05589	3	-46,4544868	-23,5471412	2039	0,1471	0,0986	3417	2606	811
L05592	1	-46,4528483	-23,5265608	3373	0,0296	0,0329	6254	4448	1806
L05596	3	-46,4536228	-23,5552304	3671	0,0817	0,0986	6672	4852	1820
L05600	2	-46,4589975	-23,5302914	3067	0,0652	0,0657	5494	3916	1578
L05608	2	-46,4565300	-23,5399000	1319	0,1516	0,0657	2270	1658	612
L05610	2	-46,4554689	-23,5282555	6146	0,0325	0,0657	10609	7693	2916
L05611	13	-46,6300964	-23,5033502	2831	0,4592	0,4271	4847	3284	1563
L05613	3	-46,6310064	-23,5025938	1028	0,2918	0,0986	2041	1205	836
L05615	2	-46,6333996	-23,5019647	1282	0,156	0,0657	2094	1527	567
L05616	10	-46,6281182	-23,4912871	3378	0,296	0,3285	5313	3930	1383
L05617	5	-46,6180480	-23,4923992	3331	0,1501	0,1643	5427	3880	1547
L05620	5	-46,6405710	-23,4868210	1451	0,3446	0,1643	2771	1812	959
L05621	7	-46,6332236	-23,4899666	5271	0,1328	0,23	8744	6129	2615
L05622	6	-46,6256600	-23,4972860	1960	0,3061	0,1971	3358	2341	1017
L05623	5	-46,6405537	-23,5023028	2520	0,1984	0,1643	4590	2978	1612
L05624	2	-46,6161131	-23,5004170	2563	0,078	0,0657	4896	3055	1841
L05625	7	-46,6261164	-23,4898514	2978	0,2351	0,23	5488	3556	1932
L05626	9	-46,6278934	-23,4963679	2077	0,4333	0,2957	3746	2434	1312
L05627	3	-46,6249697	-23,5016655	1535	0,1954	0,0986	3087	1826	1261
L05628	4	-46,6157633	-23,4933572	2589	0,1545	0,1314	4750	3013	1737
L05629	1	-46,6242804	-23,4770119	2556	0,0391	0,0329	4643	3161	1482
L05631	3	-46,6446670	-23,4910726	1627	0,1844	0,0986	3161	2027	1134
L05632	4	-46,6381967	-23,4939821	2961	0,1351	0,1314	5002	3517	1485
L05633	9	-46,6227676	-23,4899879	1740	0,5172	0,2957	3090	2057	1033
L05634	3	-46,6264580	-23,4818440	1908	0,1572	0,0986	3707	2335	1372
L05635	4	-46,6142540	-23,4901233	2048	0,1953	0,1314	3470	2399	1071
L05636	2	-46,6317593	-23,5028361	836	0,2392	0,0657	1410	975	435
L05637	1	-46,6267268	-23,5135649	1530	0,0654	0,0329	2947	1815	1132
L05638	5	-46,6330906	-23,4915684	3666	0,1364	0,1643	6121	4251	1870
L05639	4	-46,6239120	-23,4891654	1527	0,262	0,1314	2617	1818	799
L05644	6	-46,7293968	-23,5276493	3559	0,1686	0,1971	5915	4024	1891
L05646	1	-46,7000457	-23,5224777	2592	0,0386	0,0329	4343	2970	1373
L05647	3	-46,7273840	-23,5310160	1602	0,1873	0,0986	2410	1810	600
L05648	1	-46,7032968	-23,5283085	4170	0,024	0,0329	7531	4847	2684
L05649	5	-46,7178181	-23,5361638	1874	0,2668	0,1643	2784	2102	682
L05650	2	-46,7098479	-23,5204991	2248	0,089	0,0657	3855	2539	1316
L05651	1	-46,7004969	-23,5385244	1604	0,0623	0,0329	2858	1850	1008
L05653	3	-46,7091294	-23,5350839	1807	0,166	0,0986	3207	2079	1128
L05654	1	-46,7056393	-23,5213772	2148	0,0466	0,0329	4003	2538	1465
L05655	2	-46,7387000	-23,5030740	1453	0,1376	0,0657	2267	1763	504
L05657	1	-46,6883851	-23,5246954	2280	0,0439	0,0329	3964	2619	1345
L05661	1	-46,7443554	-23,5048937	2325	0,043	0,0329	4192	2863	1329
L05663	1	-46,7053463	-23,5246614	2188	0,0457	0,0329	4237	2584	1653
L05666	1	-46,7036723	-23,5400795	2096	0,0477	0,0329	3593	2404	1189
L05667	5	-46,6875289	-23,5240849	2857	0,175	0,1643	4734	3347	1387
L05670	6	-46,7041160	-23,5315757	2953	0,2032	0,1971	5089	3434	1655
L05671	2	-46,7382418	-23,4999018	2364	0,0846	0,0657	4244	2840	1404
L05673	2	-46,7244140	-23,5363009	2278	0,0878	0,0657	4168	2682	1486
L05676	3	-46,7424159	-23,5202320	790	0,3797	0,0986	1426	991	435
L05678	1	-46,7498669	-23,4969079	2593	0,0386	0,0329	4758	3251	1507
L05679	1	-46,7572703	-23,5028236	2080	0,0481	0,0329	3534	2609	925
L05681	3	-46,6949470	-23,5283220	1938	0,1548	0,0986	3100	2183	917
L05682	1	-46,7500222	-23,4964512	535	0,1869	0,0329	919	650	269
L05684	1	-46,7467587	-23,5136239	575	0,1739	0,0329	907	713	194
L05686	1	-46,7064510	-23,5301730	1194	0,0838	0,0329	1873	1372	501
L05687	1	-46,7293085	-23,5091600	847	0,1181	0,0329	1262	988	274
L05688	3	-46,7278581	-23,5209253	3285	0,0913	0,0986	5542	3799	1743
L05691	4	-46,7186092	-23,5246136	1648	0,2427	0,1314	2675	1868	807
L05692	8	-46,7342495	-23,5279924	4939	0,162	0,2628	7451	5535	1916
L05693	5	-46,6769917	-23,5570934	4108	0,1217	0,1643	6768	4547	2221
L05694	1	-46,6971193	-23,5441298	2311	0,0433	0,0329	3990	2579	1411
L05696	1	-46,6826600	-23,5737124	2813	0,0355	0,0329	4397	3021	1376
L05697	3	-46,6950038	-23,5603746	3405	0,0881	0,0986	5468	3675	1793
L05699	1	-46,7009593	-23,5471309	1742	0,0574	0,0329	2791	1881	910
L05700	2	-46,7170159	-23,5510140	4888	0,0409	0,0657	7257	5167	2090
L05702	1	-46,7020044	-23,5462734	1456	0,0687	0,0329	1995	1533	462
L05703	4	-46,6962316	-23,5650597	1732	0,2309	0,1314	3356	1964	1392
L05704	1	-46,7169080	-23,5430685	2482	0,0403	0,0329	4378	2777	1601
L05705	7	-46,6896585	-23,5656255	3181	0,2201	0,23	5968	3546	2422
L05706	1	-46,6827388	-23,5501422	2508	0,0399	0,0329	4043	2732	1311
L05707	1	-46,7072431	-23,5459153	2353	0,0425	0,0329	3966	2589	1377
L05710	7	-46,6788148	-23,5592954	3381	0,207	0,23	5828	3742	2086
L05711	3	-46,6940900	-23,5501725	1686	0,1779	0,0986	2686	1891	795
L05713	3	-46,6816743	-23,5708583	3367	0,0891	0,0986	5931	3590	2341
L05714	1	-46,6896585	-23,5656255	1173	0,0853	0,0329	1972	1294	678
L05715	2	-46,6918510	-23,5514540	1237	0,1617	0,0657	1953	1335	618
L05716	1	-46,6975056	-23,5623803	2545	0,0393	0,0329	4027	2825	1202
L05717	5	-46,6818722	-23,5560723	2822	0,1772	0,1643	4697	3062	1635
L05718	6	-46,6823120	-23,5625230	2934	0,2045	0,1971	4770	3236	1534
L05719	5	-46,6976578	-23,5648688	2714	0,1842	0,1643	4719	3052	1667
L05724	4	-46,5270161	-23,5293151	2599	0,1539	0,1314	4443	3201	1242
L05727	3	-46,5492590	-23,5262720	2649	0,1133	0,0986	4685	3161	1524
L05729	4	-46,5386362	-23,5224127	3595	0,1113	0,1314	7112	4601	2511
L05730	3	-46,5498247	-23,5164939	1446	0,2075	0,0986	2917	1826	1091
L05731	5	-46,5285678	-23,5250739	3128	0,1598	0,1643	5872	3858	2014
L05732	3	-46,5420909	-23,5149960	1636	0,1834	0,0986	3191	2056	1135
L05733	1	-46,5480210	-23,5212900	2116	0,0473	0,0329	4002	2723	1279
L05734	3	-46,5478984	-23,5284411	2172	0,1381	0,0986	4014	2746	1268
L05736	4	-46,5179226	-23,5228086	3663	0,1092	0,1314	6711	4640	2071
L05737	1	-46,4989941	-23,5275262	2079	0,0481	0,0329	3862	2632	1230
L05738	1	-46,5333555	-23,5182551	2464	0,0406	0,0329	4343	3015	1328
L05740	2	-46,5095310	-23,5250203	3929	0,0509	0,0657	7326	4889	2437
L05742	4	-46,5211173	-23,5214041	2853	0,1402	0,1314	5266	3603	1663
L05743	4	-46,5487021	-23,5239078	1983	0,2017	0,1314	3819	2477	1342
L05744	1	-46,5317318	-23,5311949	1071	0,0934	0,0329	1768	1306	462
L05745	3	-46,5393250	-23,5309129	2457	0,1221	0,0986	4417	3008	1409
L05746	1	-46,5505175	-23,5250578	1516	0,066	0,0329	2837	1855	982
L05747	1	-46,5214246	-23,5293125	1229	0,0814	0,0329	2257	1504	753
L05748	2	-46,5402474	-23,5261748	1467	0,1363	0,0657	2351	1835	516
L05749	4	-46,5657556	-23,5447205	2552	0,1567	0,1314	4152	3034	1118
L05750	12	-46,5686249	-23,5424482	4557	0,2633	0,3942	7587	5295	2292
L05751	1	-46,5757522	-23,5380963	4097	0,0244	0,0329	6495	4845	1650
L05752	6	-46,5494401	-23,5441268	4128	0,1453	0,1971	7403	5019	2384
L05753	6	-46,5571310	-23,5490160	3586	0,1673	0,1971	6008	4212	1796
L05754	3	-46,5702535	-23,5486528	3035	0,0988	0,0986	4571	3526	1045
L05755	2	-46,5179584	-23,5638358	3205	0,0624	0,0657	5295	4046	1249
L05757	3	-46,5403970	-23,5459183	2015	0,1489	0,0986	3549	2496	1053
L05758	3	-46,5162500	-23,5737164	2339	0,1283	0,0986	3728	2933	795
L05759	3	-46,5311184	-23,5605521	2832	0,1059	0,0986	5109	3500	1609
L05761	2	-46,5547639	-23,5507972	2499	0,08	0,0657	4611	3030	1581
L05763	1	-46,5178296	-23,5802614	2728	0,0367	0,0329	4620	3507	1113
L05764	3	-46,5738227	-23,5337115	1764	0,1701	0,0986	3163	2131	1032
L05767	3	-46,5144520	-23,5672180	1865	0,1609	0,0986	3112	2401	711
L05768	5	-46,5794166	-23,5383741	2522	0,1983	0,1643	4651	2995	1656
L05769	1	-46,5467092	-23,5412374	2157	0,0464	0,0329	3707	2712	995
L05771	2	-46,5727024	-23,5507422	2617	0,0764	0,0657	4908	3111	1797
L05772	2	-46,5679267	-23,5325642	2271	0,0881	0,0657	4284	2700	1584
L05773	3	-46,5660691	-23,5558508	2623	0,1144	0,0986	4486	3058	1428
L05775	6	-46,5662223	-23,5472777	2792	0,2149	0,1971	5162	3308	1854
L05776	4	-46,5726461	-23,5512878	2634	0,1519	0,1314	4333	3190	1143
L05777	3	-46,5636721	-23,5353692	1934	0,1551	0,0986	3252	2352	900
L05778	2	-46,5363195	-23,5540735	2588	0,0773	0,0657	4862	3218	1644
L05780	3	-46,5072844	-23,5706991	5535	0,0542	0,0986	10333	6962	3371
L05781	2	-46,5589094	-23,5412357	2005	0,0998	0,0657	3920	2483	1437
L05782	6	-46,5454070	-23,5485123	1497	0,4008	0,1971	2866	1877	989
L05783	4	-46,5747550	-23,5436990	1751	0,2284	0,1314	2933	2099	834
L05784	2	-46,5810636	-23,5390713	1123	0,1781	0,0657	1806	1332	474
L05785	1	-46,4982329	-23,5898352	2069	0,0483	0,0329	3681	2817	864
L05786	3	-46,5327843	-23,5461447	1839	0,1631	0,0986	3271	2275	996
L05788	1	-46,5170255	-23,5575103	1578	0,0634	0,0329	3137	1967	1170
L05790	2	-46,5666544	-23,5322415	751	0,2663	0,0657	1423	890	533
L05791	2	-46,5315630	-23,5480380	1380	0,1449	0,0657	2259	1735	524
L05792	1	-46,5620492	-23,5418287	1124	0,089	0,0329	1793	1351	442
L05793	7	-46,5257140	-23,5554119	2865	0,2443	0,23	5360	3578	1782
L05794	8	-46,5433831	-23,5503063	4135	0,1935	0,2628	6973	5037	1936
L05795	4	-46,5630428	-23,5455348	2537	0,1577	0,1314	4283	2957	1326
L05796	3	-46,5581932	-23,5503944	4508	0,0665	0,0986	6964	5342	1622
L05797	13	-46,5602785	-23,5363132	5811	0,2237	0,4271	9848	6857	2991
L05798	1	-46,5834851	-23,5000601	913	0,1095	0,0329	1615	1122	493
L05799	2	-46,5663124	-23,5122984	376	0,5319	0,0657	648	464	184
L05800	6	-46,6048519	-23,5043234	2579	0,2326	0,1971	4629	3241	1388
L05801	3	-46,5968739	-23,5084251	2820	0,1064	0,0986	5313	3529	1784
L05802	7	-46,6013419	-23,5076564	3312	0,2114	0,23	6027	4063	1964
L05803	4	-46,6028988	-23,4934538	1298	0,3082	0,1314	2472	1632	840
L05804	2	-46,5729009	-23,5009851	2656	0,0753	0,0657	4990	3348	1642
L05805	10	-46,6019251	-23,4930215	3006	0,3327	0,3285	5399	3750	1649
L05806	19	-46,5685781	-23,5119963	4184	0,4541	0,6242	7823	5387	2436
L05807	2	-46,5779360	-23,5053673	3549	0,0564	0,0657	6465	4410	2055
L05808	1	-46,5892786	-23,5184715	2964	0,0337	0,0329	5799	3706	2093
L05809	9	-46,5863582	-23,5062229	1595	0,5643	0,2957	2902	1932	970
L05811	1	-46,5847966	-23,5140241	2439	0,041	0,0329	4518	2999	1519
L05812	5	-46,5733059	-23,5126116	2290	0,2183	0,1643	4034	2934	1100
L05813	7	-46,6060326	-23,5005742	1776	0,3941	0,23	3262	2171	1091
L05815	5	-46,5904721	-23,5159874	2393	0,2089	0,1643	4362	2917	1445
L05816	8	-46,5824545	-23,5151915	4574	0,1749	0,2628	8444	5563	2881
L05817	8	-46,6117405	-23,5017844	2739	0,2921	0,2628	5039	3341	1698
L05818	1	-46,5907052	-23,5016081	2983	0,0335	0,0329	5429	3613	1816
L05819	2	-46,5825547	-23,5256742	2853	0,0701	0,0657	5154	3537	1617
L05820	7	-46,5663467	-23,5211065	3363	0,2081	0,23	6296	4358	1938
L05821	2	-46,5830638	-23,5000382	2451	0,0816	0,0657	4154	2865	1289
L05822	3	-46,5755961	-23,5193541	2191	0,1369	0,0986	3907	2794	1113
L05823	1	-46,5847505	-23,5062429	2469	0,0405	0,0329	4405	3039	1366
L05824	1	-46,5850061	-23,5058039	555	0,1802	0,0329	877	693	184
L05825	1	-46,6088452	-23,5120897	1543	0,0648	0,0329	2874	1903	971
L05826	2	-46,5569370	-23,5174260	1028	0,1946	0,0657	1887	1420	467
L05827	1	-46,5981117	-23,5026572	948	0,1055	0,0329	1582	1178	404
L05828	10	-46,6007196	-23,5005481	2697	0,3708	0,3285	4882	3315	1567
L05829	3	-46,5663292	-23,5217030	842	0,3563	0,0986	1438	1097	341
L05830	1	-46,5830638	-23,5000382	567	0,1764	0,0329	1125	688	437
L05832	1	-46,5754788	-23,5000239	1037	0,0964	0,0329	1570	1248	322
L05833	2	-46,6239380	-23,5087000	1035	0,1932	0,0657	1958	1312	646
L05834	1	-46,5964032	-23,5194682	1589	0,0629	0,0329	2795	1963	832
L05838	11	-46,5930563	-23,5195686	3761	0,2925	0,3614	6624	4656	1968
L05839	1	-46,6096818	-23,5128587	1440	0,0694	0,0329	2550	1813	737
L05840	1	-46,6572517	-23,5114641	1179	0,0848	0,0329	1961	1422	539
L05841	2	-46,6618639	-23,5067043	2520	0,0794	0,0657	4281	2973	1308
L05842	3	-46,6566659	-23,5007326	1397	0,2147	0,0986	2475	1764	711
L05844	2	-46,6552440	-23,4837840	4064	0,0492	0,0657	6975	5136	1839
L05845	1	-46,6748489	-23,4996347	2821	0,0354	0,0329	4345	3361	984
L05847	5	-46,6551176	-23,4983123	3654	0,1368	0,1643	6457	4489	1968
L05848	9	-46,6506305	-23,5026837	3720	0,2419	0,2957	6771	4492	2279
L05849	6	-46,6657859	-23,4885740	3928	0,1527	0,1971	7229	4920	2309
L05850	2	-46,6672729	-23,4955761	2587	0,0773	0,0657	4487	3234	1253
L05851	6	-46,6632938	-23,5087770	4242	0,1414	0,1971	7237	4966	2271
L05852	3	-46,6754529	-23,4902989	2604	0,1152	0,0986	4917	3236	1681
L05855	8	-46,6512743	-23,4915758	3689	0,2169	0,2628	6598	4579	2019
L05856	4	-46,6576980	-23,5105636	3626	0,1103	0,1314	6816	4472	2344
L05857	2	-46,6610100	-23,4937600	3204	0,0624	0,0657	6028	4077	1951
L05858	2	-46,6602290	-23,5040336	1694	0,1181	0,0657	3175	2048	1127
L05860	1	-46,6806536	-23,4985927	2933	0,0341	0,0329	5335	3608	1727
L05861	2	-46,6633902	-23,4700233	2413	0,0829	0,0657	4175	2930	1245
L05862	3	-46,6805862	-23,5028507	5531	0,0542	0,0986	9763	6800	2963
L05863	3	-46,6642085	-23,4767719	3809	0,0788	0,0986	7192	4768	2424
L05864	2	-46,6729030	-23,5109220	2299	0,087	0,0657	4247	2858	1389
L05866	3	-46,6545707	-23,4916062	2697	0,1112	0,0986	4880	3285	1595
L05867	1	-46,6611936	-23,4979397	2374	0,0421	0,0329	4516	2931	1585
L05868	2	-46,6710286	-23,4857719	2636	0,0759	0,0657	4932	3370	1562
L05869	1	-46,6506816	-23,5123597	1285	0,0778	0,0329	2257	1556	701
L05872	1	-46,6618430	-23,4656280	2879	0,0347	0,0329	4826	3497	1329
L05873	2	-46,6545485	-23,4716736	1878	0,1065	0,0657	2977	2288	689
L05874	2	-46,6665068	-23,4702189	3203	0,0624	0,0657	5602	3899	1703
L05875	1	-46,6702128	-23,4900049	1711	0,0584	0,0329	3184	2157	1027
L05876	2	-46,6599580	-23,5051240	2430	0,0823	0,0657	4034	2954	1080
L05877	1	-46,6612422	-23,4986956	1596	0,0627	0,0329	2824	1983	841
L05881	11	-46,6182089	-23,4725956	2680	0,4104	0,3614	4271	3113	1158
L05883	7	-46,6071629	-23,4804948	2403	0,2913	0,23	4353	2845	1508
L05884	1	-46,6024410	-23,4546385	2320	0,0431	0,0329	3954	2867	1087
L05885	6	-46,6064554	-23,4772146	3669	0,1635	0,1971	6325	4434	1891
L05886	3	-46,5974438	-23,4545847	4312	0,0696	0,0986	8140	5407	2733
L05887	3	-46,6220405	-23,4613396	2348	0,1278	0,0986	4444	2795	1649
L05889	1	-46,6306396	-23,4568482	2624	0,0381	0,0329	4737	3252	1485
L05890	6	-46,6048373	-23,4642332	3719	0,1613	0,1971	6880	4577	2303
L05892	14	-46,6200080	-23,4826288	3225	0,4341	0,4599	5990	3879	2111
L05893	1	-46,5880090	-23,4446471	973	0,1028	0,0329	1866	1339	527
L05894	2	-46,6064995	-23,4765109	1719	0,1163	0,0657	2945	2156	789
L05895	7	-46,5968505	-23,4651601	3059	0,2288	0,23	5869	3863	2006
L05896	2	-46,6110245	-23,4484688	2156	0,0928	0,0657	3544	2609	935
L05897	1	-46,5851276	-23,4502408	3003	0,0333	0,0329	5429	3962	1467
L05898	1	-46,6085609	-23,4656759	1854	0,0539	0,0329	3105	2277	828
L05901	1	-46,6114391	-23,4769661	1848	0,0541	0,0329	3409	2201	1208
L05902	1	-46,5890824	-23,4546164	3266	0,0306	0,0329	5800	4185	1615
L05903	7	-46,5972378	-23,4563706	2628	0,2664	0,23	4890	3280	1610
L05906	4	-46,6048700	-23,4811680	2460	0,1626	0,1314	4808	3065	1743
L05910	1	-46,6108766	-23,4549274	2539	0,0394	0,0329	4480	2999	1481
L05912	3	-46,6031271	-23,4684303	2532	0,1185	0,0986	4589	3126	1463
L05913	3	-46,6248203	-23,4576182	3097	0,0969	0,0986	5869	3776	2093
L05914	3	-46,6046269	-23,4577565	2417	0,1241	0,0986	4627	3016	1611
L05917	2	-46,5967409	-23,4660680	1177	0,1699	0,0657	1931	1452	479
L05919	2	-46,6120305	-23,4757531	1300	0,1538	0,0657	2166	1565	601
L05922	4	-46,5766081	-23,5796376	1138	0,3515	0,1314	1953	1397	556
L05923	4	-46,5785504	-23,5815302	2493	0,1604	0,1314	3882	2983	899
L05925	2	-46,5735437	-23,5894829	2983	0,067	0,0657	4660	3569	1091
L05926	12	-46,5852470	-23,5802350	4531	0,2648	0,3942	8206	5391	2815
L05927	1	-46,5596293	-23,5771217	1915	0,0522	0,0329	3103	2398	705
L05928	1	-46,5582100	-23,5739759	2347	0,0426	0,0329	4461	2967	1494
L05930	1	-46,5620004	-23,5788819	2521	0,0397	0,0329	4889	3094	1795
L05931	3	-46,5593803	-23,5886767	2087	0,1437	0,0986	3493	2634	859
L05933	1	-46,5471739	-23,5927268	3403	0,0294	0,0329	6295	4294	2001
L05934	4	-46,5733889	-23,5841252	2885	0,1386	0,1314	5165	3545	1620
L05935	2	-46,5827588	-23,5877885	1764	0,1134	0,0657	3128	2148	980
L05936	3	-46,5703839	-23,5879450	1764	0,1701	0,0986	2906	2096	810
L05937	1	-46,5435649	-23,6013500	2013	0,0497	0,0329	3580	2564	1016
L05940	2	-46,5797671	-23,5725988	1605	0,1246	0,0657	2616	1974	642
L05941	2	-46,5887796	-23,5755336	1948	0,1027	0,0657	3574	2324	1250
L05942	3	-46,5766081	-23,5796376	2512	0,1194	0,0986	4766	3082	1684
L05945	2	-46,5663969	-23,5940979	2754	0,0726	0,0657	5100	3435	1665
L05946	1	-46,5642049	-23,5759686	2719	0,0368	0,0329	4371	3343	1028
L05947	3	-46,5795917	-23,5926018	3241	0,0926	0,0986	5895	4000	1895
L05948	1	-46,5542887	-23,6019436	1256	0,0796	0,0329	2152	1652	500
L05950	1	-46,5543296	-23,5793590	3947	0,0253	0,0329	7538	4962	2576
L05952	4	-46,5523937	-23,5873869	2979	0,1343	0,1314	5466	3759	1707
L05953	1	-46,5568681	-23,6075908	1986	0,0504	0,0329	3562	2523	1039
L05954	1	-46,5808524	-23,5927084	2296	0,0436	0,0329	3895	2825	1070
L05959	2	-46,5810310	-23,5900310	2339	0,0855	0,0657	4164	2855	1309
L05964	6	-46,6783620	-23,6167251	2994	0,2004	0,1971	5082	3353	1729
L05965	4	-46,6619780	-23,6090200	3849	0,1039	0,1314	6946	4334	2612
L05966	4	-46,6599239	-23,6127900	4523	0,0884	0,1314	8055	5113	2942
L05968	2	-46,6685076	-23,6131455	3538	0,0565	0,0657	6251	3963	2288
L05969	1	-46,6882980	-23,6116910	2974	0,0336	0,0329	5627	3387	2240
L05970	4	-46,6673187	-23,6261976	2521	0,1587	0,1314	4330	2895	1435
L05971	2	-46,6565440	-23,6161400	2071	0,0966	0,0657	3277	2385	892
L05972	7	-46,6606590	-23,6082950	3573	0,1959	0,23	6139	4037	2102
L05973	3	-46,6755086	-23,6206909	2385	0,1258	0,0986	3883	2648	1235
L05974	9	-46,6641427	-23,6002288	6184	0,1455	0,2957	10325	6924	3401
L05975	1	-46,6709636	-23,6171214	2324	0,043	0,0329	3817	2641	1176
L05976	3	-46,6786792	-23,6169250	3059	0,0981	0,0986	4637	3422	1215
L05977	8	-46,6702545	-23,6470231	3091	0,2588	0,2628	4695	3516	1179
L05978	4	-46,6439417	-23,6284438	2379	0,1681	0,1314	4586	2796	1790
L05979	3	-46,6580933	-23,6013714	3443	0,0871	0,0986	5874	3827	2047
L05980	2	-46,6536700	-23,6386552	2086	0,0959	0,0657	3437	2526	911
L05981	2	-46,6812703	-23,6263887	3816	0,0524	0,0657	6833	4360	2473
L05982	4	-46,6821455	-23,6155051	5201	0,0769	0,1314	8875	5878	2997
L05983	5	-46,6510975	-23,6123036	3947	0,1267	0,1643	7274	4497	2777
L05984	6	-46,6639945	-23,6440840	2592	0,2315	0,1971	4500	3040	1460
L05986	4	-46,6440222	-23,6209368	2009	0,1991	0,1314	3782	2326	1456
L05987	6	-46,6726843	-23,6097127	3510	0,1709	0,1971	5718	3982	1736
L05988	4	-46,6679674	-23,6420583	3208	0,1247	0,1314	5082	3709	1373
L05989	6	-46,6718044	-23,6208493	3539	0,1695	0,1971	6412	4051	2361
L05990	3	-46,6927807	-23,6165017	1477	0,2031	0,0986	2368	1722	646
L05991	7	-46,6608489	-23,6330376	3246	0,2157	0,23	5977	3853	2124
L05992	1	-46,6629476	-23,6161029	1424	0,0702	0,0329	2755	1641	1114
L05993	2	-46,6505677	-23,6188035	2451	0,0816	0,0657	3798	2806	992
L05994	7	-46,6880132	-23,6223740	4177	0,1676	0,23	7394	4699	2695
L05995	5	-46,6692023	-23,5986819	4821	0,1037	0,1643	7627	5289	2338
L05996	5	-46,6390563	-23,5354119	3573	0,1399	0,1643	6373	4095	2278
L05997	20	-46,6475368	-23,6025329	2704	0,7396	0,657	4279	2988	1291
L05998	11	-46,6284912	-23,6138398	2408	0,4568	0,3614	3730	2799	931
L05999	6	-46,6348802	-23,6270565	1652	0,3632	0,1971	2366	1867	499
L06000	14	-46,6362275	-23,5988254	5755	0,2433	0,4599	9671	6446	3225
L06001	9	-46,6367820	-23,6023840	4353	0,2068	0,2957	7231	4917	2314
L06002	6	-46,6235160	-23,6123380	3568	0,1682	0,1971	6002	4132	1870
L06003	2	-46,6214935	-23,6221583	2425	0,0825	0,0657	3862	2803	1059
L06004	2	-46,6210529	-23,6057597	883	0,2265	0,0657	1335	1043	292
L06005	17	-46,6362090	-23,6170540	2367	0,7182	0,5585	3816	2777	1039
L06006	8	-46,6360133	-23,6258929	2395	0,334	0,2628	4157	2791	1366
L06007	6	-46,6165982	-23,6041985	3954	0,1517	0,1971	7269	4693	2576
L06008	10	-46,6239491	-23,6061875	2084	0,4798	0,3285	3561	2425	1136
L06009	7	-46,6344182	-23,5944514	2798	0,2502	0,23	4833	3210	1623
L06010	10	-46,6214969	-23,5987034	3306	0,3025	0,3285	5715	3957	1758
L06011	11	-46,6255542	-23,6092089	2648	0,4154	0,3614	4891	3146	1745
L06012	9	-46,6319660	-23,6059990	2471	0,3642	0,2957	4092	2850	1242
L06013	11	-46,6344010	-23,5954544	2340	0,4701	0,3614	4149	2692	1457
L06014	3	-46,6273692	-23,6096467	1882	0,1594	0,0986	3682	2300	1382
L06015	11	-46,6448925	-23,6100010	2447	0,4495	0,3614	4269	2836	1433
L06016	6	-46,6492475	-23,5982808	2316	0,2591	0,1971	4108	2664	1444
L06017	13	-46,6348198	-23,6125399	2346	0,5541	0,4271	4142	2720	1422
L06018	4	-46,6298110	-23,6205725	1948	0,2053	0,1314	3275	2387	888
L06019	7	-46,6449004	-23,6103211	2557	0,2738	0,23	4643	2988	1655
L06021	5	-46,6335779	-23,6059257	1306	0,3828	0,1643	1946	1490	456
L06022	42	-46,6399802	-23,6207015	7560	0,5556	1,3798	11823	8719	3104
L06023	4	-46,6389150	-23,6157370	2881	0,1388	0,1314	4965	3266	1699
L06024	2	-46,6419316	-23,5958210	1078	0,1855	0,0657	1710	1209	501
L06025	21	-46,6389693	-23,6190507	3888	0,5401	0,6899	6569	4406	2163
L06026	8	-46,6383254	-23,5955707	3315	0,2413	0,2628	5603	3692	1911
L06027	4	-46,6300558	-23,5928665	2573	0,1555	0,1314	4339	2922	1417
L06028	9	-46,6346346	-23,5975076	3131	0,2874	0,2957	4577	3510	1067
L06029	2	-46,6492868	-23,6040214	2036	0,0982	0,0657	3024	2307	717
L06030	3	-46,6079927	-23,5824240	1637	0,1833	0,0986	2785	1978	807
L06032	7	-46,6120690	-23,5882350	2927	0,2392	0,23	5450	3505	1945
L06033	1	-46,6024192	-23,6158702	2415	0,0414	0,0329	4140	2950	1190
L06035	8	-46,6093832	-23,5888257	2646	0,3023	0,2628	4381	3053	1328
L06036	1	-46,6027202	-23,6187027	1079	0,0927	0,0329	2228	1350	878
L06037	1	-46,6027120	-23,6151290	1762	0,0568	0,0329	3240	2071	1169
L06038	10	-46,6043324	-23,5881805	4423	0,2261	0,3285	7818	5323	2495
L06039	4	-46,6072382	-23,5903260	2134	0,1874	0,1314	3877	2517	1360
L06040	2	-46,6000559	-23,6225320	1860	0,1075	0,0657	3641	2456	1185
L06041	5	-46,6051622	-23,5751923	2652	0,1885	0,1643	4753	3194	1559
L06043	2	-46,5939912	-23,6283792	2004	0,0998	0,0657	3754	2526	1228
L06045	1	-46,5907336	-23,5984174	3727	0,0268	0,0329	6818	4710	2108
L06046	3	-46,5830025	-23,6226329	2716	0,1105	0,0986	4830	3455	1375
L06047	4	-46,5866191	-23,6277500	3027	0,1321	0,1314	5754	3872	1882
L06049	1	-46,5971870	-23,6124820	2991	0,0334	0,0329	5347	3706	1641
L06052	5	-46,6023320	-23,6013361	2212	0,226	0,1643	4121	2738	1383
L06054	4	-46,6080780	-23,6028560	3098	0,1291	0,1314	5810	3763	2047
L06055	3	-46,6096977	-23,5916041	2870	0,1045	0,0986	5430	3473	1957
L06056	7	-46,6019600	-23,5909040	5133	0,1364	0,23	9867	6305	3562
L06059	3	-46,5975968	-23,6097769	2880	0,1042	0,0986	4845	3529	1316
L06061	1	-46,5809811	-23,6100573	2017	0,0496	0,0329	3626	2610	1016
L06063	1	-46,5967273	-23,6269558	1159	0,0863	0,0329	1865	1435	430
L06064	3	-46,5956377	-23,5958120	1677	0,1789	0,0986	3055	2103	952
L06065	4	-46,6119497	-23,5892321	3011	0,1328	0,1314	5516	3638	1878
L06066	4	-46,6092332	-23,5917910	608	0,6579	0,1314	1013	723	290
L06067	3	-46,6098374	-23,5932998	5055	0,0593	0,0986	8453	5954	2499
L06664	3	-46,7020763	-23,6853645	3332	0,09	0,0986	5602	4031	1571
L06666	1	-46,7147308	-23,6702428	2788	0,0359	0,0329	5109	3374	1735
L06672	1	-46,7004276	-23,7112720	3395	0,0295	0,0329	6059	4083	1976
L06676	1	-46,6947263	-23,7122284	3026	0,033	0,0329	5161	3620	1541
L06683	1	-46,6987338	-23,7098273	2586	0,0387	0,0329	4747	3089	1658
L06685	1	-46,6955380	-23,7139433	789	0,1267	0,0329	1267	982	285
L06686	2	-46,7106459	-23,6834675	3696	0,0541	0,0657	6365	4412	1953
L06688	1	-46,6904668	-23,7164776	3363	0,0297	0,0329	5649	4138	1511
L06689	3	-46,7031746	-23,6922472	2879	0,1042	0,0986	4842	3413	1429
L06695	1	-46,6958522	-23,6940299	960	0,1042	0,0329	1484	1199	285
L06699	2	-46,6892770	-23,7027230	580	0,3448	0,0657	799	693	106
L07572	1	-46,6503535	-23,6588627	1554	0,0644	0,0329	2594	1913	681
L07573	9	-46,6398751	-23,6453386	2341	0,3845	0,2957	3752	2782	970
L07574	5	-46,6415339	-23,6443503	1932	0,2588	0,1643	3346	2359	987
L07575	11	-46,6365200	-23,6320743	4017	0,2738	0,3614	7103	4799	2304
L07576	5	-46,6349642	-23,6431290	2278	0,2195	0,1643	4207	2702	1505
L07578	3	-46,6468602	-23,6449791	4043	0,0742	0,0986	7270	4851	2419
L07579	6	-46,6444998	-23,6334867	4067	0,1475	0,1971	7242	4778	2464
L07580	1	-46,6579978	-23,6496781	3546	0,0282	0,0329	6231	4318	1913
L07583	1	-46,6477955	-23,6558420	3661	0,0273	0,0329	6289	4390	1899
L07584	8	-46,6320328	-23,6429320	2322	0,3445	0,2628	3693	2812	881
L07586	4	-46,6662000	-23,6526625	4676	0,0855	0,1314	7861	5605	2256
L07587	1	-46,6389892	-23,6729739	4038	0,0248	0,0329	6961	5171	1790
L07588	1	-46,6585002	-23,6601214	4100	0,0244	0,0329	7296	5008	2288
L07592	4	-46,6354223	-23,6496780	2351	0,1701	0,1314	4295	2944	1351
L07594	1	-46,6408225	-23,6457886	2578	0,0388	0,0329	4645	3018	1627
L07596	5	-46,6408930	-23,6522075	3383	0,1478	0,1643	6330	4133	2197
L07598	5	-46,6392154	-23,6408466	3709	0,1348	0,1643	6533	4338	2195
L07602	1	-46,6408553	-23,6554336	1438	0,0695	0,0329	2522	1827	695
L07603	6	-46,6370255	-23,6461670	1050	0,5714	0,1971	1674	1221	453
L07604	2	-46,6438254	-23,6370745	845	0,2367	0,0657	1377	992	385
L07606	7	-46,6363030	-23,6342640	1221	0,5733	0,23	1867	1431	436
L07608	1	-46,6393798	-23,6345390	2222	0,045	0,0329	3456	2623	833
L07661	1	-46,7108413	-23,4971928	1645	0,0608	0,0329	2799	2020	779
L07662	1	-46,7285530	-23,4946483	2295	0,0436	0,0329	3615	2730	885
L07663	5	-46,7465927	-23,4712764	2639	0,1895	0,1643	4854	3268	1586
L07664	3	-46,7296043	-23,4932746	3302	0,0909	0,0986	5686	4020	1666
L07666	4	-46,7187075	-23,4795423	4684	0,0854	0,1314	9004	6008	2996
L07668	1	-46,7496458	-23,4783071	2726	0,0367	0,0329	4622	3476	1146
L07671	1	-46,7225558	-23,4963064	2986	0,0335	0,0329	5033	3579	1454
L07673	2	-46,7258835	-23,4822099	1763	0,1134	0,0657	3138	2256	882
L07674	1	-46,7340887	-23,4861415	1145	0,0873	0,0329	1962	1407	555
L07675	4	-46,7341179	-23,4868877	2381	0,168	0,1314	4269	2907	1362
L07677	3	-46,7174065	-23,4896350	2905	0,1033	0,0986	5357	3563	1794
L07681	1	-46,7278522	-23,4974960	3589	0,0279	0,0329	6232	4432	1800
L07685	2	-46,4887224	-23,4892548	685	0,292	0,0657	1181	899	282
L07689	2	-46,4919582	-23,5063549	2108	0,0949	0,0657	3605	2714	891
L07691	3	-46,4782924	-23,4882415	2673	0,1122	0,0986	4549	3394	1155
L07699	2	-46,4816039	-23,4998180	2953	0,0677	0,0657	5279	3696	1583
L07704	1	-46,4783102	-23,4996696	2270	0,0441	0,0329	4005	2861	1144
L07708	2	-46,4849725	-23,5032693	2712	0,0737	0,0657	5219	3402	1817
L07716	2	-46,6940451	-23,4986203	1924	0,104	0,0657	3114	2268	846
L07717	1	-46,6977498	-23,4953639	1623	0,0616	0,0329	2803	2006	797
L07718	1	-46,6987243	-23,4958644	1305	0,0766	0,0329	2151	1595	556
L07721	2	-46,7021950	-23,4842550	3320	0,0602	0,0657	6150	4149	2001
L07723	2	-46,7155090	-23,4737413	2363	0,0846	0,0657	4249	3098	1151
L07727	1	-46,6972109	-23,4923489	2499	0,04	0,0329	4705	3018	1687
L07729	1	-46,7028160	-23,4979150	3736	0,0268	0,0329	6670	4600	2070
L07731	3	-46,6997557	-23,4958002	3556	0,0844	0,0986	6178	4337	1841
L07733	1	-46,7048817	-23,4913894	2387	0,0419	0,0329	4271	2986	1285
L07734	1	-46,7077799	-23,4872710	2185	0,0458	0,0329	3723	2810	913
L07736	9	-46,6899944	-23,4971911	1941	0,4637	0,2957	3393	2305	1088
L07737	5	-46,6860439	-23,4985664	2566	0,1949	0,1643	4751	3195	1556
L07739	3	-46,7128806	-23,4857983	3106	0,0966	0,0986	5261	3930	1331
L07741	1	-46,6915530	-23,4896820	2900	0,0345	0,0329	4958	3548	1410
L07742	2	-46,7004116	-23,5041947	1512	0,1323	0,0657	2764	1873	891
L07746	2	-46,6942692	-23,4998988	1098	0,1821	0,0657	1786	1314	472
L07748	1	-46,7035579	-23,4832109	1227	0,0815	0,0329	2074	1563	511
L07749	3	-46,6918357	-23,4979540	547	0,5484	0,0986	863	658	205
L07750	3	-46,7708337	-23,6299871	13605	0,0221	0,0986	25821	17652	8169
L07751	1	-46,7857380	-23,6492250	2439	0,041	0,0329	4196	3122	1074
L07752	3	-46,7562863	-23,6156016	3810	0,0787	0,0986	6732	4937	1795
L07754	1	-46,7510131	-23,6228353	4006	0,025	0,0329	7103	5278	1825
L07757	1	-46,7705606	-23,6467603	3321	0,0301	0,0329	5877	4308	1569
L07758	1	-46,7701188	-23,6470003	3205	0,0312	0,0329	5536	3955	1581
L07759	1	-46,7708253	-23,6346601	2609	0,0383	0,0329	4845	3309	1536
L07763	1	-46,7776614	-23,6511000	4197	0,0238	0,0329	7100	5325	1775
L07769	3	-46,7686119	-23,6296456	3708	0,0809	0,0986	6898	4781	2117
L07770	2	-46,7542153	-23,6198219	4129	0,0484	0,0657	7176	5149	2027
L07771	7	-46,7622591	-23,6469894	2666	0,2626	0,23	4394	3333	1061
L07772	1	-46,7607719	-23,6385695	2910	0,0344	0,0329	5170	3706	1464
L08186	1	-46,7043257	-23,6097843	2189	0,0457	0,0329	3576	2546	1030
L08188	10	-46,7165770	-23,5900570	2517	0,3973	0,3285	3979	2849	1130
L08189	3	-46,7439953	-23,5966397	2735	0,1097	0,0986	4371	3211	1160
L08191	2	-46,7412727	-23,6104585	2419	0,0827	0,0657	3595	2771	824
L08192	4	-46,7464051	-23,5966465	1686	0,2372	0,1314	2775	2051	724
L08193	4	-46,7073893	-23,5739269	1438	0,2782	0,1314	2590	1633	957
L08194	1	-46,7194106	-23,5935367	4012	0,0249	0,0329	6747	4420	2327
L08195	5	-46,7277361	-23,6045363	3437	0,1455	0,1643	5923	4007	1916
L08196	1	-46,7208297	-23,6076803	2840	0,0352	0,0329	4752	3330	1422
L08197	2	-46,7361238	-23,5854310	1908	0,1048	0,0657	3173	2287	886
L08198	10	-46,7269586	-23,5890197	3106	0,322	0,3285	5469	3609	1860
L08199	3	-46,7202481	-23,5763764	1751	0,1713	0,0986	3121	1996	1125
L08200	4	-46,7298173	-23,5966128	2551	0,1568	0,1314	4499	3046	1453
L08201	2	-46,7313899	-23,5980074	3354	0,0596	0,0657	5937	3987	1950
L08202	3	-46,7401597	-23,6037788	2287	0,1312	0,0986	4380	2818	1562
L08204	3	-46,7468132	-23,6034358	3032	0,0989	0,0986	5249	3566	1683
L08205	3	-46,7205486	-23,5875210	2564	0,117	0,0986	4386	2949	1437
L08206	5	-46,7371220	-23,5927960	2484	0,2013	0,1643	4358	3007	1351
L08207	4	-46,7206164	-23,5767376	2202	0,1817	0,1314	4045	2564	1481
L08208	3	-46,7358364	-23,5961852	2323	0,1291	0,0986	3857	2793	1064
L08209	3	-46,7308370	-23,5944510	2715	0,1105	0,0986	4573	3264	1309
L08210	3	-46,7240153	-23,5828984	1486	0,2019	0,0986	2370	1711	659
L08211	3	-46,7570506	-23,5977877	2938	0,1021	0,0986	5449	3746	1703
L08219	2	-46,6985844	-23,5862008	2637	0,0758	0,0657	4368	2905	1463
L08220	1	-46,7456903	-23,6030840	1945	0,0514	0,0329	3106	2290	816
L08221	2	-46,7053802	-23,5795572	2467	0,0811	0,0657	4338	2752	1586
L08222	1	-46,5231986	-23,5430712	747	0,1339	0,0329	1280	947	333
L08224	7	-46,5372688	-23,5366728	1525	0,459	0,23	2736	1894	842
L08225	4	-46,5100191	-23,5446064	4128	0,0969	0,1314	7026	5147	1879
L08229	2	-46,4982241	-23,5504038	2927	0,0683	0,0657	5051	3739	1312
L08230	3	-46,5221139	-23,5406331	2745	0,1093	0,0986	5219	3471	1748
L08231	1	-46,5079969	-23,5544033	2026	0,0494	0,0329	3550	2546	1004
L08232	2	-46,5442704	-23,5350483	1844	0,1085	0,0657	3342	2318	1024
L08238	1	-46,5056207	-23,5405406	972	0,1029	0,0329	1635	1239	396
L08239	2	-46,5141185	-23,5517464	2105	0,095	0,0657	3730	2686	1044
L08242	2	-46,5020045	-23,5414163	2155	0,0928	0,0657	4183	2801	1382
L08244	2	-46,4849359	-23,5443559	2408	0,0831	0,0657	4352	3219	1133
L08246	1	-46,5143049	-23,5325952	2090	0,0478	0,0329	3736	2717	1019
L08248	1	-46,5330363	-23,5393366	1903	0,0525	0,0329	3430	2454	976
L08250	4	-46,5370743	-23,5335666	1855	0,2156	0,1314	3292	2341	951
L08251	1	-46,5141937	-23,5522187	2485	0,0402	0,0329	4173	3088	1085
L08255	2	-46,4930480	-23,5384900	1910	0,1047	0,0657	3638	2415	1223
L08256	2	-46,5191281	-23,5450183	2851	0,0702	0,0657	5189	3512	1677
L08258	2	-46,5095374	-23,5384628	2376	0,0842	0,0657	4461	3015	1446
L08259	1	-46,5081299	-23,5436866	2539	0,0394	0,0329	4640	3247	1393
L08260	2	-46,5041450	-23,5368140	2070	0,0966	0,0657	3558	2654	904
L08261	3	-46,5328060	-23,5351986	2423	0,1238	0,0986	4244	2978	1266
L08262	2	-46,5005028	-23,5350092	2427	0,0824	0,0657	4145	3117	1028
L08263	2	-46,5188258	-23,5451260	620	0,3226	0,0657	1101	755	346
L08265	4	-46,5251630	-23,5338233	5108	0,0783	0,1314	9329	6208	3121
L08267	3	-46,5464060	-23,5700350	1922	0,1561	0,0986	3132	2354	778
L08272	3	-46,5288323	-23,5727122	2238	0,134	0,0986	4229	2897	1332
L08273	1	-46,5293776	-23,5796946	1844	0,0542	0,0329	3265	2427	838
L08274	1	-46,5439614	-23,5676780	2439	0,041	0,0329	5027	3105	1922
L08276	2	-46,5458952	-23,5550134	2003	0,0999	0,0657	3017	2414	603
L08278	2	-46,5421410	-23,5610590	3394	0,0589	0,0657	6342	4245	2097
L08279	1	-46,5397986	-23,5751068	3183	0,0314	0,0329	5939	4067	1872
L08282	1	-46,5363320	-23,5554260	2096	0,0477	0,0329	3766	2596	1170
L08283	1	-46,5276225	-23,5710305	2727	0,0367	0,0329	5111	3464	1647
L08285	1	-46,5421019	-23,5584414	1912	0,0523	0,0329	3129	2348	781
L08289	1	-46,5316140	-23,5824820	763	0,1311	0,0329	1398	1073	325
L08290	1	-46,5242645	-23,5744660	1705	0,0587	0,0329	2898	2194	704
L08291	1	-46,5310432	-23,5705664	1533	0,0652	0,0329	2532	1897	635
L08292	4	-46,5847312	-23,4571192	1974	0,2026	0,1314	3768	2560	1208
L08293	3	-46,6083813	-23,4903083	2174	0,138	0,0986	3215	2572	643
L08295	6	-46,5903643	-23,4794354	1163	0,5159	0,1971	1836	1454	382
L08296	15	-46,5867358	-23,4804731	3045	0,4926	0,4928	5362	3770	1592
L08297	3	-46,5922270	-23,4778802	3114	0,0963	0,0986	5691	3862	1829
L08298	19	-46,5964456	-23,4816480	2676	0,71	0,6242	5140	3366	1774
L08299	1	-46,5792804	-23,4590009	1688	0,0592	0,0329	3422	2181	1241
L08302	3	-46,5835571	-23,4654238	2768	0,1084	0,0986	5668	3556	2112
L08303	2	-46,5951874	-23,4707467	2344	0,0853	0,0657	4346	2893	1453
L08304	3	-46,5865198	-23,4701787	2754	0,1089	0,0986	5084	3408	1676
L08305	2	-46,5732891	-23,4514774	4266	0,0469	0,0657	8509	5988	2521
L08306	1	-46,5810523	-23,4735563	1953	0,0512	0,0329	3282	2468	814
L08307	1	-46,5775231	-23,4668711	3245	0,0308	0,0329	6063	4171	1892
L08309	5	-46,5870109	-23,4731635	2255	0,2217	0,1643	4250	2778	1472
L08311	1	-46,5815415	-23,4752510	2413	0,0414	0,0329	4364	2919	1445
L08312	1	-46,5846950	-23,4614040	3278	0,0305	0,0329	6142	4077	2065
L08314	2	-46,6000523	-23,4896398	3153	0,0634	0,0657	5703	3872	1831
L08317	1	-46,5960222	-23,4905735	506	0,1976	0,0329	794	626	168
L08318	2	-46,5839255	-23,4646554	989	0,2022	0,0657	1750	1236	514
L08320	1	-46,5866345	-23,4663679	2991	0,0334	0,0329	5086	3758	1328
L08321	4	-46,6023221	-23,4823452	4184	0,0956	0,1314	7555	5096	2459
L08325	2	-46,5316668	-23,6073717	2872	0,0696	0,0657	5114	3787	1327
L08329	3	-46,5324351	-23,6017298	2549	0,1177	0,0986	4651	3215	1436
L08333	1	-46,5151342	-23,5886563	3403	0,0294	0,0329	6060	4434	1626
L08334	1	-46,5237361	-23,5957342	4037	0,0248	0,0329	7533	5184	2349
L08335	1	-46,5288900	-23,6093393	3208	0,0312	0,0329	5889	4085	1804
L08336	1	-46,5384444	-23,6045283	3264	0,0306	0,0329	5992	4063	1929
L08350	1	-46,5387495	-23,5924958	2138	0,0468	0,0329	3548	2664	884
L08351	1	-46,5255369	-23,5976545	4099	0,0244	0,0329	7280	5240	2040
L08352	2	-46,6695961	-23,6608635	1635	0,1223	0,0657	2532	1947	585
L08353	5	-46,6568120	-23,6724366	2485	0,2012	0,1643	4291	3131	1160
L08354	2	-46,6718510	-23,6480180	3606	0,0555	0,0657	5953	4267	1686
L08357	1	-46,6566918	-23,6673339	2867	0,0349	0,0329	5558	3511	2047
L08360	1	-46,6643846	-23,6634460	2151	0,0465	0,0329	3871	2637	1234
L08362	1	-46,6599252	-23,6645331	3182	0,0314	0,0329	5899	3877	2022
L08364	1	-46,6666281	-23,6643337	2350	0,0426	0,0329	4231	2884	1347
L08366	1	-46,6568661	-23,6677858	2114	0,0473	0,0329	4127	2597	1530
L08367	4	-46,6760160	-23,6550423	3987	0,1003	0,1314	6800	4757	2043
L08369	1	-46,6692349	-23,6669498	3705	0,027	0,0329	6566	4618	1948
L08372	1	-46,6459844	-23,6750154	2880	0,0347	0,0329	5258	3622	1636
L08373	2	-46,6423561	-23,6824358	4047	0,0494	0,0657	7666	5249	2417
L08377	2	-46,6776829	-23,6644228	3581	0,0559	0,0657	6118	4373	1745
L08380	1	-46,3955110	-23,5079850	4070	0,0246	0,0329	7143	5356	1787
L08382	2	-46,3763198	-23,4939856	3628	0,0551	0,0657	6476	4624	1852
L08395	1	-46,3832792	-23,5056992	1754	0,057	0,0329	3113	2293	820
L08399	1	-46,3842236	-23,5203421	3359	0,0298	0,0329	6149	4622	1527
L08414	1	-46,3950439	-23,4989421	2828	0,0354	0,0329	5125	3485	1640
L08429	1	-46,4009383	-23,5583730	2595	0,0385	0,0329	4383	3368	1015
L08431	1	-46,4023983	-23,5435780	3363	0,0297	0,0329	5917	4490	1427
L08847	2	-46,7045504	-23,7542184	5925	0,0338	0,0657	10150	7592	2558
L08852	1	-46,7044580	-23,7593862	2527	0,0396	0,0329	4290	3181	1109
L08860	1	-46,6895040	-23,7350676	2726	0,0367	0,0329	4411	3424	987
L08877	1	-46,6835726	-23,7554717	2265	0,0442	0,0329	4116	2760	1356
L08899	1	-46,7296989	-23,6686244	4808	0,0208	0,0329	7532	5810	1722
L08910	1	-46,7644449	-23,7005122	3583	0,0279	0,0329	6421	4721	1700
L08915	1	-46,7923315	-23,7092825	2309	0,0433	0,0329	4001	2961	1040
L08917	2	-46,7474059	-23,6737216	2586	0,0773	0,0657	4466	3168	1298
L08925	1	-46,7637275	-23,6860902	3526	0,0284	0,0329	6017	4176	1841
L08929	1	-46,7383672	-23,6748485	1967	0,0508	0,0329	3174	2419	755
L08934	2	-46,7701634	-23,7200619	4256	0,047	0,0657	7146	5402	1744
L08952	1	-46,7676270	-23,6679840	4298	0,0233	0,0329	7695	5421	2274
L08955	1	-46,7671835	-23,6773241	4100	0,0244	0,0329	7105	5165	1940
L08961	1	-46,7833170	-23,6591080	3489	0,0287	0,0329	6112	4474	1638
L08963	1	-46,7734927	-23,6740405	2049	0,0488	0,0329	3996	2559	1437
L08965	1	-46,7675970	-23,6617050	4014	0,0249	0,0329	7021	5104	1917
L08968	1	-46,7447610	-23,5760330	1178	0,0849	0,0329	1982	1438	544
L08969	9	-46,7387859	-23,5794283	2272	0,3961	0,2957	3703	2689	1014
L08970	3	-46,7496719	-23,5825103	2692	0,1114	0,0986	4652	3312	1340
L08972	3	-46,7892721	-23,6004866	3302	0,0909	0,0986	5905	4260	1645
L08973	12	-46,7736965	-23,5753008	3789	0,3167	0,3942	5984	4683	1301
L08974	1	-46,7460154	-23,5642656	2683	0,0373	0,0329	4513	3262	1251
L08975	8	-46,7386988	-23,5779575	1738	0,4603	0,2628	2783	2052	731
L08976	3	-46,7540875	-23,5858304	1209	0,2481	0,0986	1901	1455	446
L08978	1	-46,7428667	-23,5721823	1238	0,0808	0,0329	1863	1417	446
L08979	3	-46,7659213	-23,5803246	1496	0,2005	0,0986	2293	1792	501
L08980	2	-46,7469625	-23,5508738	2646	0,0756	0,0657	4690	3392	1298
L08982	7	-46,7512554	-23,5452190	2973	0,2355	0,23	5291	3603	1688
L08984	1	-46,7484555	-23,5435228	2932	0,0341	0,0329	5430	3759	1671
L08985	1	-46,7491328	-23,5658101	3021	0,0331	0,0329	5172	3648	1524
L08987	4	-46,7591098	-23,5417165	2410	0,166	0,1314	4045	2988	1057
L08988	2	-46,7545127	-23,5689070	2999	0,0667	0,0657	5372	3588	1784
L08989	3	-46,7421886	-23,5732813	4364	0,0687	0,0986	7754	5121	2633
L08990	5	-46,7660251	-23,5891918	3308	0,1511	0,1643	5815	4319	1496
L08991	3	-46,7687542	-23,5959462	2154	0,1393	0,0986	3725	2823	902
L08993	1	-46,7392086	-23,5715905	1997	0,0501	0,0329	3453	2434	1019
L08995	3	-46,7651750	-23,5677029	1499	0,2001	0,0986	2613	1892	721
L08996	3	-46,7543940	-23,5690070	2249	0,1334	0,0986	4437	2776	1661
L08997	1	-46,7980731	-23,5944710	1381	0,0724	0,0329	2493	1727	766
L08998	3	-46,7616411	-23,5738108	3264	0,0919	0,0986	5781	3909	1872
L08999	4	-46,7748594	-23,5743052	2796	0,1431	0,1314	5077	3810	1267
L09000	1	-46,7292351	-23,5745661	3100	0,0323	0,0329	5436	3579	1857
L09003	1	-46,7642531	-23,5642335	2581	0,0387	0,0329	4184	3120	1064
L09004	7	-46,7583340	-23,5575440	3682	0,1901	0,23	5975	4245	1730
L09005	4	-46,7525361	-23,5755947	2603	0,1537	0,1314	4580	3179	1401
L09007	13	-46,7358487	-23,5809482	3036	0,4282	0,4271	5300	3546	1754
L09009	2	-46,7601010	-23,5793980	1753	0,1141	0,0657	2840	2160	680
L09010	4	-46,7580485	-23,5857090	3186	0,1255	0,1314	6188	4045	2143
L09020	1	-46,7515200	-23,5447730	1016	0,0984	0,0329	1828	1298	530
L09022	1	-46,7590170	-23,5574330	1081	0,0925	0,0329	1638	1228	410
L09023	1	-46,7882303	-23,5947908	1052	0,0951	0,0329	1780	1363	417
L09024	2	-46,7609168	-23,5790059	916	0,2183	0,0657	1524	1133	391
L09027	5	-46,7228401	-23,5715849	2029	0,2464	0,1643	3117	2297	820
L09030	1	-46,7523220	-23,5457302	936	0,1068	0,0329	1788	1263	525
L09033	1	-46,7356399	-23,5512016	1927	0,0519	0,0329	3298	2406	892
L09034	15	-46,7138143	-23,5687160	6650	0,2256	0,4928	11871	7672	4199
L09044	1	-46,4785593	-23,5947194	2910	0,0344	0,0329	5416	3690	1726
L09057	2	-46,4881751	-23,5991604	3417	0,0585	0,0657	5868	4270	1598
L09059	2	-46,4626277	-23,6209456	3192	0,0627	0,0657	6229	4211	2018
L09060	2	-46,4915612	-23,5952026	2836	0,0705	0,0657	5085	3699	1386
L09062	1	-46,4892324	-23,6122890	2777	0,036	0,0329	5135	3576	1559
L09066	1	-46,4621492	-23,6284570	2730	0,0366	0,0329	5142	3766	1376
L09075	1	-46,4854339	-23,6126187	1607	0,0622	0,0329	2865	2088	777
L09095	1	-46,6814668	-23,4770174	995	0,1005	0,0329	1692	1272	420
L09096	1	-46,6919830	-23,4800350	2740	0,0365	0,0329	4783	3354	1429
L09100	3	-46,6986546	-23,4803642	3036	0,0988	0,0986	5415	3789	1626
L09103	1	-46,6729691	-23,4629576	3071	0,0326	0,0329	5490	4096	1394
L09107	2	-46,6864059	-23,4697610	2203	0,0908	0,0657	4116	2829	1287
L09108	1	-46,6874952	-23,4598553	1493	0,067	0,0329	2681	1920	761
L09114	1	-46,6740490	-23,4675988	995	0,1005	0,0329	1554	1250	304
L09116	1	-46,6837802	-23,4832228	2960	0,0338	0,0329	5049	3734	1315
L09118	1	-46,6795279	-23,4641832	7883	0,0127	0,0329	15183	10348	4835
L09125	1	-46,6906963	-23,4692644	2790	0,0358	0,0329	5131	3574	1557
L09129	2	-46,6940812	-23,4585925	3967	0,0504	0,0657	6922	5126	1796
L09132	1	-46,6750425	-23,4517869	1995	0,0501	0,0329	3463	2543	920
L09135	1	-46,6875898	-23,4827743	3242	0,0308	0,0329	6012	4001	2011
L09331	1	-46,7035072	-23,7651387	3604	0,0277	0,0329	6158	4583	1575
L09336	3	-46,7167371	-23,7695068	4256	0,0705	0,0986	7217	5340	1877
L09344	1	-46,6923854	-23,7664548	2534	0,0395	0,0329	4216	3211	1005
L09351	1	-46,6974388	-23,8482741	679	0,1473	0,0329	1058	854	204
L09375	1	-46,7273286	-23,8287482	1211	0,0826	0,0329	1981	1489	492
L09673	2	-46,7384315	-23,4028665	2893	0,0691	0,0657	5072	3732	1340
L09691	1	-46,7959616	-23,4287944	626	0,1597	0,0329	1029	824	205
L09696	1	-46,5350066	-23,5126551	1200	0,0833	0,0329	2109	1530	579
L09698	3	-46,5211510	-23,5024680	3117	0,0962	0,0986	5306	4002	1304
L09701	2	-46,5067684	-23,5021411	4523	0,0442	0,0657	8238	6120	2118
L09702	3	-46,5462397	-23,5116021	3181	0,0943	0,0986	5845	4123	1722
L09704	1	-46,5346956	-23,5090208	3162	0,0316	0,0329	6202	4010	2192
L09706	1	-46,5042643	-23,5072875	2017	0,0496	0,0329	3439	2554	885
L09709	1	-46,5011218	-23,4970068	2480	0,0403	0,0329	4098	3151	947
L09713	2	-46,5202416	-23,5000815	2013	0,0994	0,0657	3488	2617	871
L09716	3	-46,5307769	-23,5112782	2975	0,1008	0,0986	5262	3745	1517
L09753	1	-46,4717218	-23,5340019	1145	0,0873	0,0329	1944	1432	512
L09754	4	-46,4761598	-23,5359998	2662	0,1503	0,1314	4728	3332	1396
L09755	1	-46,4808207	-23,5172670	2520	0,0397	0,0329	4399	3291	1108
L09764	1	-46,4678340	-23,5355610	3575	0,028	0,0329	6685	4497	2188
L09766	2	-46,4880409	-23,5223342	3475	0,0576	0,0657	6125	4652	1473
L09768	1	-46,4792021	-23,5282349	2012	0,0497	0,0329	3434	2685	749
L09770	2	-46,5081371	-23,5141476	2763	0,0724	0,0657	5024	3413	1611
L09771	3	-46,4943893	-23,5089738	3192	0,094	0,0986	5877	3982	1895
L09772	1	-46,4729202	-23,5342395	2773	0,0361	0,0329	4787	3486	1301
L09773	1	-46,4860731	-23,5267363	2945	0,034	0,0329	4827	3741	1086
L09781	1	-46,5043724	-23,5151956	911	0,1098	0,0329	1510	1166	344
L09782	1	-46,5030330	-23,5134156	1288	0,0776	0,0329	2007	1602	405
L09926	1	-46,4100903	-23,4872826	3946	0,0253	0,0329	6777	5183	1594
L09931	2	-46,4248518	-23,4746436	3594	0,0556	0,0657	5847	4535	1312
L09934	2	-46,4079760	-23,4926871	4280	0,0467	0,0657	7364	5388	1976
L09938	1	-46,4304864	-23,4825986	3466	0,0289	0,0329	5946	4422	1524
L09945	1	-46,4180582	-23,4867289	3677	0,0272	0,0329	6336	4651	1685
L09960	1	-46,4662456	-23,5033514	2103	0,0476	0,0329	3666	2754	912
L09961	1	-46,4759909	-23,5120600	2556	0,0391	0,0329	4311	3397	914
L09962	1	-46,4551140	-23,5001057	2153	0,0464	0,0329	3785	2650	1135
L09964	1	-46,4478293	-23,5112363	2288	0,0437	0,0329	3975	3015	960
L09967	1	-46,4485753	-23,5009963	2271	0,044	0,0329	3893	2812	1081
L09969	1	-46,4652162	-23,5011465	2204	0,0454	0,0329	3832	2745	1087
L09971	2	-46,4610139	-23,4967947	2718	0,0736	0,0657	4758	3458	1300
L09978	1	-46,4641580	-23,5015134	720	0,1389	0,0329	1207	909	298
L09979	2	-46,4533158	-23,4993370	3973	0,0503	0,0657	6808	4929	1879
L10130	1	-46,7515284	-23,4909867	3496	0,0286	0,0329	6108	4518	1590
L10136	1	-46,7342707	-23,4485696	2255	0,0443	0,0329	3877	2856	1021
L10166	2	-46,4073307	-23,5666032	3346	0,0598	0,0657	5875	4258	1617
L10167	1	-46,3942217	-23,5647062	799	0,1252	0,0329	1480	1043	437
L10184	1	-46,3942223	-23,5789990	3555	0,0281	0,0329	6001	4511	1490
L10204	1	-46,4437362	-23,5536130	3367	0,0297	0,0329	5872	4414	1458
L10207	1	-46,4402616	-23,5431917	2833	0,0353	0,0329	4781	3684	1097
L10212	1	-46,4277510	-23,5498460	3585	0,0279	0,0329	6336	4627	1709
L10214	1	-46,4333967	-23,5385367	1399	0,0715	0,0329	2572	1879	693
L10215	2	-46,4375782	-23,5533997	2536	0,0789	0,0657	4483	3244	1239
L10216	4	-46,4285496	-23,5394983	3748	0,1067	0,1314	6636	4916	1720
L10218	1	-46,4175328	-23,5652073	2492	0,0401	0,0329	4332	3281	1051
L10222	1	-46,4387810	-23,5470846	1896	0,0527	0,0329	3138	2443	695
L10313	5	-46,7409855	-23,6288859	4572	0,1094	0,1643	7434	5319	2115
L10316	3	-46,7406208	-23,6440978	2363	0,127	0,0986	4428	2886	1542
L10319	1	-46,7322309	-23,6212240	7028	0,0142	0,0329	12398	8767	3631
L10321	2	-46,7373128	-23,6532119	4481	0,0446	0,0657	7802	5537	2265
L10323	3	-46,7448452	-23,6511623	3217	0,0933	0,0986	5549	3996	1553
L10325	2	-46,7462436	-23,6209695	4031	0,0496	0,0657	7403	4961	2442
L10329	1	-46,7515285	-23,6467951	3583	0,0279	0,0329	6346	4335	2011
L10333	3	-46,7411845	-23,6324928	2557	0,1173	0,0986	4483	2941	1542
L10336	1	-46,7442610	-23,6566420	3010	0,0332	0,0329	5133	3848	1285
L10337	2	-46,7498793	-23,6122189	1138	0,1757	0,0657	1735	1321	414
L10341	3	-46,7410953	-23,6309880	1989	0,1508	0,0986	3371	2272	1099
L10342	1	-46,7280051	-23,6215451	3199	0,0313	0,0329	5761	3985	1776
L10493	5	-46,6004969	-23,6242367	3658	0,1367	0,1643	6286	4333	1953
L10494	1	-46,6056518	-23,6282751	4556	0,0219	0,0329	7496	5612	1884
L10495	2	-46,6042777	-23,6188105	1662	0,1203	0,0657	2687	1983	704
L10496	9	-46,6171064	-23,6170233	2347	0,3835	0,2957	4315	2704	1611
L10498	2	-46,5966151	-23,6408907	3200	0,0625	0,0657	5549	3932	1617
L10500	5	-46,6198639	-23,6259356	4553	0,1098	0,1643	8580	5593	2987
L10501	2	-46,6131234	-23,6336255	3411	0,0586	0,0657	6193	4182	2011
L10504	1	-46,6101359	-23,6467725	2446	0,0409	0,0329	4304	2974	1330
L10505	2	-46,6259535	-23,6310077	2563	0,078	0,0657	4493	3160	1333
L10506	1	-46,5972438	-23,6398797	2835	0,0353	0,0329	4669	3551	1118
L10507	1	-46,6088981	-23,6130570	3204	0,0312	0,0329	5234	3891	1343
L10509	1	-46,6042492	-23,6485675	2893	0,0346	0,0329	4670	3547	1123
L10512	4	-46,6126960	-23,6136070	2782	0,1438	0,1314	4566	3356	1210
L10513	1	-46,6148883	-23,6223499	2743	0,0365	0,0329	4986	3378	1608
L10515	1	-46,5935567	-23,6451630	3108	0,0322	0,0329	5258	3966	1292
L10516	2	-46,6134748	-23,6571470	3833	0,0522	0,0657	5910	4608	1302
L10517	5	-46,6050459	-23,6252795	2397	0,2086	0,1643	4071	2968	1103
L10518	2	-46,6185590	-23,6207827	1571	0,1273	0,0657	2530	1910	620
L10609	2	-46,4834938	-23,5654763	1529	0,1308	0,0657	2675	2050	625
L10610	2	-46,4812016	-23,5483731	3878	0,0516	0,0657	6716	5098	1618
L10611	3	-46,4696904	-23,5681129	5770	0,052	0,0986	11060	7441	3619
L10615	1	-46,4563702	-23,5747489	3354	0,0298	0,0329	5745	4207	1538
L10619	2	-46,4735226	-23,5580480	2559	0,0782	0,0657	4469	3296	1173
L10620	1	-46,4864496	-23,5496384	3089	0,0324	0,0329	5680	3970	1710
L10623	1	-46,4610673	-23,5638539	2685	0,0372	0,0329	4646	3537	1109
L10624	1	-46,4474483	-23,5693701	1987	0,0503	0,0329	3374	2526	848
L10625	3	-46,4714895	-23,5528836	3285	0,0913	0,0986	5837	4288	1549
L10628	1	-46,4787958	-23,5757265	2501	0,04	0,0329	4279	3187	1092
L10642	1	-46,6355906	-23,7135071	1785	0,056	0,0329	3599	2383	1216
L10643	4	-46,6714350	-23,6978615	2344	0,1706	0,1314	4232	2899	1333
L10647	2	-46,6809971	-23,6837327	3113	0,0642	0,0657	5197	3757	1440
L10649	1	-46,6574272	-23,6831739	3484	0,0287	0,0329	6377	4622	1755
L10655	1	-46,6834503	-23,6829378	2922	0,0342	0,0329	5153	3581	1572
L10657	1	-46,6712450	-23,6947528	3201	0,0312	0,0329	5811	4046	1765
L10660	1	-46,6730061	-23,6875554	2843	0,0352	0,0329	5133	3531	1602
L10661	2	-46,6761983	-23,6715815	3187	0,0628	0,0657	5530	3861	1669
L10664	1	-46,6822506	-23,6859937	2727	0,0367	0,0329	4800	3284	1516
L10671	1	-46,6759703	-23,6706677	1293	0,0773	0,0329	1989	1559	430
L10673	1	-46,6724425	-23,6892896	1555	0,0643	0,0329	2572	1965	607
L10713	1	-46,5785229	-23,4851103	1775	0,0563	0,0329	3031	2287	744
L10715	4	-46,5738210	-23,4767120	1723	0,2322	0,1314	3005	2230	775
L10716	3	-46,5727801	-23,4924991	1031	0,291	0,0986	1733	1305	428
L10717	2	-46,5630814	-23,4738195	2767	0,0723	0,0657	5120	3441	1679
L10718	9	-46,5859510	-23,4876316	2245	0,4009	0,2957	4064	2964	1100
L10719	13	-46,5812144	-23,4890395	2814	0,462	0,4271	4897	3512	1385
L10721	2	-46,5753210	-23,4806909	3112	0,0643	0,0657	5709	3924	1785
L10722	3	-46,5624088	-23,4783293	2298	0,1305	0,0986	4490	2893	1597
L10723	4	-46,5874208	-23,4972108	3391	0,118	0,1314	6308	4248	2060
L10724	24	-46,5897661	-23,4836253	3533	0,6793	0,7884	6457	4363	2094
L10725	1	-46,5743549	-23,4975157	1855	0,0539	0,0329	3076	2333	743
L10726	7	-46,5861292	-23,4922494	2903	0,2411	0,23	5395	3706	1689
L10727	5	-46,5724481	-23,4898866	3376	0,1481	0,1643	6286	4313	1973
L10728	17	-46,5798590	-23,4856546	3035	0,5601	0,5585	5717	3858	1859
L10730	3	-46,5677498	-23,4890100	1919	0,1563	0,0986	3223	2470	753
L10731	1	-46,5732850	-23,4796325	3704	0,027	0,0329	7087	4869	2218
L10735	4	-46,5734783	-23,4926878	3047	0,1313	0,1314	5191	3808	1383
L10736	7	-46,5681819	-23,4784924	3650	0,1918	0,23	6352	4719	1633
L10737	8	-46,5819128	-23,4810310	2931	0,2729	0,2628	5742	3793	1949
L10738	6	-46,5972000	-23,4951209	2600	0,2308	0,1971	4771	3258	1513
L10739	1	-46,5718860	-23,4872077	470	0,2128	0,0329	790	612	178
L10740	7	-46,5845600	-23,4797190	1829	0,3827	0,23	3200	2370	830
L10741	1	-46,5010529	-23,6213622	3848	0,026	0,0329	6829	5091	1738
L10744	1	-46,5101702	-23,6058819	5877	0,017	0,0329	10885	7744	3141
L10750	1	-46,4877685	-23,6127096	3376	0,0296	0,0329	5906	4461	1445
L10754	1	-46,5130142	-23,6093532	2664	0,0375	0,0329	4782	3440	1342
L10765	1	-46,4965013	-23,6166543	3324	0,0301	0,0329	6076	4282	1794
L10766	1	-46,4983849	-23,5987055	3171	0,0315	0,0329	5783	4036	1747
L10771	2	-46,6343175	-23,4756514	2471	0,0809	0,0657	3986	2974	1012
L10772	3	-46,6412490	-23,4854900	1860	0,1613	0,0986	2866	2221	645
L10773	2	-46,6378689	-23,4793297	3726	0,0537	0,0657	5957	4473	1484
L10774	3	-46,6386490	-23,4679230	2796	0,1073	0,0986	4464	3356	1108
L10777	4	-46,6334518	-23,4764864	2961	0,1351	0,1314	5466	3552	1914
L10778	1	-46,6714017	-23,4574567	4417	0,0226	0,0329	7852	5784	2068
L10779	6	-46,6398944	-23,4854805	2414	0,2486	0,1971	4899	3028	1871
L10780	2	-46,6459828	-23,4561450	2090	0,0957	0,0657	3524	2632	892
L10781	1	-46,6492631	-23,4694520	4305	0,0232	0,0329	7868	5458	2410
L10782	4	-46,6285532	-23,4710309	2053	0,1948	0,1314	3411	2494	917
L10788	4	-46,6521748	-23,4881391	2843	0,1407	0,1314	5381	3583	1798
L10789	1	-46,6351309	-23,4713832	3445	0,029	0,0329	6308	4270	2038
L10792	4	-46,6392692	-23,4685393	2749	0,1455	0,1314	4914	3299	1615
L10793	3	-46,6540520	-23,4791841	2694	0,1114	0,0986	4415	3409	1006
L10794	1	-46,6467400	-23,4764270	3174	0,0315	0,0329	5910	4120	1790
L10795	2	-46,6448499	-23,4728933	2607	0,0767	0,0657	4567	3376	1191
L10796	2	-46,6434663	-23,4580215	2754	0,0726	0,0657	4853	3483	1370
L10798	4	-46,6350691	-23,4720027	1005	0,398	0,1314	1587	1213	374
L10803	3	-46,6313732	-23,4672637	1642	0,1827	0,0986	2751	2004	747
