cod_local	QT_VOTOS	longitude	latitude	LOC_VALID	%_LOC_V	%_CAND	QT_APTOS	QT_COMPARECIMENTO	QT_ABSTENCOES
L00001	1	-46,6357754	-23,5454496	744	0,1344	0,0829	1384	845	539
L00003	2	-46,6455650	-23,5547500	3290	0,0608	0,1657	5696	3792	1904
L00004	4	-46,6511260	-23,5652103	5298	0,0755	0,3314	9838	5921	3917
L00005	1	-46,6603762	-23,5406137	4082	0,0245	0,0829	8248	4503	3745
L00006	2	-46,6471893	-23,5496488	4359	0,0459	0,1657	8358	5061	3297
L00007	2	-46,6432717	-23,5529543	1958	0,1021	0,1657	3791	2317	1474
L00010	1	-46,6355899	-23,5623979	2996	0,0334	0,0829	5666	3638	2028
L00012	2	-46,6461964	-23,5700830	3252	0,0615	0,1657	6283	3656	2627
L00013	2	-46,6421456	-23,5572933	2899	0,069	0,1657	5416	3426	1990
L00015	2	-46,6368132	-23,5574886	3591	0,0557	0,1657	7151	4273	2878
L00018	2	-46,6419109	-23,5592168	3389	0,059	0,1657	7001	3906	3095
L00021	1	-46,6419109	-23,5592168	3437	0,0291	0,0829	6548	4013	2535
L00022	10	-46,6521240	-23,5458002	10350	0,0966	0,8285	18525	11583	6942
L00023	1	-46,6498912	-23,5493645	2834	0,0353	0,0829	4909	3201	1708
L00024	2	-46,6497533	-23,5485991	1896	0,1055	0,1657	3234	2130	1104
L00026	2	-46,6351446	-23,5631017	1170	0,1709	0,1657	2088	1410	678
L00030	1	-46,6716846	-23,5278546	4168	0,024	0,0829	8123	4653	3470
L00031	1	-46,6872489	-23,5323018	3785	0,0264	0,0829	5622	4272	1350
L00033	1	-46,6545420	-23,5418060	2940	0,034	0,0829	4562	3313	1249
L00036	1	-46,6671104	-23,5303076	1611	0,0621	0,0829	3037	1845	1192
L00037	2	-46,6566164	-23,5307137	3471	0,0576	0,1657	6463	3952	2511
L00038	2	-46,6844226	-23,5340373	3156	0,0634	0,1657	5271	3545	1726
L00039	4	-46,6663954	-23,5361229	5419	0,0738	0,3314	8062	5901	2161
L00040	1	-46,6597606	-23,5452831	1062	0,0942	0,0829	1577	1160	417
L00042	1	-46,6513283	-23,5415864	1556	0,0643	0,0829	2631	1843	788
L00043	2	-46,6853794	-23,5386780	2698	0,0741	0,1657	4613	3033	1580
L00049	2	-46,6806583	-23,5307166	4578	0,0437	0,1657	8065	5186	2879
L00051	1	-46,6946005	-23,5421890	3052	0,0328	0,0829	5602	3572	2030
L00052	1	-46,6832663	-23,5289919	4888	0,0205	0,0829	8677	5629	3048
L00055	1	-46,6566164	-23,5307137	5271	0,019	0,0829	9323	6035	3288
L00056	1	-46,6508278	-23,5375343	2409	0,0415	0,0829	4853	2751	2102
L00057	1	-46,6510689	-23,5302066	2410	0,0415	0,0829	4093	2814	1279
L00058	2	-46,6432297	-23,5320752	3161	0,0633	0,1657	6470	3731	2739
L00060	3	-46,6711550	-23,5381000	10857	0,0276	0,2486	17946	11853	6093
L00062	2	-46,6375237	-23,5287430	2256	0,0887	0,1657	4421	2765	1656
L00063	1	-46,6343483	-23,5436627	2624	0,0381	0,0829	5154	3085	2069
L00065	4	-46,6385252	-23,5376549	2229	0,1795	0,3314	4267	2744	1523
L00066	1	-46,6126881	-23,5372312	2446	0,0409	0,0829	4500	2909	1591
L00068	1	-46,6432775	-23,5262231	2815	0,0355	0,0829	5403	3409	1994
L00069	1	-46,6240453	-23,5332439	1765	0,0567	0,0829	3469	2192	1277
L00070	8	-46,6134834	-23,5400667	2964	0,2699	0,6628	5594	3588	2006
L00071	2	-46,6341197	-23,5306628	2982	0,0671	0,1657	5785	3615	2170
L00073	3	-46,6217056	-23,5381881	1287	0,2331	0,2486	2708	1593	1115
L00074	2	-46,6370866	-23,5384772	2847	0,0702	0,1657	6133	3437	2696
L00077	3	-46,6228821	-23,5238878	3089	0,0971	0,2486	5985	3756	2229
L00078	1	-46,6212238	-23,5429654	2774	0,036	0,0829	5496	3398	2098
L00080	4	-46,5869070	-23,5756756	3323	0,1204	0,3314	5823	3854	1969
L00081	9	-46,5848689	-23,5392025	3560	0,2528	0,7457	5984	4200	1784
L00082	6	-46,5746890	-23,5568730	2818	0,2129	0,4971	4581	3379	1202
L00083	2	-46,5997287	-23,5410220	3324	0,0602	0,1657	6501	4011	2490
L00084	14	-46,5895134	-23,5593568	5301	0,2641	1,1599	8807	6387	2420
L00085	16	-46,5978907	-23,5552089	4372	0,366	1,3256	8050	5269	2781
L00086	2	-46,6000356	-23,5353560	2856	0,07	0,1657	5171	3468	1703
L00087	4	-46,5842762	-23,5514675	2993	0,1336	0,3314	5617	3662	1955
L00089	3	-46,5902871	-23,5470008	2261	0,1327	0,2486	4286	2820	1466
L00090	1	-46,5652413	-23,5675233	2503	0,04	0,0829	4461	3203	1258
L00091	10	-46,5964833	-23,5637925	3169	0,3156	0,8285	6188	3786	2402
L00092	9	-46,5828225	-23,5542479	3888	0,2315	0,7457	7164	4714	2450
L00093	12	-46,5813248	-23,5619799	3706	0,3238	0,9942	6970	4489	2481
L00094	1	-46,6214361	-23,5534993	2393	0,0418	0,0829	4753	2932	1821
L00095	2	-46,5726610	-23,5574173	1814	0,1103	0,1657	3331	2227	1104
L00096	7	-46,5697601	-23,5636527	4049	0,1729	0,58	7290	5070	2220
L00097	3	-46,5595868	-23,5719075	2559	0,1172	0,2486	4560	3187	1373
L00098	1	-46,5984516	-23,5519192	955	0,1047	0,0829	1806	1145	661
L00099	3	-46,5683158	-23,5701115	2161	0,1388	0,2486	3989	2770	1219
L00100	1	-46,5637915	-23,5715671	2872	0,0348	0,0829	5130	3619	1511
L00101	10	-46,5902071	-23,5606910	4284	0,2334	0,8285	7988	5172	2816
L00102	9	-46,5979424	-23,5532296	4622	0,1947	0,7457	8563	5548	3015
L00103	15	-46,5812316	-23,5700009	4342	0,3455	1,2428	7905	5265	2640
L00106	5	-46,5939719	-23,5375195	4328	0,1155	0,4143	6924	5149	1775
L00107	1	-46,6116378	-23,5511180	2148	0,0466	0,0829	4565	2585	1980
L00108	32	-46,5976041	-23,5519593	6779	0,472	2,6512	11883	7994	3889
L00110	2	-46,6602508	-23,5695486	2517	0,0795	0,1657	4741	2759	1982
L00111	6	-46,6590182	-23,5634584	7550	0,0795	0,4971	13488	8273	5215
L00119	1	-46,6851323	-23,5877136	2254	0,0444	0,0829	3851	2471	1380
L00121	5	-46,6790390	-23,5798975	3855	0,1297	0,4143	7199	4264	2935
L00122	1	-46,6734804	-23,5826449	2473	0,0404	0,0829	4205	2672	1533
L00124	2	-46,6605835	-23,5566944	5697	0,0351	0,1657	10701	6297	4404
L00125	3	-46,6822891	-23,5834680	4924	0,0609	0,2486	9066	5408	3658
L00126	1	-46,6724723	-23,5954720	3916	0,0255	0,0829	6669	4338	2331
L00127	1	-46,6605835	-23,5566944	6318	0,0158	0,0829	11459	6999	4460
L00130	2	-46,6437100	-23,5775691	2213	0,0904	0,1657	3690	2443	1247
L00132	3	-46,6416210	-23,5785510	4598	0,0652	0,2486	7651	5166	2485
L00133	3	-46,6320497	-23,5811282	2750	0,1091	0,2486	4986	3131	1855
L00135	2	-46,6431906	-23,5719338	4487	0,0446	0,1657	7477	5015	2462
L00138	2	-46,6259630	-23,5630260	2096	0,0954	0,1657	3469	2565	904
L00139	1	-46,6500347	-23,5703394	1246	0,0803	0,0829	1910	1375	535
L00143	1	-46,6414511	-23,5858080	2718	0,0368	0,0829	4786	3093	1693
L00145	3	-46,6350220	-23,5881065	3012	0,0996	0,2486	5263	3410	1853
L00147	2	-46,6251868	-23,5770987	3004	0,0666	0,1657	5565	3493	2072
L00148	3	-46,6273889	-23,5872670	4439	0,0676	0,2486	7836	5122	2714
L00149	1	-46,6300092	-23,5766639	1599	0,0625	0,0829	2985	1875	1110
L00150	2	-46,6299014	-23,5758099	4050	0,0494	0,1657	6863	4657	2206
L00151	1	-46,6209441	-23,5882398	2949	0,0339	0,0829	4478	3358	1120
L00152	1	-46,6459660	-23,5746810	3017	0,0331	0,0829	4888	3361	1527
L00154	3	-46,6235069	-23,5745404	4329	0,0693	0,2486	7193	5134	2059
L00540	1	-46,7937648	-23,6769801	2766	0,0362	0,0829	4791	3520	1271
L00542	3	-46,7901616	-23,6750896	3768	0,0796	0,2486	6810	4643	2167
L00546	1	-46,7853039	-23,6768377	3484	0,0287	0,0829	6085	4510	1575
L00547	3	-46,7885429	-23,6654381	4193	0,0715	0,2486	7471	5355	2116
L00548	1	-46,7917773	-23,6867573	324	0,3086	0,0829	563	420	143
L00551	1	-46,7827546	-23,6998617	2755	0,0363	0,0829	4627	3392	1235
L00552	1	-46,7867141	-23,6791697	1483	0,0674	0,0829	2634	1909	725
L05534	2	-46,6930410	-23,6638790	5787	0,0346	0,1657	9716	6724	2992
L05538	2	-46,6809074	-23,6663068	3075	0,065	0,1657	5073	3651	1422
L05547	1	-46,7031531	-23,6485078	2502	0,04	0,0829	4597	2896	1701
L05549	2	-46,7057350	-23,6332760	4550	0,044	0,1657	7718	5073	2645
L05554	2	-46,4441795	-23,4982353	3546	0,0564	0,1657	6065	4260	1805
L05556	1	-46,4403512	-23,4942325	2553	0,0392	0,0829	4433	3067	1366
L05557	2	-46,4452179	-23,4993366	2352	0,085	0,1657	3986	2897	1089
L05558	1	-46,4234630	-23,5085168	3758	0,0266	0,0829	6529	4735	1794
L05565	1	-46,4195668	-23,5172129	2191	0,0456	0,0829	3749	2826	923
L05566	1	-46,4352447	-23,5020281	2851	0,0351	0,0829	4735	3521	1214
L05567	1	-46,4215117	-23,5013996	3622	0,0276	0,0829	6083	4594	1489
L05577	1	-46,4390699	-23,4987794	622	0,1608	0,0829	1101	766	335
L05578	1	-46,4526050	-23,5387875	2564	0,039	0,0829	4882	3187	1695
L05579	1	-46,4415141	-23,5227656	2072	0,0483	0,0829	3867	2846	1021
L05581	1	-46,4522081	-23,5171617	3935	0,0254	0,0829	6924	5015	1909
L05584	1	-46,4623208	-23,5289299	3239	0,0309	0,0829	5568	4191	1377
L05585	2	-46,4451845	-23,5472188	2365	0,0846	0,1657	4123	3094	1029
L05586	1	-46,4459252	-23,5256810	2399	0,0417	0,0829	4163	3117	1046
L05592	1	-46,4528483	-23,5265608	3373	0,0296	0,0829	6254	4448	1806
L05595	1	-46,4580805	-23,5512840	2564	0,039	0,0829	4400	3342	1058
L05610	2	-46,4554689	-23,5282555	6146	0,0325	0,1657	10609	7693	2916
L05611	2	-46,6300964	-23,5033502	2831	0,0706	0,1657	4847	3284	1563
L05613	3	-46,6310064	-23,5025938	1028	0,2918	0,2486	2041	1205	836
L05616	1	-46,6281182	-23,4912871	3378	0,0296	0,0829	5313	3930	1383
L05621	3	-46,6332236	-23,4899666	5271	0,0569	0,2486	8744	6129	2615
L05622	1	-46,6256600	-23,4972860	1960	0,051	0,0829	3358	2341	1017
L05624	2	-46,6161131	-23,5004170	2563	0,078	0,1657	4896	3055	1841
L05625	2	-46,6261164	-23,4898514	2978	0,0672	0,1657	5488	3556	1932
L05626	3	-46,6278934	-23,4963679	2077	0,1444	0,2486	3746	2434	1312
L05628	4	-46,6157633	-23,4933572	2589	0,1545	0,3314	4750	3013	1737
L05630	3	-46,6433628	-23,5013965	1299	0,2309	0,2486	2306	1568	738
L05632	3	-46,6381967	-23,4939821	2961	0,1013	0,2486	5002	3517	1485
L05635	1	-46,6142540	-23,4901233	2048	0,0488	0,0829	3470	2399	1071
L05639	2	-46,6239120	-23,4891654	1527	0,131	0,1657	2617	1818	799
L05645	2	-46,7037676	-23,5217140	2362	0,0847	0,1657	4257	2725	1532
L05646	1	-46,7000457	-23,5224777	2592	0,0386	0,0829	4343	2970	1373
L05648	2	-46,7032968	-23,5283085	4170	0,048	0,1657	7531	4847	2684
L05650	1	-46,7098479	-23,5204991	2248	0,0445	0,0829	3855	2539	1316
L05657	1	-46,6883851	-23,5246954	2280	0,0439	0,0829	3964	2619	1345
L05660	1	-46,7231084	-23,5262770	2294	0,0436	0,0829	3992	2673	1319
L05661	1	-46,7443554	-23,5048937	2325	0,043	0,0829	4192	2863	1329
L05664	1	-46,7492548	-23,5117336	1714	0,0583	0,0829	3333	2162	1171
L05666	1	-46,7036723	-23,5400795	2096	0,0477	0,0829	3593	2404	1189
L05669	1	-46,7164216	-23,5283737	1777	0,0563	0,0829	3016	2011	1005
L05672	2	-46,7311891	-23,5069529	1946	0,1028	0,1657	3336	2311	1025
L05680	1	-46,7126480	-23,5305875	978	0,1022	0,0829	1592	1112	480
L05688	2	-46,7278581	-23,5209253	3285	0,0609	0,1657	5542	3799	1743
L05692	5	-46,7342495	-23,5279924	4939	0,1012	0,4143	7451	5535	1916
L05693	1	-46,6769917	-23,5570934	4108	0,0243	0,0829	6768	4547	2221
L05699	2	-46,7009593	-23,5471309	1742	0,1148	0,1657	2791	1881	910
L05701	3	-46,6827189	-23,5583923	2882	0,1041	0,2486	4777	3189	1588
L05702	1	-46,7020044	-23,5462734	1456	0,0687	0,0829	1995	1533	462
L05704	1	-46,7169080	-23,5430685	2482	0,0403	0,0829	4378	2777	1601
L05711	3	-46,6940900	-23,5501725	1686	0,1779	0,2486	2686	1891	795
L05712	1	-46,6912249	-23,5538578	1310	0,0763	0,0829	1948	1434	514
L05716	2	-46,6975056	-23,5623803	2545	0,0786	0,1657	4027	2825	1202
L05719	1	-46,6976578	-23,5648688	2714	0,0368	0,0829	4719	3052	1667
L05722	3	-46,5000225	-23,5253888	2828	0,1061	0,2486	4665	3627	1038
L05724	2	-46,5270161	-23,5293151	2599	0,077	0,1657	4443	3201	1242
L05729	1	-46,5386362	-23,5224127	3595	0,0278	0,0829	7112	4601	2511
L05730	2	-46,5498247	-23,5164939	1446	0,1383	0,1657	2917	1826	1091
L05733	1	-46,5480210	-23,5212900	2116	0,0473	0,0829	4002	2723	1279
L05736	5	-46,5179226	-23,5228086	3663	0,1365	0,4143	6711	4640	2071
L05737	1	-46,4989941	-23,5275262	2079	0,0481	0,0829	3862	2632	1230
L05738	2	-46,5333555	-23,5182551	2464	0,0812	0,1657	4343	3015	1328
L05742	1	-46,5211173	-23,5214041	2853	0,0351	0,0829	5266	3603	1663
L05744	1	-46,5317318	-23,5311949	1071	0,0934	0,0829	1768	1306	462
L05747	2	-46,5214246	-23,5293125	1229	0,1627	0,1657	2257	1504	753
L05749	1	-46,5657556	-23,5447205	2552	0,0392	0,0829	4152	3034	1118
L05750	6	-46,5686249	-23,5424482	4557	0,1317	0,4971	7587	5295	2292
L05751	1	-46,5757522	-23,5380963	4097	0,0244	0,0829	6495	4845	1650
L05752	5	-46,5494401	-23,5441268	4128	0,1211	0,4143	7403	5019	2384
L05753	4	-46,5571310	-23,5490160	3586	0,1115	0,3314	6008	4212	1796
L05754	1	-46,5702535	-23,5486528	3035	0,0329	0,0829	4571	3526	1045
L05757	1	-46,5403970	-23,5459183	2015	0,0496	0,0829	3549	2496	1053
L05758	1	-46,5162500	-23,5737164	2339	0,0428	0,0829	3728	2933	795
L05759	1	-46,5311184	-23,5605521	2832	0,0353	0,0829	5109	3500	1609
L05761	1	-46,5547639	-23,5507972	2499	0,04	0,0829	4611	3030	1581
L05762	1	-46,5116367	-23,5763889	1262	0,0792	0,0829	2597	1618	979
L05763	1	-46,5178296	-23,5802614	2728	0,0367	0,0829	4620	3507	1113
L05764	1	-46,5738227	-23,5337115	1764	0,0567	0,0829	3163	2131	1032
L05767	1	-46,5144520	-23,5672180	1865	0,0536	0,0829	3112	2401	711
L05768	3	-46,5794166	-23,5383741	2522	0,119	0,2486	4651	2995	1656
L05769	1	-46,5467092	-23,5412374	2157	0,0464	0,0829	3707	2712	995
L05771	5	-46,5727024	-23,5507422	2617	0,1911	0,4143	4908	3111	1797
L05772	3	-46,5679267	-23,5325642	2271	0,1321	0,2486	4284	2700	1584
L05773	5	-46,5660691	-23,5558508	2623	0,1906	0,4143	4486	3058	1428
L05775	2	-46,5662223	-23,5472777	2792	0,0716	0,1657	5162	3308	1854
L05776	2	-46,5726461	-23,5512878	2634	0,0759	0,1657	4333	3190	1143
L05778	2	-46,5363195	-23,5540735	2588	0,0773	0,1657	4862	3218	1644
L05779	1	-46,5006634	-23,5840738	2450	0,0408	0,0829	4426	3133	1293
L05780	5	-46,5072844	-23,5706991	5535	0,0903	0,4143	10333	6962	3371
L05781	1	-46,5589094	-23,5412357	2005	0,0499	0,0829	3920	2483	1437
L05793	2	-46,5257140	-23,5554119	2865	0,0698	0,1657	5360	3578	1782
L05794	3	-46,5433831	-23,5503063	4135	0,0726	0,2486	6973	5037	1936
L05795	1	-46,5630428	-23,5455348	2537	0,0394	0,0829	4283	2957	1326
L05796	1	-46,5581932	-23,5503944	4508	0,0222	0,0829	6964	5342	1622
L05797	2	-46,5602785	-23,5363132	5811	0,0344	0,1657	9848	6857	2991
L05798	1	-46,5834851	-23,5000601	913	0,1095	0,0829	1615	1122	493
L05801	2	-46,5968739	-23,5084251	2820	0,0709	0,1657	5313	3529	1784
L05802	6	-46,6013419	-23,5076564	3312	0,1812	0,4971	6027	4063	1964
L05804	2	-46,5729009	-23,5009851	2656	0,0753	0,1657	4990	3348	1642
L05805	5	-46,6019251	-23,4930215	3006	0,1663	0,4143	5399	3750	1649
L05806	4	-46,5685781	-23,5119963	4184	0,0956	0,3314	7823	5387	2436
L05810	1	-46,5928674	-23,5005803	3037	0,0329	0,0829	5514	3674	1840
L05813	3	-46,6060326	-23,5005742	1776	0,1689	0,2486	3262	2171	1091
L05815	1	-46,5904721	-23,5159874	2393	0,0418	0,0829	4362	2917	1445
L05817	3	-46,6117405	-23,5017844	2739	0,1095	0,2486	5039	3341	1698
L05820	1	-46,5663467	-23,5211065	3363	0,0297	0,0829	6296	4358	1938
L05827	1	-46,5981117	-23,5026572	948	0,1055	0,0829	1582	1178	404
L05828	6	-46,6007196	-23,5005481	2697	0,2225	0,4971	4882	3315	1567
L05830	1	-46,5830638	-23,5000382	567	0,1764	0,0829	1125	688	437
L05833	1	-46,6239380	-23,5087000	1035	0,0966	0,0829	1958	1312	646
L05834	1	-46,5964032	-23,5194682	1589	0,0629	0,0829	2795	1963	832
L05839	6	-46,6096818	-23,5128587	1440	0,4167	0,4971	2550	1813	737
L05841	1	-46,6618639	-23,5067043	2520	0,0397	0,0829	4281	2973	1308
L05848	1	-46,6506305	-23,5026837	3720	0,0269	0,0829	6771	4492	2279
L05849	1	-46,6657859	-23,4885740	3928	0,0255	0,0829	7229	4920	2309
L05851	1	-46,6632938	-23,5087770	4242	0,0236	0,0829	7237	4966	2271
L05857	1	-46,6610100	-23,4937600	3204	0,0312	0,0829	6028	4077	1951
L05859	1	-46,6755514	-23,4980697	2950	0,0339	0,0829	5525	3700	1825
L05862	1	-46,6805862	-23,5028507	5531	0,0181	0,0829	9763	6800	2963
L05868	1	-46,6710286	-23,4857719	2636	0,0379	0,0829	4932	3370	1562
L05869	1	-46,6506816	-23,5123597	1285	0,0778	0,0829	2257	1556	701
L05880	1	-46,6130080	-23,4747157	994	0,1006	0,0829	2024	1156	868
L05882	2	-46,6215526	-23,4621730	2370	0,0844	0,1657	3968	2787	1181
L05883	2	-46,6071629	-23,4804948	2403	0,0832	0,1657	4353	2845	1508
L05885	1	-46,6064554	-23,4772146	3669	0,0273	0,0829	6325	4434	1891
L05886	1	-46,5974438	-23,4545847	4312	0,0232	0,0829	8140	5407	2733
L05887	1	-46,6220405	-23,4613396	2348	0,0426	0,0829	4444	2795	1649
L05889	1	-46,6306396	-23,4568482	2624	0,0381	0,0829	4737	3252	1485
L05892	6	-46,6200080	-23,4826288	3225	0,186	0,4971	5990	3879	2111
L05900	1	-46,5803132	-23,4357702	2733	0,0366	0,0829	5108	3666	1442
L05905	1	-46,5872324	-23,4196031	2830	0,0353	0,0829	5422	3879	1543
L05906	1	-46,6048700	-23,4811680	2460	0,0407	0,0829	4808	3065	1743
L05912	1	-46,6031271	-23,4684303	2532	0,0395	0,0829	4589	3126	1463
L05913	4	-46,6248203	-23,4576182	3097	0,1292	0,3314	5869	3776	2093
L05915	1	-46,6095277	-23,4493251	985	0,1015	0,0829	1561	1165	396
L05919	2	-46,6120305	-23,4757531	1300	0,1538	0,1657	2166	1565	601
L05922	1	-46,5766081	-23,5796376	1138	0,0879	0,0829	1953	1397	556
L05923	3	-46,5785504	-23,5815302	2493	0,1203	0,2486	3882	2983	899
L05924	2	-46,5604307	-23,5979220	3363	0,0595	0,1657	5863	4288	1575
L05925	2	-46,5735437	-23,5894829	2983	0,067	0,1657	4660	3569	1091
L05926	7	-46,5852470	-23,5802350	4531	0,1545	0,58	8206	5391	2815
L05928	2	-46,5582100	-23,5739759	2347	0,0852	0,1657	4461	2967	1494
L05930	4	-46,5620004	-23,5788819	2521	0,1587	0,3314	4889	3094	1795
L05932	1	-46,5660422	-23,6040127	2344	0,0427	0,0829	4184	2990	1194
L05933	5	-46,5471739	-23,5927268	3403	0,1469	0,4143	6295	4294	2001
L05934	3	-46,5733889	-23,5841252	2885	0,104	0,2486	5165	3545	1620
L05936	7	-46,5703839	-23,5879450	1764	0,3968	0,58	2906	2096	810
L05937	1	-46,5435649	-23,6013500	2013	0,0497	0,0829	3580	2564	1016
L05939	1	-46,5882111	-23,5851502	2486	0,0402	0,0829	4230	2908	1322
L05940	2	-46,5797671	-23,5725988	1605	0,1246	0,1657	2616	1974	642
L05941	9	-46,5887796	-23,5755336	1948	0,462	0,7457	3574	2324	1250
L05942	1	-46,5766081	-23,5796376	2512	0,0398	0,0829	4766	3082	1684
L05943	1	-46,5480300	-23,5998140	3286	0,0304	0,0829	5695	4099	1596
L05944	1	-46,5421787	-23,5921449	3003	0,0333	0,0829	5738	3791	1947
L05945	1	-46,5663969	-23,5940979	2754	0,0363	0,0829	5100	3435	1665
L05946	2	-46,5642049	-23,5759686	2719	0,0736	0,1657	4371	3343	1028
L05949	2	-46,5838544	-23,5814914	2972	0,0673	0,1657	5338	3529	1809
L05950	1	-46,5543296	-23,5793590	3947	0,0253	0,0829	7538	4962	2576
L05951	1	-46,5702281	-23,5758520	1372	0,0729	0,0829	2658	1731	927
L05952	1	-46,5523937	-23,5873869	2979	0,0336	0,0829	5466	3759	1707
L05953	1	-46,5568681	-23,6075908	1986	0,0504	0,0829	3562	2523	1039
L05954	1	-46,5808524	-23,5927084	2296	0,0436	0,0829	3895	2825	1070
L05956	1	-46,5394300	-23,5959940	2022	0,0495	0,0829	3634	2528	1106
L05958	1	-46,5654838	-23,5972434	2924	0,0342	0,0829	5305	3683	1622
L05959	1	-46,5810310	-23,5900310	2339	0,0428	0,0829	4164	2855	1309
L05963	4	-46,5786516	-23,5835336	1407	0,2843	0,3314	2348	1677	671
L05964	2	-46,6783620	-23,6167251	2994	0,0668	0,1657	5082	3353	1729
L05965	3	-46,6619780	-23,6090200	3849	0,0779	0,2486	6946	4334	2612
L05966	1	-46,6599239	-23,6127900	4523	0,0221	0,0829	8055	5113	2942
L05967	2	-46,6885280	-23,6126750	4170	0,048	0,1657	6900	4718	2182
L05970	2	-46,6673187	-23,6261976	2521	0,0793	0,1657	4330	2895	1435
L05971	1	-46,6565440	-23,6161400	2071	0,0483	0,0829	3277	2385	892
L05974	1	-46,6641427	-23,6002288	6184	0,0162	0,0829	10325	6924	3401
L05976	2	-46,6786792	-23,6169250	3059	0,0654	0,1657	4637	3422	1215
L05977	1	-46,6702545	-23,6470231	3091	0,0324	0,0829	4695	3516	1179
L05979	2	-46,6580933	-23,6013714	3443	0,0581	0,1657	5874	3827	2047
L05980	2	-46,6536700	-23,6386552	2086	0,0959	0,1657	3437	2526	911
L05982	1	-46,6821455	-23,6155051	5201	0,0192	0,0829	8875	5878	2997
L05983	1	-46,6510975	-23,6123036	3947	0,0253	0,0829	7274	4497	2777
L05985	1	-46,6850791	-23,6183057	3742	0,0267	0,0829	6558	4258	2300
L05987	1	-46,6726843	-23,6097127	3510	0,0285	0,0829	5718	3982	1736
L05991	2	-46,6608489	-23,6330376	3246	0,0616	0,1657	5977	3853	2124
L05992	1	-46,6629476	-23,6161029	1424	0,0702	0,0829	2755	1641	1114
L05994	1	-46,6880132	-23,6223740	4177	0,0239	0,0829	7394	4699	2695
L05998	3	-46,6284912	-23,6138398	2408	0,1246	0,2486	3730	2799	931
L05999	1	-46,6348802	-23,6270565	1652	0,0605	0,0829	2366	1867	499
L06003	3	-46,6214935	-23,6221583	2425	0,1237	0,2486	3862	2803	1059
L06009	1	-46,6344182	-23,5944514	2798	0,0357	0,0829	4833	3210	1623
L06010	3	-46,6214969	-23,5987034	3306	0,0907	0,2486	5715	3957	1758
L06012	2	-46,6319660	-23,6059990	2471	0,0809	0,1657	4092	2850	1242
L06013	1	-46,6344010	-23,5954544	2340	0,0427	0,0829	4149	2692	1457
L06014	1	-46,6273692	-23,6096467	1882	0,0531	0,0829	3682	2300	1382
L06017	1	-46,6348198	-23,6125399	2346	0,0426	0,0829	4142	2720	1422
L06018	1	-46,6298110	-23,6205725	1948	0,0513	0,0829	3275	2387	888
L06019	1	-46,6449004	-23,6103211	2557	0,0391	0,0829	4643	2988	1655
L06020	3	-46,6201994	-23,6074833	1448	0,2072	0,2486	2183	1677	506
L06022	1	-46,6399802	-23,6207015	7560	0,0132	0,0829	11823	8719	3104
L06025	2	-46,6389693	-23,6190507	3888	0,0514	0,1657	6569	4406	2163
L06027	1	-46,6300558	-23,5928665	2573	0,0389	0,0829	4339	2922	1417
L06031	1	-46,5834188	-23,6215419	2911	0,0344	0,0829	5114	3726	1388
L06032	1	-46,6120690	-23,5882350	2927	0,0342	0,0829	5450	3505	1945
L06033	2	-46,6024192	-23,6158702	2415	0,0828	0,1657	4140	2950	1190
L06035	3	-46,6093832	-23,5888257	2646	0,1134	0,2486	4381	3053	1328
L06038	2	-46,6043324	-23,5881805	4423	0,0452	0,1657	7818	5323	2495
L06042	1	-46,5932441	-23,6218013	3332	0,03	0,0829	5834	4057	1777
L06043	2	-46,5939912	-23,6283792	2004	0,0998	0,1657	3754	2526	1228
L06044	1	-46,6163598	-23,5850714	1098	0,0911	0,0829	2123	1307	816
L06047	4	-46,5866191	-23,6277500	3027	0,1321	0,3314	5754	3872	1882
L06048	1	-46,5945812	-23,6240333	3452	0,029	0,0829	6548	4452	2096
L06052	2	-46,6023320	-23,6013361	2212	0,0904	0,1657	4121	2738	1383
L06055	1	-46,6096977	-23,5916041	2870	0,0348	0,0829	5430	3473	1957
L06056	5	-46,6019600	-23,5909040	5133	0,0974	0,4143	9867	6305	3562
L06060	1	-46,5954073	-23,6104073	3797	0,0263	0,0829	6278	4612	1666
L06061	1	-46,5809811	-23,6100573	2017	0,0496	0,0829	3626	2610	1016
L06065	1	-46,6119497	-23,5892321	3011	0,0332	0,0829	5516	3638	1878
L06066	1	-46,6092332	-23,5917910	608	0,1645	0,0829	1013	723	290
L06067	2	-46,6098374	-23,5932998	5055	0,0396	0,1657	8453	5954	2499
L06661	2	-46,7041000	-23,7108340	2709	0,0738	0,1657	4548	3262	1286
L06662	1	-46,6977550	-23,7276870	2621	0,0382	0,0829	4332	3313	1019
L06663	1	-46,7157832	-23,6718387	1948	0,0513	0,0829	3430	2333	1097
L06664	1	-46,7020763	-23,6853645	3332	0,03	0,0829	5602	4031	1571
L06672	3	-46,7004276	-23,7112720	3395	0,0884	0,2486	6059	4083	1976
L06679	4	-46,7081139	-23,6888596	3276	0,1221	0,3314	5643	3922	1721
L06683	1	-46,6987338	-23,7098273	2586	0,0387	0,0829	4747	3089	1658
L06686	3	-46,7106459	-23,6834675	3696	0,0812	0,2486	6365	4412	1953
L06689	1	-46,7031746	-23,6922472	2879	0,0347	0,0829	4842	3413	1429
L07573	2	-46,6398751	-23,6453386	2341	0,0854	0,1657	3752	2782	970
L07575	3	-46,6365200	-23,6320743	4017	0,0747	0,2486	7103	4799	2304
L07576	1	-46,6349642	-23,6431290	2278	0,0439	0,0829	4207	2702	1505
L07577	1	-46,6419142	-23,6629092	3221	0,031	0,0829	5894	4037	1857
L07578	1	-46,6468602	-23,6449791	4043	0,0247	0,0829	7270	4851	2419
L07579	3	-46,6444998	-23,6334867	4067	0,0738	0,2486	7242	4778	2464
L07584	1	-46,6320328	-23,6429320	2322	0,0431	0,0829	3693	2812	881
L07586	1	-46,6662000	-23,6526625	4676	0,0214	0,0829	7861	5605	2256
L07599	1	-46,6460240	-23,6525414	3198	0,0313	0,0829	5298	3899	1399
L07601	2	-46,6355606	-23,6678098	1988	0,1006	0,1657	3563	2572	991
L07662	1	-46,7285530	-23,4946483	2295	0,0436	0,0829	3615	2730	885
L07663	1	-46,7465927	-23,4712764	2639	0,0379	0,0829	4854	3268	1586
L07666	1	-46,7187075	-23,4795423	4684	0,0213	0,0829	9004	6008	2996
L07670	1	-46,7157223	-23,4910050	3437	0,0291	0,0829	6527	4354	2173
L07672	1	-46,7132794	-23,5018341	2276	0,0439	0,0829	4138	2805	1333
L07681	2	-46,7278522	-23,4974960	3589	0,0557	0,1657	6232	4432	1800
L07692	1	-46,4761134	-23,5015127	2666	0,0375	0,0829	4912	3325	1587
L07700	1	-46,4851971	-23,4905377	3489	0,0287	0,0829	6056	4395	1661
L07708	1	-46,4849725	-23,5032693	2712	0,0369	0,0829	5219	3402	1817
L07716	1	-46,6940451	-23,4986203	1924	0,052	0,0829	3114	2268	846
L07720	1	-46,6906776	-23,4886152	2477	0,0404	0,0829	4263	2952	1311
L07726	1	-46,6978976	-23,4998743	2271	0,044	0,0829	4256	2757	1499
L07728	3	-46,6928374	-23,5037339	1919	0,1563	0,2486	3660	2388	1272
L07733	1	-46,7048817	-23,4913894	2387	0,0419	0,0829	4271	2986	1285
L07736	3	-46,6899944	-23,4971911	1941	0,1546	0,2486	3393	2305	1088
L07738	1	-46,7064209	-23,4786059	2105	0,0475	0,0829	3957	2729	1228
L07741	2	-46,6915530	-23,4896820	2900	0,069	0,1657	4958	3548	1410
L07746	1	-46,6942692	-23,4998988	1098	0,0911	0,0829	1786	1314	472
L07750	1	-46,7708337	-23,6299871	13605	0,0074	0,0829	25821	17652	8169
L07754	2	-46,7510131	-23,6228353	4006	0,0499	0,1657	7103	5278	1825
L07756	1	-46,7617923	-23,6408234	4236	0,0236	0,0829	7697	5404	2293
L07762	1	-46,7860069	-23,6438270	3683	0,0272	0,0829	6454	4825	1629
L07765	1	-46,7497115	-23,6403144	4495	0,0222	0,0829	7813	5662	2151
L07766	1	-46,7870213	-23,6430817	3412	0,0293	0,0829	6214	4373	1841
L07767	1	-46,7490615	-23,6345587	3174	0,0315	0,0829	5702	4133	1569
L08185	1	-46,7191286	-23,6260213	1988	0,0503	0,0829	3164	2315	849
L08188	4	-46,7165770	-23,5900570	2517	0,1589	0,3314	3979	2849	1130
L08190	1	-46,7131334	-23,6188108	3137	0,0319	0,0829	5166	3531	1635
L08194	3	-46,7194106	-23,5935367	4012	0,0748	0,2486	6747	4420	2327
L08195	5	-46,7277361	-23,6045363	3437	0,1455	0,4143	5923	4007	1916
L08198	2	-46,7269586	-23,5890197	3106	0,0644	0,1657	5469	3609	1860
L08199	1	-46,7202481	-23,5763764	1751	0,0571	0,0829	3121	1996	1125
L08201	2	-46,7313899	-23,5980074	3354	0,0596	0,1657	5937	3987	1950
L08202	1	-46,7401597	-23,6037788	2287	0,0437	0,0829	4380	2818	1562
L08207	1	-46,7206164	-23,5767376	2202	0,0454	0,0829	4045	2564	1481
L08213	1	-46,7052007	-23,6074205	2725	0,0367	0,0829	4343	3206	1137
L08221	1	-46,7053802	-23,5795572	2467	0,0405	0,0829	4338	2752	1586
L08229	2	-46,4982241	-23,5504038	2927	0,0683	0,1657	5051	3739	1312
L08230	1	-46,5221139	-23,5406331	2745	0,0364	0,0829	5219	3471	1748
L08233	1	-46,5151760	-23,5433139	1746	0,0573	0,0829	3085	2237	848
L08234	1	-46,5317956	-23,5421192	3038	0,0329	0,0829	5442	3818	1624
L08242	1	-46,5020045	-23,5414163	2155	0,0464	0,0829	4183	2801	1382
L08246	2	-46,5143049	-23,5325952	2090	0,0957	0,1657	3736	2717	1019
L08247	1	-46,4906529	-23,5403308	4098	0,0244	0,0829	7785	5311	2474
L08251	1	-46,5141937	-23,5522187	2485	0,0402	0,0829	4173	3088	1085
L08257	1	-46,4932714	-23,5642955	2006	0,0499	0,0829	3537	2652	885
L08258	2	-46,5095374	-23,5384628	2376	0,0842	0,1657	4461	3015	1446
L08261	2	-46,5328060	-23,5351986	2423	0,0825	0,1657	4244	2978	1266
L08262	1	-46,5005028	-23,5350092	2427	0,0412	0,0829	4145	3117	1028
L08265	2	-46,5251630	-23,5338233	5108	0,0392	0,1657	9329	6208	3121
L08266	2	-46,5492719	-23,5643080	3744	0,0534	0,1657	6474	4613	1861
L08267	1	-46,5464060	-23,5700350	1922	0,052	0,0829	3132	2354	778
L08268	1	-46,5382964	-23,5663555	2910	0,0344	0,0829	5207	3628	1579
L08271	1	-46,5489169	-23,5706004	2230	0,0448	0,0829	4306	2779	1527
L08273	1	-46,5293776	-23,5796946	1844	0,0542	0,0829	3265	2427	838
L08278	2	-46,5421410	-23,5610590	3394	0,0589	0,1657	6342	4245	2097
L08279	1	-46,5397986	-23,5751068	3183	0,0314	0,0829	5939	4067	1872
L08280	6	-46,5272729	-23,5842759	3215	0,1866	0,4971	5879	4206	1673
L08281	4	-46,5410608	-23,5606823	3255	0,1229	0,3314	5649	4123	1526
L08282	1	-46,5363320	-23,5554260	2096	0,0477	0,0829	3766	2596	1170
L08283	2	-46,5276225	-23,5710305	2727	0,0733	0,1657	5111	3464	1647
L08284	1	-46,5527913	-23,5614550	3182	0,0314	0,0829	5966	3914	2052
L08285	1	-46,5421019	-23,5584414	1912	0,0523	0,0829	3129	2348	781
L08286	2	-46,5228208	-23,5778668	2051	0,0975	0,1657	3585	2631	954
L08287	2	-46,5495140	-23,5691620	649	0,3082	0,1657	1068	790	278
L08288	2	-46,5338955	-23,5680719	1022	0,1957	0,1657	1667	1284	383
L08290	1	-46,5242645	-23,5744660	1705	0,0587	0,0829	2898	2194	704
L08293	1	-46,6083813	-23,4903083	2174	0,046	0,0829	3215	2572	643
L08297	3	-46,5922270	-23,4778802	3114	0,0963	0,2486	5691	3862	1829
L08298	3	-46,5964456	-23,4816480	2676	0,1121	0,2486	5140	3366	1774
L08299	1	-46,5792804	-23,4590009	1688	0,0592	0,0829	3422	2181	1241
L08302	1	-46,5835571	-23,4654238	2768	0,0361	0,0829	5668	3556	2112
L08303	1	-46,5951874	-23,4707467	2344	0,0427	0,0829	4346	2893	1453
L08304	2	-46,5865198	-23,4701787	2754	0,0726	0,1657	5084	3408	1676
L08305	2	-46,5732891	-23,4514774	4266	0,0469	0,1657	8509	5988	2521
L08307	2	-46,5775231	-23,4668711	3245	0,0616	0,1657	6063	4171	1892
L08309	2	-46,5870109	-23,4731635	2255	0,0887	0,1657	4250	2778	1472
L08317	1	-46,5960222	-23,4905735	506	0,1976	0,0829	794	626	168
L08320	2	-46,5866345	-23,4663679	2991	0,0669	0,1657	5086	3758	1328
L08321	1	-46,6023221	-23,4823452	4184	0,0239	0,0829	7555	5096	2459
L08327	6	-46,5339774	-23,5909237	3590	0,1671	0,4971	6889	4568	2321
L08328	2	-46,5218639	-23,6015171	3067	0,0652	0,1657	5474	3871	1603
L08330	3	-46,5220144	-23,6090632	4420	0,0679	0,2486	8006	5587	2419
L08333	1	-46,5151342	-23,5886563	3403	0,0294	0,0829	6060	4434	1626
L08334	1	-46,5237361	-23,5957342	4037	0,0248	0,0829	7533	5184	2349
L08335	1	-46,5288900	-23,6093393	3208	0,0312	0,0829	5889	4085	1804
L08336	1	-46,5384444	-23,6045283	3264	0,0306	0,0829	5992	4063	1929
L08340	5	-46,5365552	-23,5957785	3050	0,1639	0,4143	5865	3909	1956
L08342	3	-46,5266764	-23,5902384	2424	0,1238	0,2486	4325	3078	1247
L08343	2	-46,5377963	-23,5816242	3112	0,0643	0,1657	5858	3912	1946
L08344	3	-46,5190849	-23,6068070	2708	0,1108	0,2486	4764	3597	1167
L08345	2	-46,5147192	-23,6040731	1897	0,1054	0,1657	3330	2446	884
L08346	2	-46,5159118	-23,5981902	1878	0,1065	0,1657	3155	2401	754
L08348	1	-46,5374573	-23,5872801	1735	0,0576	0,0829	2944	2171	773
L08349	1	-46,5265229	-23,5911881	1522	0,0657	0,0829	2691	1958	733
L08351	3	-46,5255369	-23,5976545	4099	0,0732	0,2486	7280	5240	2040
L08354	1	-46,6718510	-23,6480180	3606	0,0277	0,0829	5953	4267	1686
L08356	1	-46,6748209	-23,6629694	2548	0,0392	0,0829	4677	3256	1421
L08357	1	-46,6566918	-23,6673339	2867	0,0349	0,0829	5558	3511	2047
L08360	1	-46,6643846	-23,6634460	2151	0,0465	0,0829	3871	2637	1234
L08364	1	-46,6666281	-23,6643337	2350	0,0426	0,0829	4231	2884	1347
L08368	6	-46,6511485	-23,6760229	3448	0,174	0,4971	6243	4435	1808
L08372	3	-46,6459844	-23,6750154	2880	0,1042	0,2486	5258	3622	1636
L08376	1	-46,6420429	-23,6817416	680	0,1471	0,0829	1222	863	359
L08377	2	-46,6776829	-23,6644228	3581	0,0559	0,1657	6118	4373	1745
L08380	1	-46,3955110	-23,5079850	4070	0,0246	0,0829	7143	5356	1787
L08387	1	-46,3754478	-23,4964448	3203	0,0312	0,0829	5688	4215	1473
L08390	1	-46,3766695	-23,5066526	4172	0,024	0,0829	7610	5548	2062
L08393	1	-46,3905136	-23,4921738	2500	0,04	0,0829	4429	3299	1130
L08398	1	-46,4040381	-23,5003398	2632	0,038	0,0829	4564	3375	1189
L08410	1	-46,3944620	-23,4902290	2920	0,0342	0,0829	5431	3694	1737
L08445	1	-46,4037610	-23,5596980	3457	0,0289	0,0829	2665	1848	817
L08457	1	-46,3967810	-23,5545250	1819	0,055	0,0829	3404	2514	890
L08459	1	-46,4060980	-23,5364980	1267	0,0789	0,0829	1475	1092	383
L08860	1	-46,6895040	-23,7350676	2726	0,0367	0,0829	4411	3424	987
L08862	1	-46,6941916	-23,7361482	4568	0,0219	0,0829	8304	5797	2507
L08872	1	-46,6890875	-23,7386502	2798	0,0357	0,0829	4627	3538	1089
L08874	1	-46,6701917	-23,7428868	5030	0,0199	0,0829	8684	6561	2123
L08877	1	-46,6835726	-23,7554717	2265	0,0442	0,0829	4116	2760	1356
L08895	1	-46,7563455	-23,6839424	2676	0,0374	0,0829	4670	3304	1366
L08908	2	-46,7789630	-23,7147600	3404	0,0588	0,1657	5872	4422	1450
L08920	1	-46,7717602	-23,6885585	3458	0,0289	0,0829	6360	4250	2110
L08927	1	-46,7602288	-23,6921984	3141	0,0318	0,0829	5143	3919	1224
L08928	2	-46,7383011	-23,6797511	3519	0,0568	0,1657	5719	4390	1329
L08929	1	-46,7383672	-23,6748485	1967	0,0508	0,0829	3174	2419	755
L08937	1	-46,7398408	-23,6738654	4636	0,0216	0,0829	7955	5725	2230
L08946	1	-46,7599809	-23,6583845	3828	0,0261	0,0829	6414	4828	1586
L08947	1	-46,7588097	-23,6679219	3084	0,0324	0,0829	5635	3906	1729
L08955	3	-46,7671835	-23,6773241	4100	0,0732	0,2486	7105	5165	1940
L08964	1	-46,7859043	-23,6612756	2404	0,0416	0,0829	4384	2994	1390
L08969	1	-46,7387859	-23,5794283	2272	0,044	0,0829	3703	2689	1014
L08973	1	-46,7736965	-23,5753008	3789	0,0264	0,0829	5984	4683	1301
L08974	1	-46,7460154	-23,5642656	2683	0,0373	0,0829	4513	3262	1251
L08982	3	-46,7512554	-23,5452190	2973	0,1009	0,2486	5291	3603	1688
L08985	1	-46,7491328	-23,5658101	3021	0,0331	0,0829	5172	3648	1524
L08986	1	-46,7497980	-23,5823512	2155	0,0464	0,0829	3952	2665	1287
L08989	2	-46,7421886	-23,5732813	4364	0,0458	0,1657	7754	5121	2633
L08994	4	-46,7816430	-23,5898970	4658	0,0859	0,3314	8134	5717	2417
L08998	4	-46,7616411	-23,5738108	3264	0,1225	0,3314	5781	3909	1872
L09000	2	-46,7292351	-23,5745661	3100	0,0645	0,1657	5436	3579	1857
L09003	1	-46,7642531	-23,5642335	2581	0,0387	0,0829	4184	3120	1064
L09004	2	-46,7583340	-23,5575440	3682	0,0543	0,1657	5975	4245	1730
L09007	1	-46,7358487	-23,5809482	3036	0,0329	0,0829	5300	3546	1754
L09009	1	-46,7601010	-23,5793980	1753	0,057	0,0829	2840	2160	680
L09010	1	-46,7580485	-23,5857090	3186	0,0314	0,0829	6188	4045	2143
L09012	1	-46,8008485	-23,5869553	1897	0,0527	0,0829	3203	2480	723
L09023	1	-46,7882303	-23,5947908	1052	0,0951	0,0829	1780	1363	417
L09027	1	-46,7228401	-23,5715849	2029	0,0493	0,0829	3117	2297	820
L09034	1	-46,7138143	-23,5687160	6650	0,015	0,0829	11871	7672	4199
L09040	1	-46,4696590	-23,6129782	2328	0,043	0,0829	4085	3035	1050
L09042	1	-46,4746879	-23,6291216	2377	0,0421	0,0829	4450	3252	1198
L09048	1	-46,4688977	-23,6112514	1324	0,0755	0,0829	2334	1709	625
L09056	1	-46,4433978	-23,6307158	2114	0,0473	0,0829	3691	2498	1193
L09057	1	-46,4881751	-23,5991604	3417	0,0293	0,0829	5868	4270	1598
L09059	1	-46,4626277	-23,6209456	3192	0,0313	0,0829	6229	4211	2018
L09076	1	-46,4921282	-23,5878134	2168	0,0461	0,0829	4122	2686	1436
L09077	1	-46,4645811	-23,6112224	3566	0,028	0,0829	6521	4469	2052
L09093	1	-46,6891450	-23,4480420	1559	0,0641	0,0829	2715	1914	801
L09098	1	-46,7030593	-23,4716926	3193	0,0313	0,0829	5790	3980	1810
L09099	1	-46,6998285	-23,4605103	2820	0,0355	0,0829	4930	3583	1347
L09100	1	-46,6986546	-23,4803642	3036	0,0329	0,0829	5415	3789	1626
L09103	1	-46,6729691	-23,4629576	3071	0,0326	0,0829	5490	4096	1394
L09107	1	-46,6864059	-23,4697610	2203	0,0454	0,0829	4116	2829	1287
L09109	1	-46,7072163	-23,4599973	3074	0,0325	0,0829	5299	3983	1316
L09115	1	-46,7003948	-23,4748538	1533	0,0652	0,0829	2655	1984	671
L09116	1	-46,6837802	-23,4832228	2960	0,0338	0,0829	5049	3734	1315
L09118	4	-46,6795279	-23,4641832	7883	0,0507	0,3314	15183	10348	4835
L09121	1	-46,6774616	-23,4736278	2374	0,0421	0,0829	4175	3125	1050
L09123	1	-46,6775348	-23,4595275	3138	0,0319	0,0829	5462	4143	1319
L09129	1	-46,6940812	-23,4585925	3967	0,0252	0,0829	6922	5126	1796
L09135	1	-46,6875898	-23,4827743	3242	0,0308	0,0829	6012	4001	2011
L09339	1	-46,7290105	-23,8229399	2160	0,0463	0,0829	3913	2829	1084
L09349	1	-46,7350231	-23,8069913	1390	0,0719	0,0829	2367	1744	623
L09350	1	-46,7406430	-23,7738574	800	0,125	0,0829	1217	1003	214
L09367	1	-46,7096936	-23,7717519	1892	0,0529	0,0829	3177	2421	756
L09368	1	-46,7095920	-23,7408252	1645	0,0608	0,0829	2849	2040	809
L09644	2	-46,7595246	-23,4046073	6764	0,0296	0,1657	12622	8645	3977
L09656	1	-46,7076665	-23,4422276	2819	0,0355	0,0829	4709	3625	1084
L09657	1	-46,7266588	-23,4265393	2406	0,0416	0,0829	4002	3119	883
L09666	1	-46,7516173	-23,3995291	2810	0,0356	0,0829	4777	3531	1246
L09679	2	-46,7290271	-23,4281151	2096	0,0954	0,1657	3630	2766	864
L09688	1	-46,7166746	-23,4347728	1683	0,0594	0,0829	2857	2153	704
L09698	1	-46,5211510	-23,5024680	3117	0,0321	0,0829	5306	4002	1304
L09703	1	-46,5143098	-23,5025941	3250	0,0308	0,0829	6003	4205	1798
L09705	1	-46,4976882	-23,4974521	2912	0,0343	0,0829	5100	3739	1361
L09708	1	-46,5011972	-23,4910374	3598	0,0278	0,0829	5673	4513	1160
L09709	2	-46,5011218	-23,4970068	2480	0,0806	0,1657	4098	3151	947
L09716	2	-46,5307769	-23,5112782	2975	0,0672	0,1657	5262	3745	1517
L09753	1	-46,4717218	-23,5340019	1145	0,0873	0,0829	1944	1432	512
L09755	1	-46,4808207	-23,5172670	2520	0,0397	0,0829	4399	3291	1108
L09757	1	-46,4799583	-23,5263781	2015	0,0496	0,0829	3665	2771	894
L09762	1	-46,4813689	-23,5374258	3181	0,0314	0,0829	5713	4094	1619
L09764	2	-46,4678340	-23,5355610	3575	0,0559	0,1657	6685	4497	2188
L09765	2	-46,4693922	-23,5224683	3655	0,0547	0,1657	6254	4742	1512
L09770	1	-46,5081371	-23,5141476	2763	0,0362	0,0829	5024	3413	1611
L09781	1	-46,5043724	-23,5151956	911	0,1098	0,0829	1510	1166	344
L09783	2	-46,4752420	-23,5235190	4447	0,045	0,1657	7421	5633	1788
L09939	1	-46,4058353	-23,5217846	3328	0,03	0,0829	5634	4378	1256
L09945	2	-46,4180582	-23,4867289	3677	0,0544	0,1657	6336	4651	1685
L09948	1	-46,4030957	-23,5139436	1816	0,0551	0,0829	3163	2414	749
L09958	1	-46,4555571	-23,4916901	2939	0,034	0,0829	5404	4032	1372
L09965	1	-46,4559263	-23,4911459	2451	0,0408	0,0829	4152	3143	1009
L09971	1	-46,4610139	-23,4967947	2718	0,0368	0,0829	4758	3458	1300
L09973	2	-46,4696520	-23,5041190	2277	0,0878	0,1657	3842	2928	914
L09979	1	-46,4533158	-23,4993370	3973	0,0252	0,0829	6808	4929	1879
L10134	1	-46,7361616	-23,4500614	2869	0,0349	0,0829	5129	3556	1573
L10149	1	-46,7466848	-23,4441827	3405	0,0294	0,0829	5816	4442	1374
L10150	1	-46,7376300	-23,4559550	1157	0,0864	0,0829	1989	1497	492
L10166	1	-46,4073307	-23,5666032	3346	0,0299	0,0829	5875	4258	1617
L10172	1	-46,3911438	-23,5781477	2553	0,0392	0,0829	4332	3191	1141
L10173	4	-46,4070213	-23,5656205	2817	0,142	0,3314	4782	3657	1125
L10176	1	-46,4272779	-23,6121140	2705	0,037	0,0829	4404	3473	931
L10183	1	-46,3957789	-23,5915363	2543	0,0393	0,0829	4545	3320	1225
L10198	2	-46,4014360	-23,5912442	4177	0,0479	0,1657	6889	5203	1686
L10200	1	-46,4077080	-23,5934470	2037	0,0491	0,0829	3462	2558	904
L10207	1	-46,4402616	-23,5431917	2833	0,0353	0,0829	4781	3684	1097
L10208	1	-46,4337487	-23,5491681	3521	0,0284	0,0829	6483	4451	2032
L10210	3	-46,4355290	-23,5413160	4313	0,0696	0,2486	7351	5434	1917
L10211	1	-46,4410384	-23,5384069	4053	0,0247	0,0829	7309	5151	2158
L10212	1	-46,4277510	-23,5498460	3585	0,0279	0,0829	6336	4627	1709
L10218	1	-46,4175328	-23,5652073	2492	0,0401	0,0829	4332	3281	1051
L10220	1	-46,4161442	-23,5651315	3039	0,0329	0,0829	5389	3972	1417
L10311	1	-46,7438418	-23,6469973	3989	0,0251	0,0829	6890	4938	1952
L10313	1	-46,7409855	-23,6288859	4572	0,0219	0,0829	7434	5319	2115
L10319	2	-46,7322309	-23,6212240	7028	0,0285	0,1657	12398	8767	3631
L10321	2	-46,7373128	-23,6532119	4481	0,0446	0,1657	7802	5537	2265
L10324	1	-46,7404239	-23,6491380	3708	0,027	0,0829	6560	4602	1958
L10325	1	-46,7462436	-23,6209695	4031	0,0248	0,0829	7403	4961	2442
L10334	2	-46,7309023	-23,6590081	3965	0,0504	0,1657	6583	4851	1732
L10335	2	-46,7470038	-23,6574330	4546	0,044	0,1657	7984	5664	2320
L10491	1	-46,6063628	-23,6334842	2562	0,039	0,0829	4662	3165	1497
L10493	3	-46,6004969	-23,6242367	3658	0,082	0,2486	6286	4333	1953
L10499	1	-46,5946428	-23,6480920	1049	0,0953	0,0829	1738	1365	373
L10502	3	-46,6166660	-23,6283520	2618	0,1146	0,2486	4677	3342	1335
L10505	1	-46,6259535	-23,6310077	2563	0,039	0,0829	4493	3160	1333
L10506	3	-46,5972438	-23,6398797	2835	0,1058	0,2486	4669	3551	1118
L10507	1	-46,6088981	-23,6130570	3204	0,0312	0,0829	5234	3891	1343
L10508	1	-46,6226811	-23,6322515	4079	0,0245	0,0829	7342	5130	2212
L10511	1	-46,5988854	-23,6473033	3074	0,0325	0,0829	4952	3868	1084
L10512	1	-46,6126960	-23,6136070	2782	0,0359	0,0829	4566	3356	1210
L10513	2	-46,6148883	-23,6223499	2743	0,0729	0,1657	4986	3378	1608
L10516	1	-46,6134748	-23,6571470	3833	0,0261	0,0829	5910	4608	1302
L10610	3	-46,4812016	-23,5483731	3878	0,0774	0,2486	6716	5098	1618
L10611	1	-46,4696904	-23,5681129	5770	0,0173	0,0829	11060	7441	3619
L10613	1	-46,4813947	-23,5513733	2971	0,0337	0,0829	4901	3803	1098
L10614	1	-46,4765220	-23,5538502	1616	0,0619	0,0829	2992	2135	857
L10618	1	-46,4876555	-23,5528722	3863	0,0259	0,0829	7214	4790	2424
L10620	2	-46,4864496	-23,5496384	3089	0,0647	0,1657	5680	3970	1710
L10621	4	-46,4798018	-23,5438419	3988	0,1003	0,3314	7410	5062	2348
L10622	1	-46,4616617	-23,5574890	4046	0,0247	0,0829	7280	5166	2114
L10627	2	-46,4652985	-23,5546299	3666	0,0546	0,1657	6843	4619	2224
L10638	1	-46,6371403	-23,7009481	1770	0,0565	0,0829	3477	2430	1047
L10650	1	-46,6524439	-23,6886719	3624	0,0276	0,0829	6394	4556	1838
L10652	1	-46,6774173	-23,6820430	4275	0,0234	0,0829	7370	5418	1952
L10654	1	-46,6484762	-23,6909018	2269	0,0441	0,0829	3946	2781	1165
L10655	2	-46,6834503	-23,6829378	2922	0,0684	0,1657	5153	3581	1572
L10657	1	-46,6712450	-23,6947528	3201	0,0312	0,0829	5811	4046	1765
L10664	1	-46,6822506	-23,6859937	2727	0,0367	0,0829	4800	3284	1516
L10665	1	-46,6401401	-23,7021728	2226	0,0449	0,0829	3949	2934	1015
L10667	1	-46,6484937	-23,6939898	3026	0,033	0,0829	5380	3783	1597
L10670	1	-46,6532948	-23,6930429	4054	0,0247	0,0829	7018	5197	1821
L10720	1	-46,5857185	-23,4923051	2198	0,0455	0,0829	3984	2779	1205
L10721	1	-46,5753210	-23,4806909	3112	0,0321	0,0829	5709	3924	1785
L10725	1	-46,5743549	-23,4975157	1855	0,0539	0,0829	3076	2333	743
L10726	1	-46,5861292	-23,4922494	2903	0,0344	0,0829	5395	3706	1689
L10727	2	-46,5724481	-23,4898866	3376	0,0592	0,1657	6286	4313	1973
L10728	1	-46,5798590	-23,4856546	3035	0,0329	0,0829	5717	3858	1859
L10736	1	-46,5681819	-23,4784924	3650	0,0274	0,0829	6352	4719	1633
L10738	1	-46,5972000	-23,4951209	2600	0,0385	0,0829	4771	3258	1513
L10741	2	-46,5010529	-23,6213622	3848	0,052	0,1657	6829	5091	1738
L10744	1	-46,5101702	-23,6058819	5877	0,017	0,0829	10885	7744	3141
L10745	1	-46,5040533	-23,6054351	4046	0,0247	0,0829	7138	5324	1814
L10751	1	-46,5061790	-23,6170608	3511	0,0285	0,0829	6321	4673	1648
L10752	2	-46,4907070	-23,6054790	4502	0,0444	0,1657	7815	5884	1931
L10755	3	-46,5095210	-23,5996670	3646	0,0823	0,2486	6483	4687	1796
L10760	1	-46,4938454	-23,6105292	2751	0,0364	0,0829	4899	3482	1417
L10761	1	-46,5060459	-23,6042916	1480	0,0676	0,0829	2549	1937	612
L10764	1	-46,4893958	-23,6137160	2190	0,0457	0,0829	3625	2783	842
L10773	1	-46,6378689	-23,4793297	3726	0,0268	0,0829	5957	4473	1484
L10777	3	-46,6334518	-23,4764864	2961	0,1013	0,2486	5466	3552	1914
L10778	1	-46,6714017	-23,4574567	4417	0,0226	0,0829	7852	5784	2068
L10779	1	-46,6398944	-23,4854805	2414	0,0414	0,0829	4899	3028	1871
L10785	1	-46,6647421	-23,4572438	3367	0,0297	0,0829	6195	4418	1777
L10788	1	-46,6521748	-23,4881391	2843	0,0352	0,0829	5381	3583	1798
L10790	1	-46,6685780	-23,4641456	1708	0,0585	0,0829	2905	2222	683
L10799	1	-46,6467390	-23,4772016	1155	0,0866	0,0829	1950	1447	503
