cod_local	QT_VOTOS	longitude	latitude	LOC_VALID	%_LOC_V	%_CAND	QT_APTOS	QT_COMPARECIMENTO	QT_ABSTENCOES
L00051	2	-46,6946005	-23,5421890	3052	0,0655	1,0309	5602	3572	2030
L00058	1	-46,6432297	-23,5320752	3161	0,0316	0,5155	6470	3731	2739
L00067	1	-46,6107088	-23,5252045	1435	0,0697	0,5155	2765	1755	1010
L00107	1	-46,6116378	-23,5511180	2148	0,0466	0,5155	4565	2585	1980
L00119	1	-46,6851323	-23,5877136	2254	0,0444	0,5155	3851	2471	1380
L00123	3	-46,6731135	-23,5792999	2804	0,107	1,5464	4967	3078	1889
L00156	1	-46,6397771	-23,5727404	4608	0,0217	0,5155	8784	5242	3542
L05554	1	-46,4441795	-23,4982353	3546	0,0282	0,5155	6065	4260	1805
L05557	1	-46,4452179	-23,4993366	2352	0,0425	0,5155	3986	2897	1089
L05561	1	-46,4389924	-23,5145862	3097	0,0323	0,5155	5489	4147	1342
L05570	1	-46,4345329	-23,5094734	3688	0,0271	0,5155	6309	4565	1744
L05574	1	-46,4424219	-23,4946443	1702	0,0588	0,5155	3011	2169	842
L05591	1	-46,4544144	-23,5410443	3621	0,0276	0,5155	6839	4640	2199
L05596	1	-46,4536228	-23,5552304	3671	0,0272	0,5155	6672	4852	1820
L05611	1	-46,6300964	-23,5033502	2831	0,0353	0,5155	4847	3284	1563
L05614	1	-46,6407233	-23,4948591	1725	0,058	0,5155	2839	2166	673
L05616	3	-46,6281182	-23,4912871	3378	0,0888	1,5464	5313	3930	1383
L05617	1	-46,6180480	-23,4923992	3331	0,03	0,5155	5427	3880	1547
L05625	1	-46,6261164	-23,4898514	2978	0,0336	0,5155	5488	3556	1932
L05639	1	-46,6239120	-23,4891654	1527	0,0655	0,5155	2617	1818	799
L05681	1	-46,6949470	-23,5283220	1938	0,0516	0,5155	3100	2183	917
L05730	1	-46,5498247	-23,5164939	1446	0,0692	0,5155	2917	1826	1091
L05750	1	-46,5686249	-23,5424482	4557	0,0219	0,5155	7587	5295	2292
L05751	1	-46,5757522	-23,5380963	4097	0,0244	0,5155	6495	4845	1650
L05753	1	-46,5571310	-23,5490160	3586	0,0279	0,5155	6008	4212	1796
L05775	2	-46,5662223	-23,5472777	2792	0,0716	1,0309	5162	3308	1854
L05778	1	-46,5363195	-23,5540735	2588	0,0386	0,5155	4862	3218	1644
L05795	2	-46,5630428	-23,5455348	2537	0,0788	1,0309	4283	2957	1326
L05801	9	-46,5968739	-23,5084251	2820	0,3191	4,6392	5313	3529	1784
L05802	5	-46,6013419	-23,5076564	3312	0,151	2,5773	6027	4063	1964
L05805	1	-46,6019251	-23,4930215	3006	0,0333	0,5155	5399	3750	1649
L05806	2	-46,5685781	-23,5119963	4184	0,0478	1,0309	7823	5387	2436
L05807	1	-46,5779360	-23,5053673	3549	0,0282	0,5155	6465	4410	2055
L05808	5	-46,5892786	-23,5184715	2964	0,1687	2,5773	5799	3706	2093
L05809	1	-46,5863582	-23,5062229	1595	0,0627	0,5155	2902	1932	970
L05810	3	-46,5928674	-23,5005803	3037	0,0988	1,5464	5514	3674	1840
L05811	12	-46,5847966	-23,5140241	2439	0,492	6,1856	4518	2999	1519
L05814	4	-46,6049224	-23,5160697	1794	0,223	2,0619	3377	2233	1144
L05815	15	-46,5904721	-23,5159874	2393	0,6268	7,732	4362	2917	1445
L05816	11	-46,5824545	-23,5151915	4574	0,2405	5,6701	8444	5563	2881
L05817	1	-46,6117405	-23,5017844	2739	0,0365	0,5155	5039	3341	1698
L05818	7	-46,5907052	-23,5016081	2983	0,2347	3,6082	5429	3613	1816
L05819	2	-46,5825547	-23,5256742	2853	0,0701	1,0309	5154	3537	1617
L05820	1	-46,5663467	-23,5211065	3363	0,0297	0,5155	6296	4358	1938
L05822	1	-46,5755961	-23,5193541	2191	0,0456	0,5155	3907	2794	1113
L05823	3	-46,5847505	-23,5062429	2469	0,1215	1,5464	4405	3039	1366
L05825	1	-46,6088452	-23,5120897	1543	0,0648	0,5155	2874	1903	971
L05828	2	-46,6007196	-23,5005481	2697	0,0742	1,0309	4882	3315	1567
L05832	1	-46,5754788	-23,5000239	1037	0,0964	0,5155	1570	1248	322
L05834	7	-46,5964032	-23,5194682	1589	0,4405	3,6082	2795	1963	832
L05838	9	-46,5930563	-23,5195686	3761	0,2393	4,6392	6624	4656	1968
L05846	1	-46,6811823	-23,4913790	3097	0,0323	0,5155	5454	4068	1386
L05849	1	-46,6657859	-23,4885740	3928	0,0255	0,5155	7229	4920	2309
L05854	1	-46,6559225	-23,4706050	3589	0,0279	0,5155	6533	4491	2042
L05856	1	-46,6576980	-23,5105636	3626	0,0276	0,5155	6816	4472	2344
L05862	1	-46,6805862	-23,5028507	5531	0,0181	0,5155	9763	6800	2963
L05885	2	-46,6064554	-23,4772146	3669	0,0545	1,0309	6325	4434	1891
L05891	1	-46,5884421	-23,4440711	2609	0,0383	0,5155	4730	3437	1293
L05894	1	-46,6064995	-23,4765109	1719	0,0582	0,5155	2945	2156	789
L05895	1	-46,5968505	-23,4651601	3059	0,0327	0,5155	5869	3863	2006
L05906	1	-46,6048700	-23,4811680	2460	0,0407	0,5155	4808	3065	1743
L05912	1	-46,6031271	-23,4684303	2532	0,0395	0,5155	4589	3126	1463
L05919	2	-46,6120305	-23,4757531	1300	0,1538	1,0309	2166	1565	601
L05948	1	-46,5542887	-23,6019436	1256	0,0796	0,5155	2152	1652	500
L05971	1	-46,6565440	-23,6161400	2071	0,0483	0,5155	3277	2385	892
L06004	1	-46,6210529	-23,6057597	883	0,1133	0,5155	1335	1043	292
L06026	1	-46,6383254	-23,5955707	3315	0,0302	0,5155	5603	3692	1911
L06032	1	-46,6120690	-23,5882350	2927	0,0342	0,5155	5450	3505	1945
L06042	1	-46,5932441	-23,6218013	3332	0,03	0,5155	5834	4057	1777
L07689	1	-46,4919582	-23,5063549	2108	0,0474	0,5155	3605	2714	891
L08226	1	-46,5156979	-23,5307305	1416	0,0706	0,5155	2280	1812	468
L08232	1	-46,5442704	-23,5350483	1844	0,0542	0,5155	3342	2318	1024
L08234	1	-46,5317956	-23,5421192	3038	0,0329	0,5155	5442	3818	1624
L08281	1	-46,5410608	-23,5606823	3255	0,0307	0,5155	5649	4123	1526
L08293	2	-46,6083813	-23,4903083	2174	0,092	1,0309	3215	2572	643
L08302	2	-46,5835571	-23,4654238	2768	0,0723	1,0309	5668	3556	2112
L08305	1	-46,5732891	-23,4514774	4266	0,0234	0,5155	8509	5988	2521
L08309	2	-46,5870109	-23,4731635	2255	0,0887	1,0309	4250	2778	1472
L08312	1	-46,5846950	-23,4614040	3278	0,0305	0,5155	6142	4077	2065
L08363	1	-46,6578420	-23,6700605	2290	0,0437	0,5155	3858	2871	987
L08857	1	-46,6632244	-23,7341199	4646	0,0215	0,5155	7764	5913	1851
L08920	1	-46,7717602	-23,6885585	3458	0,0289	0,5155	6360	4250	2110
L09096	1	-46,6919830	-23,4800350	2740	0,0365	0,5155	4783	3354	1429
L09103	1	-46,6729691	-23,4629576	3071	0,0326	0,5155	5490	4096	1394
L09120	1	-46,7026753	-23,4471028	1959	0,051	0,5155	3520	2602	918
L09655	1	-46,7754560	-23,4356680	2685	0,0372	0,5155	4347	3385	962
L09713	1	-46,5202416	-23,5000815	2013	0,0497	0,5155	3488	2617	871
L09927	1	-46,4105791	-23,5212702	3639	0,0275	0,5155	6418	4656	1762
L09941	1	-46,4089885	-23,5011168	2267	0,0441	0,5155	3907	3021	886
L10611	1	-46,4696904	-23,5681129	5770	0,0173	0,5155	11060	7441	3619
L10618	1	-46,4876555	-23,5528722	3863	0,0259	0,5155	7214	4790	2424
L10717	1	-46,5630814	-23,4738195	2767	0,0361	0,5155	5120	3441	1679
L10723	3	-46,5874208	-23,4972108	3391	0,0885	1,5464	6308	4248	2060
L10724	1	-46,5897661	-23,4836253	3533	0,0283	0,5155	6457	4363	2094
L10725	1	-46,5743549	-23,4975157	1855	0,0539	0,5155	3076	2333	743
L10726	1	-46,5861292	-23,4922494	2903	0,0344	0,5155	5395	3706	1689
L10735	1	-46,5734783	-23,4926878	3047	0,0328	0,5155	5191	3808	1383
L10786	2	-46,6509458	-23,4833087	1389	0,144	1,0309	2199	1761	438
