cod_local	QT_VOTOS	longitude	latitude	LOC_VALID	%_LOC_V	%_CAND	QT_APTOS	QT_COMPARECIMENTO	QT_ABSTENCOES
L00002	1	-46,6458082	-23,5644282	2271	0,044	0,0459	3779	2548	1231
L00006	1	-46,6471893	-23,5496488	4359	0,0229	0,0459	8358	5061	3297
L00011	2	-46,6535747	-23,5498948	3808	0,0525	0,0917	7072	4407	2665
L00019	1	-46,6376429	-23,5607300	2664	0,0375	0,0459	5259	3125	2134
L00020	2	-46,6376429	-23,5607300	2293	0,0872	0,0917	5052	2698	2354
L00022	1	-46,6521240	-23,5458002	10350	0,0097	0,0459	18525	11583	6942
L00033	2	-46,6545420	-23,5418060	2940	0,068	0,0917	4562	3313	1249
L00034	2	-46,6605264	-23,5415277	5254	0,0381	0,0917	7993	5767	2226
L00035	3	-46,6800459	-23,5481021	3932	0,0763	0,1376	6405	4313	2092
L00039	4	-46,6663954	-23,5361229	5419	0,0738	0,1835	8062	5901	2161
L00040	1	-46,6597606	-23,5452831	1062	0,0942	0,0459	1577	1160	417
L00041	1	-46,6798996	-23,5306990	2132	0,0469	0,0459	3296	2395	901
L00042	1	-46,6513283	-23,5415864	1556	0,0643	0,0459	2631	1843	788
L00043	1	-46,6853794	-23,5386780	2698	0,0371	0,0459	4613	3033	1580
L00046	3	-46,6555734	-23,5283610	2335	0,1285	0,1376	4656	2795	1861
L00049	2	-46,6806583	-23,5307166	4578	0,0437	0,0917	8065	5186	2879
L00050	1	-46,6531096	-23,5391595	3449	0,029	0,0459	6577	4007	2570
L00052	1	-46,6832663	-23,5289919	4888	0,0205	0,0459	8677	5629	3048
L00053	2	-46,6630845	-23,5450242	5945	0,0336	0,0917	9970	6457	3513
L00054	3	-46,6650200	-23,5361422	1083	0,277	0,1376	1605	1172	433
L00055	4	-46,6566164	-23,5307137	5271	0,0759	0,1835	9323	6035	3288
L00057	2	-46,6510689	-23,5302066	2410	0,083	0,0917	4093	2814	1279
L00058	2	-46,6432297	-23,5320752	3161	0,0633	0,0917	6470	3731	2739
L00060	2	-46,6711550	-23,5381000	10857	0,0184	0,0917	17946	11853	6093
L00061	1	-46,6666956	-23,5298372	3408	0,0293	0,0459	6305	3946	2359
L00062	1	-46,6375237	-23,5287430	2256	0,0443	0,0459	4421	2765	1656
L00063	1	-46,6343483	-23,5436627	2624	0,0381	0,0459	5154	3085	2069
L00068	1	-46,6432775	-23,5262231	2815	0,0355	0,0459	5403	3409	1994
L00070	1	-46,6134834	-23,5400667	2964	0,0337	0,0459	5594	3588	2006
L00071	4	-46,6341197	-23,5306628	2982	0,1341	0,1835	5785	3615	2170
L00075	1	-46,6325856	-23,5295792	4103	0,0244	0,0459	8045	4955	3090
L00077	1	-46,6228821	-23,5238878	3089	0,0324	0,0459	5985	3756	2229
L00083	1	-46,5997287	-23,5410220	3324	0,0301	0,0459	6501	4011	2490
L00087	2	-46,5842762	-23,5514675	2993	0,0668	0,0917	5617	3662	1955
L00092	2	-46,5828225	-23,5542479	3888	0,0514	0,0917	7164	4714	2450
L00099	1	-46,5683158	-23,5701115	2161	0,0463	0,0459	3989	2770	1219
L00101	1	-46,5902071	-23,5606910	4284	0,0233	0,0459	7988	5172	2816
L00107	18	-46,6116378	-23,5511180	2148	0,838	0,8257	4565	2585	1980
L00108	3	-46,5976041	-23,5519593	6779	0,0443	0,1376	11883	7994	3889
L00109	1	-46,6685837	-23,5678112	2042	0,049	0,0459	3574	2207	1367
L00111	3	-46,6590182	-23,5634584	7550	0,0397	0,1376	13488	8273	5215
L00118	1	-46,6768341	-23,5885769	2860	0,035	0,0459	5240	3249	1991
L00124	2	-46,6605835	-23,5566944	5697	0,0351	0,0917	10701	6297	4404
L00127	1	-46,6605835	-23,5566944	6318	0,0158	0,0459	11459	6999	4460
L00129	1	-46,6486232	-23,5813704	3537	0,0283	0,0459	5654	3970	1684
L00130	2	-46,6437100	-23,5775691	2213	0,0904	0,0917	3690	2443	1247
L00131	1	-46,6442337	-23,5847251	4116	0,0243	0,0459	7035	4617	2418
L00132	2	-46,6416210	-23,5785510	4598	0,0435	0,0917	7651	5166	2485
L00134	2	-46,6358455	-23,5895447	4856	0,0412	0,0917	8425	5454	2971
L00137	1	-46,6125927	-23,5728431	3033	0,033	0,0459	4908	3570	1338
L00141	2	-46,6308086	-23,5650323	5144	0,0389	0,0917	9743	6059	3684
L00142	1	-46,6119113	-23,5742236	2504	0,0399	0,0459	4454	2944	1510
L00145	2	-46,6350220	-23,5881065	3012	0,0664	0,0917	5263	3410	1853
L00146	1	-46,6223857	-23,5681693	2480	0,0403	0,0459	4585	2913	1672
L00147	1	-46,6251868	-23,5770987	3004	0,0333	0,0459	5565	3493	2072
L00150	5	-46,6299014	-23,5758099	4050	0,1235	0,2294	6863	4657	2206
L00151	3	-46,6209441	-23,5882398	2949	0,1017	0,1376	4478	3358	1120
L00152	5	-46,6459660	-23,5746810	3017	0,1657	0,2294	4888	3361	1527
L00154	5	-46,6235069	-23,5745404	4329	0,1155	0,2294	7193	5134	2059
L00156	1	-46,6397771	-23,5727404	4608	0,0217	0,0459	8784	5242	3542
L00157	3	-46,6389836	-23,5697573	5176	0,058	0,1376	8809	5934	2875
L05530	1	-46,7007739	-23,6497088	5044	0,0198	0,0459	8236	5638	2598
L05541	1	-46,7153680	-23,6417200	3773	0,0265	0,0459	6610	4390	2220
L05567	1	-46,4215117	-23,5013996	3622	0,0276	0,0459	6083	4594	1489
L05580	1	-46,4367093	-23,5286893	3428	0,0292	0,0459	6257	4314	1943
L05592	1	-46,4528483	-23,5265608	3373	0,0296	0,0459	6254	4448	1806
L05610	1	-46,4554689	-23,5282555	6146	0,0163	0,0459	10609	7693	2916
L05611	1	-46,6300964	-23,5033502	2831	0,0353	0,0459	4847	3284	1563
L05612	1	-46,6264879	-23,4763633	1123	0,089	0,0459	2007	1430	577
L05613	1	-46,6310064	-23,5025938	1028	0,0973	0,0459	2041	1205	836
L05616	1	-46,6281182	-23,4912871	3378	0,0296	0,0459	5313	3930	1383
L05617	1	-46,6180480	-23,4923992	3331	0,03	0,0459	5427	3880	1547
L05618	2	-46,6270210	-23,5057810	1824	0,1096	0,0917	3578	2176	1402
L05621	1	-46,6332236	-23,4899666	5271	0,019	0,0459	8744	6129	2615
L05623	1	-46,6405537	-23,5023028	2520	0,0397	0,0459	4590	2978	1612
L05625	1	-46,6261164	-23,4898514	2978	0,0336	0,0459	5488	3556	1932
L05628	2	-46,6157633	-23,4933572	2589	0,0772	0,0917	4750	3013	1737
L05631	3	-46,6446670	-23,4910726	1627	0,1844	0,1376	3161	2027	1134
L05635	3	-46,6142540	-23,4901233	2048	0,1465	0,1376	3470	2399	1071
L05638	1	-46,6330906	-23,4915684	3666	0,0273	0,0459	6121	4251	1870
L05644	3	-46,7293968	-23,5276493	3559	0,0843	0,1376	5915	4024	1891
L05645	5	-46,7037676	-23,5217140	2362	0,2117	0,2294	4257	2725	1532
L05646	1	-46,7000457	-23,5224777	2592	0,0386	0,0459	4343	2970	1373
L05648	2	-46,7032968	-23,5283085	4170	0,048	0,0917	7531	4847	2684
L05649	2	-46,7178181	-23,5361638	1874	0,1067	0,0917	2784	2102	682
L05652	1	-46,7154710	-23,5098656	794	0,1259	0,0459	1292	929	363
L05654	2	-46,7056393	-23,5213772	2148	0,0931	0,0917	4003	2538	1465
L05656	4	-46,7433720	-23,4969505	2765	0,1447	0,1835	4919	3437	1482
L05658	4	-46,7052733	-23,5150700	2442	0,1638	0,1835	4469	2893	1576
L05661	1	-46,7443554	-23,5048937	2325	0,043	0,0459	4192	2863	1329
L05663	3	-46,7053463	-23,5246614	2188	0,1371	0,1376	4237	2584	1653
L05666	2	-46,7036723	-23,5400795	2096	0,0954	0,0917	3593	2404	1189
L05667	1	-46,6875289	-23,5240849	2857	0,035	0,0459	4734	3347	1387
L05668	1	-46,7212419	-23,5119029	1112	0,0899	0,0459	2192	1343	849
L05670	2	-46,7041160	-23,5315757	2953	0,0677	0,0917	5089	3434	1655
L05671	1	-46,7382418	-23,4999018	2364	0,0423	0,0459	4244	2840	1404
L05673	1	-46,7244140	-23,5363009	2278	0,0439	0,0459	4168	2682	1486
L05675	3	-46,7468883	-23,4900910	2971	0,101	0,1376	5066	3751	1315
L05678	5	-46,7498669	-23,4969079	2593	0,1928	0,2294	4758	3251	1507
L05681	1	-46,6949470	-23,5283220	1938	0,0516	0,0459	3100	2183	917
L05682	1	-46,7500222	-23,4964512	535	0,1869	0,0459	919	650	269
L05685	2	-46,7053660	-23,5158470	812	0,2463	0,0917	1357	974	383
L05687	1	-46,7293085	-23,5091600	847	0,1181	0,0459	1262	988	274
L05690	1	-46,7375360	-23,4985190	1175	0,0851	0,0459	1781	1384	397
L05691	1	-46,7186092	-23,5246136	1648	0,0607	0,0459	2675	1868	807
L05696	1	-46,6826600	-23,5737124	2813	0,0355	0,0459	4397	3021	1376
L05697	3	-46,6950038	-23,5603746	3405	0,0881	0,1376	5468	3675	1793
L05699	1	-46,7009593	-23,5471309	1742	0,0574	0,0459	2791	1881	910
L05700	1	-46,7170159	-23,5510140	4888	0,0205	0,0459	7257	5167	2090
L05715	1	-46,6918510	-23,5514540	1237	0,0808	0,0459	1953	1335	618
L05717	1	-46,6818722	-23,5560723	2822	0,0354	0,0459	4697	3062	1635
L05718	1	-46,6823120	-23,5625230	2934	0,0341	0,0459	4770	3236	1534
L05731	2	-46,5285678	-23,5250739	3128	0,0639	0,0917	5872	3858	2014
L05749	1	-46,5657556	-23,5447205	2552	0,0392	0,0459	4152	3034	1118
L05761	2	-46,5547639	-23,5507972	2499	0,08	0,0917	4611	3030	1581
L05763	1	-46,5178296	-23,5802614	2728	0,0367	0,0459	4620	3507	1113
L05773	1	-46,5660691	-23,5558508	2623	0,0381	0,0459	4486	3058	1428
L05782	1	-46,5454070	-23,5485123	1497	0,0668	0,0459	2866	1877	989
L05784	1	-46,5810636	-23,5390713	1123	0,089	0,0459	1806	1332	474
L05795	1	-46,5630428	-23,5455348	2537	0,0394	0,0459	4283	2957	1326
L05796	1	-46,5581932	-23,5503944	4508	0,0222	0,0459	6964	5342	1622
L05800	1	-46,6048519	-23,5043234	2579	0,0388	0,0459	4629	3241	1388
L05802	1	-46,6013419	-23,5076564	3312	0,0302	0,0459	6027	4063	1964
L05807	2	-46,5779360	-23,5053673	3549	0,0564	0,0917	6465	4410	2055
L05812	1	-46,5733059	-23,5126116	2290	0,0437	0,0459	4034	2934	1100
L05815	2	-46,5904721	-23,5159874	2393	0,0836	0,0917	4362	2917	1445
L05816	1	-46,5824545	-23,5151915	4574	0,0219	0,0459	8444	5563	2881
L05823	1	-46,5847505	-23,5062429	2469	0,0405	0,0459	4405	3039	1366
L05832	1	-46,5754788	-23,5000239	1037	0,0964	0,0459	1570	1248	322
L05834	1	-46,5964032	-23,5194682	1589	0,0629	0,0459	2795	1963	832
L05840	1	-46,6572517	-23,5114641	1179	0,0848	0,0459	1961	1422	539
L05843	5	-46,6732228	-23,5017435	1901	0,263	0,2294	3104	2323	781
L05845	7	-46,6748489	-23,4996347	2821	0,2481	0,3211	4345	3361	984
L05846	9	-46,6811823	-23,4913790	3097	0,2906	0,4128	5454	4068	1386
L05847	2	-46,6551176	-23,4983123	3654	0,0547	0,0917	6457	4489	1968
L05848	3	-46,6506305	-23,5026837	3720	0,0806	0,1376	6771	4492	2279
L05850	4	-46,6672729	-23,4955761	2587	0,1546	0,1835	4487	3234	1253
L05851	1	-46,6632938	-23,5087770	4242	0,0236	0,0459	7237	4966	2271
L05852	9	-46,6754529	-23,4902989	2604	0,3456	0,4128	4917	3236	1681
L05853	4	-46,6576552	-23,4676225	2016	0,1984	0,1835	3658	2494	1164
L05854	13	-46,6559225	-23,4706050	3589	0,3622	0,5963	6533	4491	2042
L05856	3	-46,6576980	-23,5105636	3626	0,0827	0,1376	6816	4472	2344
L05857	2	-46,6610100	-23,4937600	3204	0,0624	0,0917	6028	4077	1951
L05858	1	-46,6602290	-23,5040336	1694	0,059	0,0459	3175	2048	1127
L05859	7	-46,6755514	-23,4980697	2950	0,2373	0,3211	5525	3700	1825
L05860	33	-46,6806536	-23,4985927	2933	1,1251	1,5138	5335	3608	1727
L05861	5	-46,6633902	-23,4700233	2413	0,2072	0,2294	4175	2930	1245
L05862	36	-46,6805862	-23,5028507	5531	0,6509	1,6514	9763	6800	2963
L05864	1	-46,6729030	-23,5109220	2299	0,0435	0,0459	4247	2858	1389
L05866	3	-46,6545707	-23,4916062	2697	0,1112	0,1376	4880	3285	1595
L05868	5	-46,6710286	-23,4857719	2636	0,1897	0,2294	4932	3370	1562
L05869	2	-46,6506816	-23,5123597	1285	0,1556	0,0917	2257	1556	701
L05870	1	-46,6722354	-23,4967228	2389	0,0419	0,0459	4246	3161	1085
L05872	3	-46,6618430	-23,4656280	2879	0,1042	0,1376	4826	3497	1329
L05873	6	-46,6545485	-23,4716736	1878	0,3195	0,2752	2977	2288	689
L05874	5	-46,6665068	-23,4702189	3203	0,1561	0,2294	5602	3899	1703
L05877	1	-46,6612422	-23,4986956	1596	0,0627	0,0459	2824	1983	841
L05878	3	-46,6724956	-23,5102380	1331	0,2254	0,1376	2224	1674	550
L05879	1	-46,6100888	-23,4531726	1472	0,0679	0,0459	2453	1731	722
L05882	3	-46,6215526	-23,4621730	2370	0,1266	0,1376	3968	2787	1181
L05883	5	-46,6071629	-23,4804948	2403	0,2081	0,2294	4353	2845	1508
L05885	1	-46,6064554	-23,4772146	3669	0,0273	0,0459	6325	4434	1891
L05887	1	-46,6220405	-23,4613396	2348	0,0426	0,0459	4444	2795	1649
L05889	1	-46,6306396	-23,4568482	2624	0,0381	0,0459	4737	3252	1485
L05892	2	-46,6200080	-23,4826288	3225	0,062	0,0917	5990	3879	2111
L05899	1	-46,6056454	-23,4658408	3170	0,0315	0,0459	5858	3789	2069
L05901	1	-46,6114391	-23,4769661	1848	0,0541	0,0459	3409	2201	1208
L05906	2	-46,6048700	-23,4811680	2460	0,0813	0,0917	4808	3065	1743
L05913	1	-46,6248203	-23,4576182	3097	0,0323	0,0459	5869	3776	2093
L05917	1	-46,5967409	-23,4660680	1177	0,085	0,0459	1931	1452	479
L05924	1	-46,5604307	-23,5979220	3363	0,0297	0,0459	5863	4288	1575
L05930	2	-46,5620004	-23,5788819	2521	0,0793	0,0917	4889	3094	1795
L05936	1	-46,5703839	-23,5879450	1764	0,0567	0,0459	2906	2096	810
L05939	1	-46,5882111	-23,5851502	2486	0,0402	0,0459	4230	2908	1322
L05941	1	-46,5887796	-23,5755336	1948	0,0513	0,0459	3574	2324	1250
L05949	1	-46,5838544	-23,5814914	2972	0,0336	0,0459	5338	3529	1809
L05954	1	-46,5808524	-23,5927084	2296	0,0436	0,0459	3895	2825	1070
L05957	2	-46,5450386	-23,5985655	1975	0,1013	0,0917	3567	2479	1088
L05958	1	-46,5654838	-23,5972434	2924	0,0342	0,0459	5305	3683	1622
L05959	1	-46,5810310	-23,5900310	2339	0,0428	0,0459	4164	2855	1309
L05963	1	-46,5786516	-23,5835336	1407	0,0711	0,0459	2348	1677	671
L05966	1	-46,6599239	-23,6127900	4523	0,0221	0,0459	8055	5113	2942
L05969	1	-46,6882980	-23,6116910	2974	0,0336	0,0459	5627	3387	2240
L05975	1	-46,6709636	-23,6171214	2324	0,043	0,0459	3817	2641	1176
L05982	2	-46,6821455	-23,6155051	5201	0,0385	0,0917	8875	5878	2997
L05983	2	-46,6510975	-23,6123036	3947	0,0507	0,0917	7274	4497	2777
L05984	1	-46,6639945	-23,6440840	2592	0,0386	0,0459	4500	3040	1460
L05989	4	-46,6718044	-23,6208493	3539	0,113	0,1835	6412	4051	2361
L05993	1	-46,6505677	-23,6188035	2451	0,0408	0,0459	3798	2806	992
L06000	1	-46,6362275	-23,5988254	5755	0,0174	0,0459	9671	6446	3225
L06001	2	-46,6367820	-23,6023840	4353	0,0459	0,0917	7231	4917	2314
L06004	1	-46,6210529	-23,6057597	883	0,1133	0,0459	1335	1043	292
L06006	1	-46,6360133	-23,6258929	2395	0,0418	0,0459	4157	2791	1366
L06009	1	-46,6344182	-23,5944514	2798	0,0357	0,0459	4833	3210	1623
L06011	1	-46,6255542	-23,6092089	2648	0,0378	0,0459	4891	3146	1745
L06016	1	-46,6492475	-23,5982808	2316	0,0432	0,0459	4108	2664	1444
L06017	1	-46,6348198	-23,6125399	2346	0,0426	0,0459	4142	2720	1422
L06018	1	-46,6298110	-23,6205725	1948	0,0513	0,0459	3275	2387	888
L06019	1	-46,6449004	-23,6103211	2557	0,0391	0,0459	4643	2988	1655
L06022	4	-46,6399802	-23,6207015	7560	0,0529	0,1835	11823	8719	3104
L06031	1	-46,5834188	-23,6215419	2911	0,0344	0,0459	5114	3726	1388
L06034	1	-46,5919260	-23,6218968	1852	0,054	0,0459	3149	2340	809
L06046	1	-46,5830025	-23,6226329	2716	0,0368	0,0459	4830	3455	1375
L06047	2	-46,5866191	-23,6277500	3027	0,0661	0,0917	5754	3872	1882
L06050	2	-46,5889064	-23,6343276	2672	0,0749	0,0917	4589	3469	1120
L06054	2	-46,6080780	-23,6028560	3098	0,0646	0,0917	5810	3763	2047
L06062	1	-46,5863383	-23,6186398	3309	0,0302	0,0459	5473	4075	1398
L06065	1	-46,6119497	-23,5892321	3011	0,0332	0,0459	5516	3638	1878
L06670	1	-46,6957864	-23,7324947	2610	0,0383	0,0459	4188	3289	899
L07575	1	-46,6365200	-23,6320743	4017	0,0249	0,0459	7103	4799	2304
L07585	1	-46,6489412	-23,6630793	4484	0,0223	0,0459	7661	5544	2117
L07595	1	-46,6355606	-23,6678098	4296	0,0233	0,0459	7638	5546	2092
L07599	1	-46,6460240	-23,6525414	3198	0,0313	0,0459	5298	3899	1399
L07601	1	-46,6355606	-23,6678098	1988	0,0503	0,0459	3563	2572	991
L07660	8	-46,7286689	-23,4834509	3071	0,2605	0,367	5145	3881	1264
L07661	8	-46,7108413	-23,4971928	1645	0,4863	0,367	2799	2020	779
L07662	2	-46,7285530	-23,4946483	2295	0,0871	0,0917	3615	2730	885
L07663	2	-46,7465927	-23,4712764	2639	0,0758	0,0917	4854	3268	1586
L07664	1	-46,7296043	-23,4932746	3302	0,0303	0,0459	5686	4020	1666
L07665	4	-46,7094157	-23,5058535	1103	0,3626	0,1835	1815	1364	451
L07666	4	-46,7187075	-23,4795423	4684	0,0854	0,1835	9004	6008	2996
L07667	2	-46,7261678	-23,4829058	2616	0,0765	0,0917	4926	3233	1693
L07668	1	-46,7496458	-23,4783071	2726	0,0367	0,0459	4622	3476	1146
L07670	9	-46,7157223	-23,4910050	3437	0,2619	0,4128	6527	4354	2173
L07671	13	-46,7225558	-23,4963064	2986	0,4354	0,5963	5033	3579	1454
L07672	7	-46,7132794	-23,5018341	2276	0,3076	0,3211	4138	2805	1333
L07673	2	-46,7258835	-23,4822099	1763	0,1134	0,0917	3138	2256	882
L07674	2	-46,7340887	-23,4861415	1145	0,1747	0,0917	1962	1407	555
L07675	2	-46,7341179	-23,4868877	2381	0,084	0,0917	4269	2907	1362
L07676	29	-46,7132969	-23,4942851	2690	1,0781	1,3303	5011	3334	1677
L07677	8	-46,7174065	-23,4896350	2905	0,2754	0,367	5357	3563	1794
L07678	3	-46,7265335	-23,4891389	1972	0,1521	0,1376	3537	2347	1190
L07679	1	-46,7399355	-23,4854976	1669	0,0599	0,0459	2714	2024	690
L07680	3	-46,7195562	-23,4798197	961	0,3122	0,1376	1641	1213	428
L07681	5	-46,7278522	-23,4974960	3589	0,1393	0,2294	6232	4432	1800
L07691	1	-46,4782924	-23,4882415	2673	0,0374	0,0459	4549	3394	1155
L07699	1	-46,4816039	-23,4998180	2953	0,0339	0,0459	5279	3696	1583
L07715	22	-46,7054395	-23,4973447	1332	1,6517	1,0092	2162	1641	521
L07716	15	-46,6940451	-23,4986203	1924	0,7796	0,6881	3114	2268	846
L07717	24	-46,6977498	-23,4953639	1623	1,4787	1,1009	2803	2006	797
L07718	15	-46,6987243	-23,4958644	1305	1,1494	0,6881	2151	1595	556
L07719	5	-46,7107558	-23,4817647	814	0,6143	0,2294	1337	1027	310
L07720	49	-46,6906776	-23,4886152	2477	1,9782	2,2477	4263	2952	1311
L07721	22	-46,7021950	-23,4842550	3320	0,6627	1,0092	6150	4149	2001
L07722	3	-46,7100048	-23,4798680	2502	0,1199	0,1376	4590	3267	1323
L07723	4	-46,7155090	-23,4737413	2363	0,1693	0,1835	4249	3098	1151
L07724	14	-46,7078711	-23,4942478	2028	0,6903	0,6422	3798	2545	1253
L07725	1	-46,7203590	-23,4728158	1930	0,0518	0,0459	3380	2566	814
L07726	31	-46,6978976	-23,4998743	2271	1,365	1,422	4256	2757	1499
L07727	34	-46,6972109	-23,4923489	2499	1,3605	1,5596	4705	3018	1687
L07728	20	-46,6928374	-23,5037339	1919	1,0422	0,9174	3660	2388	1272
L07729	39	-46,7028160	-23,4979150	3736	1,0439	1,789	6670	4600	2070
L07730	4	-46,7196553	-23,4675600	2010	0,199	0,1835	3558	2712	846
L07731	46	-46,6997557	-23,4958002	3556	1,2936	2,1101	6178	4337	1841
L07732	43	-46,6916354	-23,4865099	2408	1,7857	1,9725	4588	2950	1638
L07733	6	-46,7048817	-23,4913894	2387	0,2514	0,2752	4271	2986	1285
L07734	18	-46,7077799	-23,4872710	2185	0,8238	0,8257	3723	2810	913
L07735	1	-46,7091202	-23,4695490	971	0,103	0,0459	1667	1276	391
L07736	9	-46,6899944	-23,4971911	1941	0,4637	0,4128	3393	2305	1088
L07737	13	-46,6860439	-23,4985664	2566	0,5066	0,5963	4751	3195	1556
L07738	4	-46,7064209	-23,4786059	2105	0,19	0,1835	3957	2729	1228
L07739	9	-46,7128806	-23,4857983	3106	0,2898	0,4128	5261	3930	1331
L07740	3	-46,7034770	-23,4827190	166	1,8072	0,1376	263	201	62
L07741	49	-46,6915530	-23,4896820	2900	1,6897	2,2477	4958	3548	1410
L07742	16	-46,7004116	-23,5041947	1512	1,0582	0,7339	2764	1873	891
L07743	1	-46,7214900	-23,4681351	742	0,1348	0,0459	1290	983	307
L07744	1	-46,7099716	-23,4738143	510	0,1961	0,0459	873	675	198
L07745	2	-46,7009225	-23,4890145	828	0,2415	0,0917	1398	1020	378
L07746	12	-46,6942692	-23,4998988	1098	1,0929	0,5505	1786	1314	472
L07747	5	-46,6864477	-23,4984882	854	0,5855	0,2294	1465	1082	383
L07748	6	-46,7035579	-23,4832109	1227	0,489	0,2752	2074	1563	511
L07749	8	-46,6918357	-23,4979540	547	1,4625	0,367	863	658	205
L07750	1	-46,7708337	-23,6299871	13605	0,0074	0,0459	25821	17652	8169
L07751	1	-46,7857380	-23,6492250	2439	0,041	0,0459	4196	3122	1074
L07752	1	-46,7562863	-23,6156016	3810	0,0262	0,0459	6732	4937	1795
L07762	1	-46,7860069	-23,6438270	3683	0,0272	0,0459	6454	4825	1629
L07765	2	-46,7497115	-23,6403144	4495	0,0445	0,0917	7813	5662	2151
L07767	1	-46,7490615	-23,6345587	3174	0,0315	0,0459	5702	4133	1569
L07773	1	-46,7538973	-23,6349349	4025	0,0248	0,0459	6657	5039	1618
L07774	1	-46,7498755	-23,6363346	2769	0,0361	0,0459	4952	3627	1325
L08186	1	-46,7043257	-23,6097843	2189	0,0457	0,0459	3576	2546	1030
L08188	3	-46,7165770	-23,5900570	2517	0,1192	0,1376	3979	2849	1130
L08189	1	-46,7439953	-23,5966397	2735	0,0366	0,0459	4371	3211	1160
L08193	1	-46,7073893	-23,5739269	1438	0,0695	0,0459	2590	1633	957
L08194	1	-46,7194106	-23,5935367	4012	0,0249	0,0459	6747	4420	2327
L08195	3	-46,7277361	-23,6045363	3437	0,0873	0,1376	5923	4007	1916
L08199	1	-46,7202481	-23,5763764	1751	0,0571	0,0459	3121	1996	1125
L08211	1	-46,7570506	-23,5977877	2938	0,034	0,0459	5449	3746	1703
L08212	1	-46,7546852	-23,5949824	2625	0,0381	0,0459	4694	3368	1326
L08219	1	-46,6985844	-23,5862008	2637	0,0379	0,0459	4368	2905	1463
L08266	1	-46,5492719	-23,5643080	3744	0,0267	0,0459	6474	4613	1861
L08268	1	-46,5382964	-23,5663555	2910	0,0344	0,0459	5207	3628	1579
L08270	1	-46,5267515	-23,5750205	769	0,13	0,0459	1358	1007	351
L08272	2	-46,5288323	-23,5727122	2238	0,0894	0,0917	4229	2897	1332
L08276	6	-46,5458952	-23,5550134	2003	0,2996	0,2752	3017	2414	603
L08280	2	-46,5272729	-23,5842759	3215	0,0622	0,0917	5879	4206	1673
L08290	1	-46,5242645	-23,5744660	1705	0,0587	0,0459	2898	2194	704
L08293	1	-46,6083813	-23,4903083	2174	0,046	0,0459	3215	2572	643
L08297	2	-46,5922270	-23,4778802	3114	0,0642	0,0917	5691	3862	1829
L08304	1	-46,5865198	-23,4701787	2754	0,0363	0,0459	5084	3408	1676
L08308	1	-46,5845419	-23,4570823	3848	0,026	0,0459	7444	5062	2382
L08309	1	-46,5870109	-23,4731635	2255	0,0443	0,0459	4250	2778	1472
L08320	2	-46,5866345	-23,4663679	2991	0,0669	0,0917	5086	3758	1328
L08321	1	-46,6023221	-23,4823452	4184	0,0239	0,0459	7555	5096	2459
L08334	1	-46,5237361	-23,5957342	4037	0,0248	0,0459	7533	5184	2349
L08336	1	-46,5384444	-23,6045283	3264	0,0306	0,0459	5992	4063	1929
L08343	1	-46,5377963	-23,5816242	3112	0,0321	0,0459	5858	3912	1946
L08344	1	-46,5190849	-23,6068070	2708	0,0369	0,0459	4764	3597	1167
L08351	1	-46,5255369	-23,5976545	4099	0,0244	0,0459	7280	5240	2040
L08373	1	-46,6423561	-23,6824358	4047	0,0247	0,0459	7666	5249	2417
L08380	1	-46,3955110	-23,5079850	4070	0,0246	0,0459	7143	5356	1787
L08408	1	-46,3900305	-23,4923096	2762	0,0362	0,0459	5089	3777	1312
L08426	1	-46,4008912	-23,5381934	3356	0,0298	0,0459	6116	4546	1570
L08436	1	-46,4107031	-23,5355506	3955	0,0253	0,0459	7305	5186	2119
L08441	1	-46,3973726	-23,5355326	2439	0,041	0,0459	4306	3101	1205
L08442	5	-46,3994934	-23,5325352	3824	0,1308	0,2294	7163	5062	2101
L08465	1	-46,3996730	-23,5530710	631	0,1585	0,0459	1150	856	294
L08847	1	-46,7045504	-23,7542184	5925	0,0169	0,0459	10150	7592	2558
L08852	3	-46,7044580	-23,7593862	2527	0,1187	0,1376	4290	3181	1109
L08909	1	-46,7343899	-23,6780392	4253	0,0235	0,0459	6926	5231	1695
L08933	1	-46,7407017	-23,6677721	3280	0,0305	0,0459	5502	4064	1438
L08942	1	-46,7709966	-23,6560362	1558	0,0642	0,0459	2772	2007	765
L08943	2	-46,7619149	-23,6635947	1581	0,1265	0,0917	2777	2012	765
L08945	1	-46,7595495	-23,6741975	3422	0,0292	0,0459	5713	4273	1440
L08966	2	-46,7572762	-23,5556762	1085	0,1843	0,0917	1615	1252	363
L08968	1	-46,7447610	-23,5760330	1178	0,0849	0,0459	1982	1438	544
L08969	1	-46,7387859	-23,5794283	2272	0,044	0,0459	3703	2689	1014
L08972	6	-46,7892721	-23,6004866	3302	0,1817	0,2752	5905	4260	1645
L08982	2	-46,7512554	-23,5452190	2973	0,0673	0,0917	5291	3603	1688
L08988	1	-46,7545127	-23,5689070	2999	0,0333	0,0459	5372	3588	1784
L08990	1	-46,7660251	-23,5891918	3308	0,0302	0,0459	5815	4319	1496
L08991	2	-46,7687542	-23,5959462	2154	0,0929	0,0917	3725	2823	902
L08997	2	-46,7980731	-23,5944710	1381	0,1448	0,0917	2493	1727	766
L09004	1	-46,7583340	-23,5575440	3682	0,0272	0,0459	5975	4245	1730
L09010	1	-46,7580485	-23,5857090	3186	0,0314	0,0459	6188	4045	2143
L09013	1	-46,7909036	-23,5841478	1364	0,0733	0,0459	2357	1795	562
L09014	1	-46,7728301	-23,5882790	1446	0,0692	0,0459	2514	1859	655
L09027	1	-46,7228401	-23,5715849	2029	0,0493	0,0459	3117	2297	820
L09093	3	-46,6891450	-23,4480420	1559	0,1924	0,1376	2715	1914	801
L09094	17	-46,7117310	-23,4620560	3852	0,4413	0,7798	7063	5062	2001
L09095	6	-46,6814668	-23,4770174	995	0,603	0,2752	1692	1272	420
L09096	82	-46,6919830	-23,4800350	2740	2,9927	3,7615	4783	3354	1429
L09097	7	-46,6833436	-23,4716951	3420	0,2047	0,3211	6292	4301	1991
L09098	6	-46,7030593	-23,4716926	3193	0,1879	0,2752	5790	3980	1810
L09099	9	-46,6998285	-23,4605103	2820	0,3191	0,4128	4930	3583	1347
L09100	35	-46,6986546	-23,4803642	3036	1,1528	1,6055	5415	3789	1626
L09102	30	-46,6877814	-23,4600022	3235	0,9274	1,3761	5834	4249	1585
L09103	9	-46,6729691	-23,4629576	3071	0,2931	0,4128	5490	4096	1394
L09104	4	-46,6738756	-23,4613197	2864	0,1397	0,1835	4912	3725	1187
L09105	12	-46,6983080	-23,4693623	4632	0,2591	0,5505	8469	5835	2634
L09106	2	-46,7001172	-23,4558324	1378	0,1451	0,0917	2670	1869	801
L09107	10	-46,6864059	-23,4697610	2203	0,4539	0,4587	4116	2829	1287
L09108	20	-46,6874952	-23,4598553	1493	1,3396	0,9174	2681	1920	761
L09109	8	-46,7072163	-23,4599973	3074	0,2602	0,367	5299	3983	1316
L09110	37	-46,6932484	-23,4764397	3726	0,993	1,6972	6985	4801	2184
L09111	5	-46,6780978	-23,4504874	2994	0,167	0,2294	5456	3938	1518
L09112	9	-46,6975146	-23,4687553	3273	0,275	0,4128	6109	4041	2068
L09113	25	-46,6882642	-23,4736711	3556	0,703	1,1468	6282	4605	1677
L09115	14	-46,7003948	-23,4748538	1533	0,9132	0,6422	2655	1984	671
L09116	25	-46,6837802	-23,4832228	2960	0,8446	1,1468	5049	3734	1315
L09117	9	-46,7020440	-23,4580940	3715	0,2423	0,4128	6828	4901	1927
L09118	21	-46,6795279	-23,4641832	7883	0,2664	0,9633	15183	10348	4835
L09119	4	-46,6862656	-23,4703417	2113	0,1893	0,1835	4014	2752	1262
L09120	5	-46,7026753	-23,4471028	1959	0,2552	0,2294	3520	2602	918
L09121	3	-46,6774616	-23,4736278	2374	0,1264	0,1376	4175	3125	1050
L09123	3	-46,6775348	-23,4595275	3138	0,0956	0,1376	5462	4143	1319
L09124	2	-46,6736651	-23,4709745	2675	0,0748	0,0917	4617	3454	1163
L09125	8	-46,6906963	-23,4692644	2790	0,2867	0,367	5131	3574	1557
L09126	14	-46,6908864	-23,4686604	3640	0,3846	0,6422	6924	4603	2321
L09127	8	-46,6881097	-23,4507951	3748	0,2134	0,367	6670	4918	1752
L09128	7	-46,6783972	-23,4823657	2002	0,3497	0,3211	3343	2538	805
L09129	36	-46,6940812	-23,4585925	3967	0,9075	1,6514	6922	5126	1796
L09130	8	-46,6766890	-23,4765394	2390	0,3347	0,367	4244	3085	1159
L09131	9	-46,6897540	-23,4625830	1174	0,7666	0,4128	2058	1546	512
L09132	3	-46,6750425	-23,4517869	1995	0,1504	0,1376	3463	2543	920
L09133	2	-46,7011104	-23,4695152	700	0,2857	0,0917	1136	907	229
L09134	2	-46,6848409	-23,4554709	3273	0,0611	0,0917	5723	4296	1427
L09135	62	-46,6875898	-23,4827743	3242	1,9124	2,844	6012	4001	2011
L09136	3	-46,7098867	-23,4618954	324	0,9259	0,1376	570	417	153
L09137	20	-46,6974031	-23,4623180	3119	0,6412	0,9174	5897	3958	1939
L09138	6	-46,6809709	-23,4669256	2642	0,2271	0,2752	4579	3416	1163
L09139	10	-46,6817321	-23,4657822	721	1,387	0,4587	1209	945	264
L09140	3	-46,6847958	-23,4501963	1360	0,2206	0,1376	2370	1722	648
L09141	1	-46,6997418	-23,4548467	672	0,1488	0,0459	1149	871	278
L09142	42	-46,6871539	-23,4821017	1630	2,5767	1,9266	2758	2043	715
L09143	2	-46,7028915	-23,4758818	987	0,2026	0,0917	1579	1208	371
L09144	4	-46,7035177	-23,4614133	1057	0,3784	0,1835	1938	1370	568
L09145	6	-46,6931880	-23,4731917	766	0,7833	0,2752	1379	986	393
L09146	13	-46,6902385	-23,4621836	572	2,2727	0,5963	1001	722	279
L09331	1	-46,7035072	-23,7651387	3604	0,0277	0,0459	6158	4583	1575
L09344	1	-46,6923854	-23,7664548	2534	0,0395	0,0459	4216	3211	1005
L09345	1	-46,7226984	-23,7765320	3746	0,0267	0,0459	6480	4713	1767
L09644	3	-46,7595246	-23,4046073	6764	0,0444	0,1376	12622	8645	3977
L09645	3	-46,7119327	-23,4419746	3269	0,0918	0,1376	5682	4161	1521
L09647	2	-46,7170362	-23,4446937	2209	0,0905	0,0917	3864	2823	1041
L09648	3	-46,7176648	-23,4359306	3664	0,0819	0,1376	6857	4617	2240
L09650	6	-46,7167070	-23,4450305	2708	0,2216	0,2752	4712	3446	1266
L09653	3	-46,7571522	-23,4107543	2816	0,1065	0,1376	5154	3588	1566
L09656	7	-46,7076665	-23,4422276	2819	0,2483	0,3211	4709	3625	1084
L09657	1	-46,7266588	-23,4265393	2406	0,0416	0,0459	4002	3119	883
L09658	3	-46,7152386	-23,4611086	331	0,9063	0,1376	675	449	226
L09659	7	-46,7160862	-23,4514401	2588	0,2705	0,3211	4894	3251	1643
L09660	1	-46,7415768	-23,4083171	2643	0,0378	0,0459	4472	3454	1018
L09661	2	-46,7122032	-23,4487517	1353	0,1478	0,0917	2268	1720	548
L09662	1	-46,7924236	-23,4385264	1718	0,0582	0,0459	2807	2152	655
L09664	1	-46,7473147	-23,4131502	2105	0,0475	0,0459	3471	2666	805
L09666	1	-46,7516173	-23,3995291	2810	0,0356	0,0459	4777	3531	1246
L09668	1	-46,7091840	-23,4464830	1307	0,0765	0,0459	2147	1657	490
L09671	10	-46,7508213	-23,4136565	4987	0,2005	0,4587	8189	6303	1886
L09673	2	-46,7384315	-23,4028665	2893	0,0691	0,0917	5072	3732	1340
L09675	2	-46,7080670	-23,4494150	1143	0,175	0,0917	1981	1479	502
L09677	3	-46,7928284	-23,4298912	2395	0,1253	0,1376	3987	2948	1039
L09678	4	-46,7174060	-23,4409910	1966	0,2035	0,1835	3436	2563	873
L09680	1	-46,7192925	-23,4350205	2678	0,0373	0,0459	4924	3572	1352
L09686	3	-46,7483690	-23,4177540	1820	0,1648	0,1376	3403	2398	1005
L09687	1	-46,7169255	-23,4553166	2697	0,0371	0,0459	4650	3488	1162
L09688	2	-46,7166746	-23,4347728	1683	0,1188	0,0917	2857	2153	704
L09689	2	-46,7158906	-23,4457294	1488	0,1344	0,0917	2548	1885	663
L09712	1	-46,5312644	-23,5048651	2786	0,0359	0,0459	5242	3698	1544
L09713	1	-46,5202416	-23,5000815	2013	0,0497	0,0459	3488	2617	871
L09765	1	-46,4693922	-23,5224683	3655	0,0274	0,0459	6254	4742	1512
L09767	1	-46,5095837	-23,5191133	2136	0,0468	0,0459	3746	2741	1005
L09772	1	-46,4729202	-23,5342395	2773	0,0361	0,0459	4787	3486	1301
L09776	1	-46,4755638	-23,5306278	1099	0,091	0,0459	1825	1398	427
L09780	3	-46,4939673	-23,5195032	2596	0,1156	0,1376	4433	3417	1016
L09966	1	-46,4707463	-23,5183632	1412	0,0708	0,0459	2465	1865	600
L10131	2	-46,7422200	-23,4556679	1679	0,1191	0,0917	2902	2091	811
L10132	1	-46,7445881	-23,4500351	3272	0,0306	0,0459	5780	4132	1648
L10133	3	-46,7369336	-23,4466755	2437	0,1231	0,1376	3928	3008	920
L10134	3	-46,7361616	-23,4500614	2869	0,1046	0,1376	5129	3556	1573
L10135	5	-46,7502212	-23,4398778	2289	0,2184	0,2294	3989	2990	999
L10138	2	-46,7498728	-23,4458752	1878	0,1065	0,0917	3193	2426	767
L10139	3	-46,7581248	-23,4814649	2609	0,115	0,1376	4345	3256	1089
L10142	1	-46,7493180	-23,4872341	3224	0,031	0,0459	6110	4046	2064
L10143	2	-46,7327693	-23,4440969	2479	0,0807	0,0917	4439	3210	1229
L10144	3	-46,7399232	-23,4365548	2333	0,1286	0,1376	3666	2924	742
L10145	1	-46,7525083	-23,4519450	1441	0,0694	0,0459	2514	1880	634
L10146	4	-46,7518624	-23,4341802	2704	0,1479	0,1835	4539	3584	955
L10147	2	-46,7433597	-23,4559128	2088	0,0958	0,0917	3915	2589	1326
L10149	4	-46,7466848	-23,4441827	3405	0,1175	0,1835	5816	4442	1374
L10151	4	-46,7566652	-23,4897825	2092	0,1912	0,1835	3515	2634	881
L10152	4	-46,7319051	-23,4391779	3819	0,1047	0,1835	6289	4770	1519
L10155	4	-46,7295407	-23,4509098	1159	0,3451	0,1835	2001	1487	514
L10156	1	-46,7461969	-23,4530448	960	0,1042	0,0459	1618	1224	394
L10157	1	-46,4337506	-23,6070194	2460	0,0407	0,0459	4455	3157	1298
L10169	2	-46,4441227	-23,5965195	3830	0,0522	0,0917	6692	4988	1704
L10171	1	-46,3962457	-23,5991319	1706	0,0586	0,0459	2893	2180	713
L10172	1	-46,3911438	-23,5781477	2553	0,0392	0,0459	4332	3191	1141
L10179	6	-46,3916580	-23,5781044	2563	0,2341	0,2752	4718	3343	1375
L10210	1	-46,4355290	-23,5413160	4313	0,0232	0,0459	7351	5434	1917
L10212	2	-46,4277510	-23,5498460	3585	0,0558	0,0917	6336	4627	1709
L10217	1	-46,4293241	-23,5467063	3148	0,0318	0,0459	5968	4010	1958
L10314	1	-46,7374229	-23,6602461	3948	0,0253	0,0459	6700	4839	1861
L10316	1	-46,7406208	-23,6440978	2363	0,0423	0,0459	4428	2886	1542
L10319	1	-46,7322309	-23,6212240	7028	0,0142	0,0459	12398	8767	3631
L10329	1	-46,7515285	-23,6467951	3583	0,0279	0,0459	6346	4335	2011
L10330	1	-46,7277244	-23,6232924	3496	0,0286	0,0459	6463	4523	1940
L10495	1	-46,6042777	-23,6188105	1662	0,0602	0,0459	2687	1983	704
L10500	1	-46,6198639	-23,6259356	4553	0,022	0,0459	8580	5593	2987
L10511	3	-46,5988854	-23,6473033	3074	0,0976	0,1376	4952	3868	1084
L10518	1	-46,6185590	-23,6207827	1571	0,0637	0,0459	2530	1910	620
L10610	1	-46,4812016	-23,5483731	3878	0,0258	0,0459	6716	5098	1618
L10620	1	-46,4864496	-23,5496384	3089	0,0324	0,0459	5680	3970	1710
L10632	1	-46,4857928	-23,5493032	1457	0,0686	0,0459	2432	1835	597
L10645	2	-46,6362933	-23,7001858	2822	0,0709	0,0917	5118	3730	1388
L10648	1	-46,6336174	-23,7033308	3476	0,0288	0,0459	6288	4717	1571
L10735	1	-46,5734783	-23,4926878	3047	0,0328	0,0459	5191	3808	1383
L10759	2	-46,5020070	-23,6161748	3261	0,0613	0,0917	6105	4125	1980
L10770	4	-46,6497888	-23,4836075	744	0,5376	0,1835	1223	930	293
L10772	1	-46,6412490	-23,4854900	1860	0,0538	0,0459	2866	2221	645
L10774	1	-46,6386490	-23,4679230	2796	0,0358	0,0459	4464	3356	1108
L10777	3	-46,6334518	-23,4764864	2961	0,1013	0,1376	5466	3552	1914
L10778	3	-46,6714017	-23,4574567	4417	0,0679	0,1376	7852	5784	2068
L10780	2	-46,6459828	-23,4561450	2090	0,0957	0,0917	3524	2632	892
L10781	5	-46,6492631	-23,4694520	4305	0,1161	0,2294	7868	5458	2410
L10782	2	-46,6285532	-23,4710309	2053	0,0974	0,0917	3411	2494	917
L10783	1	-46,6504436	-23,4737052	1529	0,0654	0,0459	2559	1936	623
L10784	4	-46,6538036	-23,4559206	2010	0,199	0,1835	3602	2586	1016
L10785	1	-46,6647421	-23,4572438	3367	0,0297	0,0459	6195	4418	1777
L10786	2	-46,6509458	-23,4833087	1389	0,144	0,0917	2199	1761	438
L10787	5	-46,6597938	-23,4579944	3590	0,1393	0,2294	6710	4563	2147
L10788	4	-46,6521748	-23,4881391	2843	0,1407	0,1835	5381	3583	1798
L10789	1	-46,6351309	-23,4713832	3445	0,029	0,0459	6308	4270	2038
L10790	5	-46,6685780	-23,4641456	1708	0,2927	0,2294	2905	2222	683
L10791	1	-46,6510885	-23,4620515	3736	0,0268	0,0459	6918	4639	2279
L10792	3	-46,6392692	-23,4685393	2749	0,1091	0,1376	4914	3299	1615
L10793	1	-46,6540520	-23,4791841	2694	0,0371	0,0459	4415	3409	1006
L10796	6	-46,6434663	-23,4580215	2754	0,2179	0,2752	4853	3483	1370
L10799	1	-46,6467390	-23,4772016	1155	0,0866	0,0459	1950	1447	503
L10800	1	-46,6567210	-23,4547987	1092	0,0916	0,0459	1818	1377	441
L10801	1	-46,6641570	-23,4607210	1547	0,0646	0,0459	2618	2063	555
L10803	1	-46,6313732	-23,4672637	1642	0,0609	0,0459	2751	2004	747
