cod_local	QT_VOTOS	longitude	latitude	LOC_VALID	%_LOC_V	%_CAND	QT_APTOS	QT_COMPARECIMENTO	QT_ABSTENCOES
L00027	1	-46,6368084	-23,5498480	2635	0,038	0,2309	5430	3072	2358
L00055	1	-46,6566164	-23,5307137	5271	0,019	0,2309	9323	6035	3288
L00057	1	-46,6510689	-23,5302066	2410	0,0415	0,2309	4093	2814	1279
L00064	1	-46,6278434	-23,5475185	2980	0,0336	0,2309	5641	3584	2057
L00075	1	-46,6325856	-23,5295792	4103	0,0244	0,2309	8045	4955	3090
L00090	1	-46,5652413	-23,5675233	2503	0,04	0,2309	4461	3203	1258
L00106	1	-46,5939719	-23,5375195	4328	0,0231	0,2309	6924	5149	1775
L00111	1	-46,6590182	-23,5634584	7550	0,0132	0,2309	13488	8273	5215
L00134	1	-46,6358455	-23,5895447	4856	0,0206	0,2309	8425	5454	2971
L00145	1	-46,6350220	-23,5881065	3012	0,0332	0,2309	5263	3410	1853
L05542	1	-46,7071520	-23,6499060	3093	0,0323	0,2309	5733	3640	2093
L05572	1	-46,4193422	-23,5228558	2139	0,0468	0,2309	3993	2664	1329
L05596	1	-46,4536228	-23,5552304	3671	0,0272	0,2309	6672	4852	1820
L05612	2	-46,6264879	-23,4763633	1123	0,1781	0,4619	2007	1430	577
L05617	1	-46,6180480	-23,4923992	3331	0,03	0,2309	5427	3880	1547
L05628	3	-46,6157633	-23,4933572	2589	0,1159	0,6928	4750	3013	1737
L05635	1	-46,6142540	-23,4901233	2048	0,0488	0,2309	3470	2399	1071
L05645	1	-46,7037676	-23,5217140	2362	0,0423	0,2309	4257	2725	1532
L05648	1	-46,7032968	-23,5283085	4170	0,024	0,2309	7531	4847	2684
L05681	1	-46,6949470	-23,5283220	1938	0,0516	0,2309	3100	2183	917
L05692	1	-46,7342495	-23,5279924	4939	0,0202	0,2309	7451	5535	1916
L05740	1	-46,5095310	-23,5250203	3929	0,0255	0,2309	7326	4889	2437
L05772	1	-46,5679267	-23,5325642	2271	0,044	0,2309	4284	2700	1584
L05797	1	-46,5602785	-23,5363132	5811	0,0172	0,2309	9848	6857	2991
L05798	2	-46,5834851	-23,5000601	913	0,2191	0,4619	1615	1122	493
L05802	1	-46,6013419	-23,5076564	3312	0,0302	0,2309	6027	4063	1964
L05804	17	-46,5729009	-23,5009851	2656	0,6401	3,9261	4990	3348	1642
L05805	1	-46,6019251	-23,4930215	3006	0,0333	0,2309	5399	3750	1649
L05806	2	-46,5685781	-23,5119963	4184	0,0478	0,4619	7823	5387	2436
L05807	10	-46,5779360	-23,5053673	3549	0,2818	2,3095	6465	4410	2055
L05808	2	-46,5892786	-23,5184715	2964	0,0675	0,4619	5799	3706	2093
L05818	1	-46,5907052	-23,5016081	2983	0,0335	0,2309	5429	3613	1816
L05819	9	-46,5825547	-23,5256742	2853	0,3155	2,0785	5154	3537	1617
L05820	6	-46,5663467	-23,5211065	3363	0,1784	1,3857	6296	4358	1938
L05821	2	-46,5830638	-23,5000382	2451	0,0816	0,4619	4154	2865	1289
L05822	22	-46,5755961	-23,5193541	2191	1,0041	5,0808	3907	2794	1113
L05823	1	-46,5847505	-23,5062429	2469	0,0405	0,2309	4405	3039	1366
L05826	18	-46,5569370	-23,5174260	1028	1,751	4,157	1887	1420	467
L05832	5	-46,5754788	-23,5000239	1037	0,4822	1,1547	1570	1248	322
L05838	2	-46,5930563	-23,5195686	3761	0,0532	0,4619	6624	4656	1968
L05849	2	-46,6657859	-23,4885740	3928	0,0509	0,4619	7229	4920	2309
L05855	2	-46,6512743	-23,4915758	3689	0,0542	0,4619	6598	4579	2019
L05858	2	-46,6602290	-23,5040336	1694	0,1181	0,4619	3175	2048	1127
L05862	1	-46,6805862	-23,5028507	5531	0,0181	0,2309	9763	6800	2963
L05866	1	-46,6545707	-23,4916062	2697	0,0371	0,2309	4880	3285	1595
L05867	1	-46,6611936	-23,4979397	2374	0,0421	0,2309	4516	2931	1585
L05883	2	-46,6071629	-23,4804948	2403	0,0832	0,4619	4353	2845	1508
L05886	1	-46,5974438	-23,4545847	4312	0,0232	0,2309	8140	5407	2733
L05892	1	-46,6200080	-23,4826288	3225	0,031	0,2309	5990	3879	2111
L05894	1	-46,6064995	-23,4765109	1719	0,0582	0,2309	2945	2156	789
L05895	1	-46,5968505	-23,4651601	3059	0,0327	0,2309	5869	3863	2006
L05901	1	-46,6114391	-23,4769661	1848	0,0541	0,2309	3409	2201	1208
L05902	1	-46,5890824	-23,4546164	3266	0,0306	0,2309	5800	4185	1615
L05906	1	-46,6048700	-23,4811680	2460	0,0407	0,2309	4808	3065	1743
L05912	1	-46,6031271	-23,4684303	2532	0,0395	0,2309	4589	3126	1463
L05950	1	-46,5543296	-23,5793590	3947	0,0253	0,2309	7538	4962	2576
L05962	1	-46,5476777	-23,5952842	1070	0,0935	0,2309	1786	1360	426
L06013	1	-46,6344010	-23,5954544	2340	0,0427	0,2309	4149	2692	1457
L06056	1	-46,6019600	-23,5909040	5133	0,0195	0,2309	9867	6305	3562
L06697	1	-46,6911449	-23,7072227	1123	0,089	0,2309	1800	1393	407
L07595	1	-46,6355606	-23,6678098	4296	0,0233	0,2309	7638	5546	2092
L07685	1	-46,4887224	-23,4892548	685	0,146	0,2309	1181	899	282
L07729	1	-46,7028160	-23,4979150	3736	0,0268	0,2309	6670	4600	2070
L08191	1	-46,7412727	-23,6104585	2419	0,0413	0,2309	3595	2771	824
L08226	1	-46,5156979	-23,5307305	1416	0,0706	0,2309	2280	1812	468
L08292	1	-46,5847312	-23,4571192	1974	0,0507	0,2309	3768	2560	1208
L08295	4	-46,5903643	-23,4794354	1163	0,3439	0,9238	1836	1454	382
L08296	1	-46,5867358	-23,4804731	3045	0,0328	0,2309	5362	3770	1592
L08300	1	-46,5778738	-23,4504834	1879	0,0532	0,2309	3503	2489	1014
L08301	1	-46,5806496	-23,4548081	4543	0,022	0,2309	8491	6011	2480
L08302	1	-46,5835571	-23,4654238	2768	0,0361	0,2309	5668	3556	2112
L08305	1	-46,5732891	-23,4514774	4266	0,0234	0,2309	8509	5988	2521
L08306	2	-46,5810523	-23,4735563	1953	0,1024	0,4619	3282	2468	814
L08311	1	-46,5815415	-23,4752510	2413	0,0414	0,2309	4364	2919	1445
L08314	1	-46,6000523	-23,4896398	3153	0,0317	0,2309	5703	3872	1831
L08318	1	-46,5839255	-23,4646554	989	0,1011	0,2309	1750	1236	514
L08374	1	-46,6583497	-23,6731895	2392	0,0418	0,2309	4435	3139	1296
L08405	1	-46,3718376	-23,5014239	2671	0,0374	0,2309	4809	3768	1041
L08413	1	-46,3937105	-23,5156176	1095	0,0913	0,2309	2083	1525	558
L08417	1	-46,3806444	-23,5150740	2751	0,0364	0,2309	4718	3665	1053
L08432	1	-46,4189254	-23,5384808	3214	0,0311	0,2309	5635	4179	1456
L08439	1	-46,4207673	-23,5460751	2866	0,0349	0,2309	5637	3838	1799
L08465	1	-46,3996730	-23,5530710	631	0,1585	0,2309	1150	856	294
L08870	1	-46,6818898	-23,7403681	3700	0,027	0,2309	6280	4769	1511
L08962	1	-46,7552312	-23,6597385	2495	0,0401	0,2309	4466	3243	1223
L09060	1	-46,4915612	-23,5952026	2836	0,0353	0,2309	5085	3699	1386
L09061	1	-46,4681630	-23,6266932	2245	0,0445	0,2309	4236	3031	1205
L09097	1	-46,6833436	-23,4716951	3420	0,0292	0,2309	6292	4301	1991
L09360	1	-46,7119437	-23,7376852	1979	0,0505	0,2309	3356	2393	963
L09365	1	-46,7247768	-23,8302856	2009	0,0498	0,2309	3395	2519	876
L09711	1	-46,5256831	-23,5120904	4021	0,0249	0,2309	7414	5163	2251
L09931	1	-46,4248518	-23,4746436	3594	0,0278	0,2309	5847	4535	1312
L09964	1	-46,4478293	-23,5112363	2288	0,0437	0,2309	3975	3015	960
L10148	1	-46,7311790	-23,4454790	2341	0,0427	0,2309	3944	2990	954
L10160	1	-46,3946292	-23,6013228	1030	0,0971	0,2309	1836	1330	506
L10174	1	-46,4394834	-23,5946999	2672	0,0374	0,2309	4565	3397	1168
L10177	1	-46,4190164	-23,6146521	2988	0,0335	0,2309	5509	4074	1435
L10190	1	-46,4063933	-23,5926393	3470	0,0288	0,2309	6064	4335	1729
L10200	1	-46,4077080	-23,5934470	2037	0,0491	0,2309	3462	2558	904
L10507	1	-46,6088981	-23,6130570	3204	0,0312	0,2309	5234	3891	1343
L10623	1	-46,4610673	-23,5638539	2685	0,0372	0,2309	4646	3537	1109
L10672	1	-46,6554638	-23,6936711	1054	0,0949	0,2309	1736	1348	388
L10713	15	-46,5785229	-23,4851103	1775	0,8451	3,4642	3031	2287	744
L10714	1	-46,5844229	-23,4895089	469	0,2132	0,2309	774	594	180
L10716	13	-46,5727801	-23,4924991	1031	1,2609	3,0023	1733	1305	428
L10717	2	-46,5630814	-23,4738195	2767	0,0723	0,4619	5120	3441	1679
L10719	7	-46,5812144	-23,4890395	2814	0,2488	1,6166	4897	3512	1385
L10720	7	-46,5857185	-23,4923051	2198	0,3185	1,6166	3984	2779	1205
L10721	2	-46,5753210	-23,4806909	3112	0,0643	0,4619	5709	3924	1785
L10722	1	-46,5624088	-23,4783293	2298	0,0435	0,2309	4490	2893	1597
L10723	3	-46,5874208	-23,4972108	3391	0,0885	0,6928	6308	4248	2060
L10724	3	-46,5897661	-23,4836253	3533	0,0849	0,6928	6457	4363	2094
L10725	20	-46,5743549	-23,4975157	1855	1,0782	4,6189	3076	2333	743
L10726	3	-46,5861292	-23,4922494	2903	0,1033	0,6928	5395	3706	1689
L10727	23	-46,5724481	-23,4898866	3376	0,6813	5,3118	6286	4313	1973
L10728	15	-46,5798590	-23,4856546	3035	0,4942	3,4642	5717	3858	1859
L10730	12	-46,5677498	-23,4890100	1919	0,6253	2,7714	3223	2470	753
L10731	8	-46,5732850	-23,4796325	3704	0,216	1,8476	7087	4869	2218
L10734	3	-46,5710103	-23,4865175	2594	0,1157	0,6928	4572	3267	1305
L10735	84	-46,5734783	-23,4926878	3047	2,7568	19,3995	5191	3808	1383
L10738	1	-46,5972000	-23,4951209	2600	0,0385	0,2309	4771	3258	1513
L10740	4	-46,5845600	-23,4797190	1829	0,2187	0,9238	3200	2370	830
L10744	1	-46,5101702	-23,6058819	5877	0,017	0,2309	10885	7744	3141
L10749	1	-46,5009514	-23,5953008	3234	0,0309	0,2309	5657	4320	1337
L10771	1	-46,6343175	-23,4756514	2471	0,0405	0,2309	3986	2974	1012
L10777	1	-46,6334518	-23,4764864	2961	0,0338	0,2309	5466	3552	1914
L10788	1	-46,6521748	-23,4881391	2843	0,0352	0,2309	5381	3583	1798
L10789	1	-46,6351309	-23,4713832	3445	0,029	0,2309	6308	4270	2038
L10794	1	-46,6467400	-23,4764270	3174	0,0315	0,2309	5910	4120	1790
L10796	1	-46,6434663	-23,4580215	2754	0,0363	0,2309	4853	3483	1370
