cod_local	QT_VOTOS	longitude	latitude	LOC_VALID	%_LOC_V	%_CAND	QT_APTOS	QT_COMPARECIMENTO	QT_ABSTENCOES
L00011	2	-46,6535747	-23,5498948	3808	0,0525	0,1647	7072	4407	2665
L00022	2	-46,6521240	-23,5458002	10350	0,0193	0,1647	18525	11583	6942
L00023	2	-46,6498912	-23,5493645	2834	0,0706	0,1647	4909	3201	1708
L00024	1	-46,6497533	-23,5485991	1896	0,0527	0,0824	3234	2130	1104
L00029	1	-46,6858903	-23,5271427	1846	0,0542	0,0824	2661	2067	594
L00030	2	-46,6716846	-23,5278546	4168	0,048	0,1647	8123	4653	3470
L00035	1	-46,6800459	-23,5481021	3932	0,0254	0,0824	6405	4313	2092
L00036	1	-46,6671104	-23,5303076	1611	0,0621	0,0824	3037	1845	1192
L00041	1	-46,6798996	-23,5306990	2132	0,0469	0,0824	3296	2395	901
L00045	1	-46,6523017	-23,5318175	2128	0,047	0,0824	3940	2485	1455
L00046	3	-46,6555734	-23,5283610	2335	0,1285	0,2471	4656	2795	1861
L00047	1	-46,6419486	-23,5325337	1033	0,0968	0,0824	1992	1229	763
L00048	2	-46,6841353	-23,5370181	2501	0,08	0,1647	3771	2812	959
L00049	3	-46,6806583	-23,5307166	4578	0,0655	0,2471	8065	5186	2879
L00050	3	-46,6531096	-23,5391595	3449	0,087	0,2471	6577	4007	2570
L00055	2	-46,6566164	-23,5307137	5271	0,0379	0,1647	9323	6035	3288
L00057	3	-46,6510689	-23,5302066	2410	0,1245	0,2471	4093	2814	1279
L00060	2	-46,6711550	-23,5381000	10857	0,0184	0,1647	17946	11853	6093
L00061	1	-46,6666956	-23,5298372	3408	0,0293	0,0824	6305	3946	2359
L00063	1	-46,6343483	-23,5436627	2624	0,0381	0,0824	5154	3085	2069
L00065	1	-46,6385252	-23,5376549	2229	0,0449	0,0824	4267	2744	1523
L00071	1	-46,6341197	-23,5306628	2982	0,0335	0,0824	5785	3615	2170
L00075	2	-46,6325856	-23,5295792	4103	0,0487	0,1647	8045	4955	3090
L00087	1	-46,5842762	-23,5514675	2993	0,0334	0,0824	5617	3662	1955
L00088	1	-46,6217269	-23,5533444	1019	0,0981	0,0824	1932	1238	694
L00094	1	-46,6214361	-23,5534993	2393	0,0418	0,0824	4753	2932	1821
L00110	1	-46,6602508	-23,5695486	2517	0,0397	0,0824	4741	2759	1982
L00111	1	-46,6590182	-23,5634584	7550	0,0132	0,0824	13488	8273	5215
L00143	1	-46,6414511	-23,5858080	2718	0,0368	0,0824	4786	3093	1693
L00146	1	-46,6223857	-23,5681693	2480	0,0403	0,0824	4585	2913	1672
L00149	1	-46,6300092	-23,5766639	1599	0,0625	0,0824	2985	1875	1110
L00152	1	-46,6459660	-23,5746810	3017	0,0331	0,0824	4888	3361	1527
L05538	1	-46,6809074	-23,6663068	3075	0,0325	0,0824	5073	3651	1422
L05554	1	-46,4441795	-23,4982353	3546	0,0282	0,0824	6065	4260	1805
L05574	1	-46,4424219	-23,4946443	1702	0,0588	0,0824	3011	2169	842
L05613	2	-46,6310064	-23,5025938	1028	0,1946	0,1647	2041	1205	836
L05616	3	-46,6281182	-23,4912871	3378	0,0888	0,2471	5313	3930	1383
L05618	1	-46,6270210	-23,5057810	1824	0,0548	0,0824	3578	2176	1402
L05619	3	-46,6476795	-23,4929598	1994	0,1505	0,2471	3788	2470	1318
L05621	6	-46,6332236	-23,4899666	5271	0,1138	0,4942	8744	6129	2615
L05623	3	-46,6405537	-23,5023028	2520	0,119	0,2471	4590	2978	1612
L05624	1	-46,6161131	-23,5004170	2563	0,039	0,0824	4896	3055	1841
L05626	1	-46,6278934	-23,4963679	2077	0,0481	0,0824	3746	2434	1312
L05629	2	-46,6242804	-23,4770119	2556	0,0782	0,1647	4643	3161	1482
L05630	2	-46,6433628	-23,5013965	1299	0,154	0,1647	2306	1568	738
L05632	1	-46,6381967	-23,4939821	2961	0,0338	0,0824	5002	3517	1485
L05634	2	-46,6264580	-23,4818440	1908	0,1048	0,1647	3707	2335	1372
L05635	1	-46,6142540	-23,4901233	2048	0,0488	0,0824	3470	2399	1071
L05638	1	-46,6330906	-23,4915684	3666	0,0273	0,0824	6121	4251	1870
L05639	1	-46,6239120	-23,4891654	1527	0,0655	0,0824	2617	1818	799
L05645	1	-46,7037676	-23,5217140	2362	0,0423	0,0824	4257	2725	1532
L05646	1	-46,7000457	-23,5224777	2592	0,0386	0,0824	4343	2970	1373
L05648	1	-46,7032968	-23,5283085	4170	0,024	0,0824	7531	4847	2684
L05656	1	-46,7433720	-23,4969505	2765	0,0362	0,0824	4919	3437	1482
L05657	1	-46,6883851	-23,5246954	2280	0,0439	0,0824	3964	2619	1345
L05661	1	-46,7443554	-23,5048937	2325	0,043	0,0824	4192	2863	1329
L05665	1	-46,7497146	-23,5121473	1089	0,0918	0,0824	1945	1334	611
L05669	1	-46,7164216	-23,5283737	1777	0,0563	0,0824	3016	2011	1005
L05673	1	-46,7244140	-23,5363009	2278	0,0439	0,0824	4168	2682	1486
L05676	1	-46,7424159	-23,5202320	790	0,1266	0,0824	1426	991	435
L05680	1	-46,7126480	-23,5305875	978	0,1022	0,0824	1592	1112	480
L05685	1	-46,7053660	-23,5158470	812	0,1232	0,0824	1357	974	383
L05688	1	-46,7278581	-23,5209253	3285	0,0304	0,0824	5542	3799	1743
L05690	1	-46,7375360	-23,4985190	1175	0,0851	0,0824	1781	1384	397
L05691	1	-46,7186092	-23,5246136	1648	0,0607	0,0824	2675	1868	807
L05701	1	-46,6827189	-23,5583923	2882	0,0347	0,0824	4777	3189	1588
L05705	1	-46,6896585	-23,5656255	3181	0,0314	0,0824	5968	3546	2422
L05709	3	-46,6896173	-23,5508030	2889	0,1038	0,2471	4742	3138	1604
L05717	1	-46,6818722	-23,5560723	2822	0,0354	0,0824	4697	3062	1635
L05720	1	-46,5018743	-23,5298075	832	0,1202	0,0824	1456	1081	375
L05724	1	-46,5270161	-23,5293151	2599	0,0385	0,0824	4443	3201	1242
L05758	1	-46,5162500	-23,5737164	2339	0,0428	0,0824	3728	2933	795
L05778	1	-46,5363195	-23,5540735	2588	0,0386	0,0824	4862	3218	1644
L05782	1	-46,5454070	-23,5485123	1497	0,0668	0,0824	2866	1877	989
L05785	1	-46,4982329	-23,5898352	2069	0,0483	0,0824	3681	2817	864
L05787	3	-46,5170355	-23,5835096	2514	0,1193	0,2471	4277	3252	1025
L05800	1	-46,6048519	-23,5043234	2579	0,0388	0,0824	4629	3241	1388
L05802	1	-46,6013419	-23,5076564	3312	0,0302	0,0824	6027	4063	1964
L05805	3	-46,6019251	-23,4930215	3006	0,0998	0,2471	5399	3750	1649
L05812	1	-46,5733059	-23,5126116	2290	0,0437	0,0824	4034	2934	1100
L05813	1	-46,6060326	-23,5005742	1776	0,0563	0,0824	3262	2171	1091
L05814	1	-46,6049224	-23,5160697	1794	0,0557	0,0824	3377	2233	1144
L05816	1	-46,5824545	-23,5151915	4574	0,0219	0,0824	8444	5563	2881
L05817	1	-46,6117405	-23,5017844	2739	0,0365	0,0824	5039	3341	1698
L05818	1	-46,5907052	-23,5016081	2983	0,0335	0,0824	5429	3613	1816
L05819	1	-46,5825547	-23,5256742	2853	0,0351	0,0824	5154	3537	1617
L05823	1	-46,5847505	-23,5062429	2469	0,0405	0,0824	4405	3039	1366
L05827	1	-46,5981117	-23,5026572	948	0,1055	0,0824	1582	1178	404
L05838	1	-46,5930563	-23,5195686	3761	0,0266	0,0824	6624	4656	1968
L05840	5	-46,6572517	-23,5114641	1179	0,4241	0,4119	1961	1422	539
L05841	20	-46,6618639	-23,5067043	2520	0,7937	1,6474	4281	2973	1308
L05842	5	-46,6566659	-23,5007326	1397	0,3579	0,4119	2475	1764	711
L05843	28	-46,6732228	-23,5017435	1901	1,4729	2,3064	3104	2323	781
L05844	17	-46,6552440	-23,4837840	4064	0,4183	1,4003	6975	5136	1839
L05845	42	-46,6748489	-23,4996347	2821	1,4888	3,4596	4345	3361	984
L05846	11	-46,6811823	-23,4913790	3097	0,3552	0,9061	5454	4068	1386
L05847	7	-46,6551176	-23,4983123	3654	0,1916	0,5766	6457	4489	1968
L05848	11	-46,6506305	-23,5026837	3720	0,2957	0,9061	6771	4492	2279
L05849	15	-46,6657859	-23,4885740	3928	0,3819	1,2356	7229	4920	2309
L05850	48	-46,6672729	-23,4955761	2587	1,8554	3,9539	4487	3234	1253
L05851	27	-46,6632938	-23,5087770	4242	0,6365	2,2241	7237	4966	2271
L05852	10	-46,6754529	-23,4902989	2604	0,384	0,8237	4917	3236	1681
L05853	4	-46,6576552	-23,4676225	2016	0,1984	0,3295	3658	2494	1164
L05854	17	-46,6559225	-23,4706050	3589	0,4737	1,4003	6533	4491	2042
L05855	6	-46,6512743	-23,4915758	3689	0,1626	0,4942	6598	4579	2019
L05856	19	-46,6576980	-23,5105636	3626	0,524	1,5651	6816	4472	2344
L05857	28	-46,6610100	-23,4937600	3204	0,8739	2,3064	6028	4077	1951
L05858	14	-46,6602290	-23,5040336	1694	0,8264	1,1532	3175	2048	1127
L05859	17	-46,6755514	-23,4980697	2950	0,5763	1,4003	5525	3700	1825
L05860	12	-46,6806536	-23,4985927	2933	0,4091	0,9885	5335	3608	1727
L05861	6	-46,6633902	-23,4700233	2413	0,2487	0,4942	4175	2930	1245
L05862	49	-46,6805862	-23,5028507	5531	0,8859	4,0362	9763	6800	2963
L05863	18	-46,6642085	-23,4767719	3809	0,4726	1,4827	7192	4768	2424
L05864	64	-46,6729030	-23,5109220	2299	2,7838	5,2718	4247	2858	1389
L05866	2	-46,6545707	-23,4916062	2697	0,0742	0,1647	4880	3285	1595
L05867	33	-46,6611936	-23,4979397	2374	1,3901	2,7183	4516	2931	1585
L05868	8	-46,6710286	-23,4857719	2636	0,3035	0,659	4932	3370	1562
L05869	1	-46,6506816	-23,5123597	1285	0,0778	0,0824	2257	1556	701
L05870	27	-46,6722354	-23,4967228	2389	1,1302	2,2241	4246	3161	1085
L05871	9	-46,6689770	-23,4751050	1758	0,5119	0,7414	3076	2211	865
L05872	2	-46,6618430	-23,4656280	2879	0,0695	0,1647	4826	3497	1329
L05873	2	-46,6545485	-23,4716736	1878	0,1065	0,1647	2977	2288	689
L05874	6	-46,6665068	-23,4702189	3203	0,1873	0,4942	5602	3899	1703
L05875	10	-46,6702128	-23,4900049	1711	0,5845	0,8237	3184	2157	1027
L05876	25	-46,6599580	-23,5051240	2430	1,0288	2,0593	4034	2954	1080
L05877	17	-46,6612422	-23,4986956	1596	1,0652	1,4003	2824	1983	841
L05878	21	-46,6724956	-23,5102380	1331	1,5778	1,7298	2224	1674	550
L05880	1	-46,6130080	-23,4747157	994	0,1006	0,0824	2024	1156	868
L05882	2	-46,6215526	-23,4621730	2370	0,0844	0,1647	3968	2787	1181
L05883	1	-46,6071629	-23,4804948	2403	0,0416	0,0824	4353	2845	1508
L05884	1	-46,6024410	-23,4546385	2320	0,0431	0,0824	3954	2867	1087
L05888	1	-46,5855959	-23,4389881	3768	0,0265	0,0824	6719	4916	1803
L05889	4	-46,6306396	-23,4568482	2624	0,1524	0,3295	4737	3252	1485
L05891	3	-46,5884421	-23,4440711	2609	0,115	0,2471	4730	3437	1293
L05899	1	-46,6056454	-23,4658408	3170	0,0315	0,0824	5858	3789	2069
L05904	2	-46,6195870	-23,4540240	1890	0,1058	0,1647	3278	2265	1013
L05906	1	-46,6048700	-23,4811680	2460	0,0407	0,0824	4808	3065	1743
L05924	1	-46,5604307	-23,5979220	3363	0,0297	0,0824	5863	4288	1575
L05926	1	-46,5852470	-23,5802350	4531	0,0221	0,0824	8206	5391	2815
L05951	1	-46,5702281	-23,5758520	1372	0,0729	0,0824	2658	1731	927
L05974	1	-46,6641427	-23,6002288	6184	0,0162	0,0824	10325	6924	3401
L06005	1	-46,6362090	-23,6170540	2367	0,0422	0,0824	3816	2777	1039
L06011	2	-46,6255542	-23,6092089	2648	0,0755	0,1647	4891	3146	1745
L06032	1	-46,6120690	-23,5882350	2927	0,0342	0,0824	5450	3505	1945
L06034	1	-46,5919260	-23,6218968	1852	0,054	0,0824	3149	2340	809
L06040	2	-46,6000559	-23,6225320	1860	0,1075	0,1647	3641	2456	1185
L06053	1	-46,6021325	-23,6063749	1386	0,0722	0,0824	2568	1713	855
L06054	1	-46,6080780	-23,6028560	3098	0,0323	0,0824	5810	3763	2047
L07574	1	-46,6415339	-23,6443503	1932	0,0518	0,0824	3346	2359	987
L07590	1	-46,6424477	-23,6679792	3909	0,0256	0,0824	7206	5039	2167
L07606	1	-46,6363030	-23,6342640	1221	0,0819	0,0824	1867	1431	436
L07660	2	-46,7286689	-23,4834509	3071	0,0651	0,1647	5145	3881	1264
L07661	2	-46,7108413	-23,4971928	1645	0,1216	0,1647	2799	2020	779
L07663	1	-46,7465927	-23,4712764	2639	0,0379	0,0824	4854	3268	1586
L07665	1	-46,7094157	-23,5058535	1103	0,0907	0,0824	1815	1364	451
L07666	3	-46,7187075	-23,4795423	4684	0,064	0,2471	9004	6008	2996
L07667	1	-46,7261678	-23,4829058	2616	0,0382	0,0824	4926	3233	1693
L07669	1	-46,7461037	-23,4816392	3660	0,0273	0,0824	6759	4550	2209
L07670	1	-46,7157223	-23,4910050	3437	0,0291	0,0824	6527	4354	2173
L07672	2	-46,7132794	-23,5018341	2276	0,0879	0,1647	4138	2805	1333
L07673	1	-46,7258835	-23,4822099	1763	0,0567	0,0824	3138	2256	882
L07677	2	-46,7174065	-23,4896350	2905	0,0688	0,1647	5357	3563	1794
L07680	2	-46,7195562	-23,4798197	961	0,2081	0,1647	1641	1213	428
L07716	1	-46,6940451	-23,4986203	1924	0,052	0,0824	3114	2268	846
L07717	1	-46,6977498	-23,4953639	1623	0,0616	0,0824	2803	2006	797
L07718	1	-46,6987243	-23,4958644	1305	0,0766	0,0824	2151	1595	556
L07720	1	-46,6906776	-23,4886152	2477	0,0404	0,0824	4263	2952	1311
L07721	1	-46,7021950	-23,4842550	3320	0,0301	0,0824	6150	4149	2001
L07724	1	-46,7078711	-23,4942478	2028	0,0493	0,0824	3798	2545	1253
L07726	1	-46,6978976	-23,4998743	2271	0,044	0,0824	4256	2757	1499
L07729	4	-46,7028160	-23,4979150	3736	0,1071	0,3295	6670	4600	2070
L07731	1	-46,6997557	-23,4958002	3556	0,0281	0,0824	6178	4337	1841
L07732	1	-46,6916354	-23,4865099	2408	0,0415	0,0824	4588	2950	1638
L07733	2	-46,7048817	-23,4913894	2387	0,0838	0,1647	4271	2986	1285
L07736	2	-46,6899944	-23,4971911	1941	0,103	0,1647	3393	2305	1088
L07737	1	-46,6860439	-23,4985664	2566	0,039	0,0824	4751	3195	1556
L07738	1	-46,7064209	-23,4786059	2105	0,0475	0,0824	3957	2729	1228
L07739	1	-46,7128806	-23,4857983	3106	0,0322	0,0824	5261	3930	1331
L07747	1	-46,6864477	-23,4984882	854	0,1171	0,0824	1465	1082	383
L07760	1	-46,7556667	-23,6404221	3739	0,0267	0,0824	6385	4685	1700
L07769	1	-46,7686119	-23,6296456	3708	0,027	0,0824	6898	4781	2117
L07770	3	-46,7542153	-23,6198219	4129	0,0727	0,2471	7176	5149	2027
L07774	1	-46,7498755	-23,6363346	2769	0,0361	0,0824	4952	3627	1325
L08196	1	-46,7208297	-23,6076803	2840	0,0352	0,0824	4752	3330	1422
L08212	1	-46,7546852	-23,5949824	2625	0,0381	0,0824	4694	3368	1326
L08225	1	-46,5100191	-23,5446064	4128	0,0242	0,0824	7026	5147	1879
L08227	2	-46,5050519	-23,5458928	1879	0,1064	0,1647	3494	2368	1126
L08234	1	-46,5317956	-23,5421192	3038	0,0329	0,0824	5442	3818	1624
L08236	1	-46,4990570	-23,5735096	2833	0,0353	0,0824	4657	3582	1075
L08270	1	-46,5267515	-23,5750205	769	0,13	0,0824	1358	1007	351
L08286	1	-46,5228208	-23,5778668	2051	0,0488	0,0824	3585	2631	954
L08287	2	-46,5495140	-23,5691620	649	0,3082	0,1647	1068	790	278
L08290	1	-46,5242645	-23,5744660	1705	0,0587	0,0824	2898	2194	704
L08296	1	-46,5867358	-23,4804731	3045	0,0328	0,0824	5362	3770	1592
L08300	1	-46,5778738	-23,4504834	1879	0,0532	0,0824	3503	2489	1014
L08302	2	-46,5835571	-23,4654238	2768	0,0723	0,1647	5668	3556	2112
L08307	2	-46,5775231	-23,4668711	3245	0,0616	0,1647	6063	4171	1892
L08309	1	-46,5870109	-23,4731635	2255	0,0443	0,0824	4250	2778	1472
L08320	1	-46,5866345	-23,4663679	2991	0,0334	0,0824	5086	3758	1328
L08331	1	-46,5224167	-23,5870214	2150	0,0465	0,0824	3937	2882	1055
L08333	1	-46,5151342	-23,5886563	3403	0,0294	0,0824	6060	4434	1626
L08337	2	-46,5124860	-23,5891800	2899	0,069	0,1647	5040	3740	1300
L08338	1	-46,5148744	-23,5961389	3454	0,029	0,0824	6476	4342	2134
L08339	1	-46,5170364	-23,6013813	1959	0,051	0,0824	3455	2476	979
L08351	1	-46,5255369	-23,5976545	4099	0,0244	0,0824	7280	5240	2040
L08357	1	-46,6566918	-23,6673339	2867	0,0349	0,0824	5558	3511	2047
L08362	1	-46,6599252	-23,6645331	3182	0,0314	0,0824	5899	3877	2022
L08363	1	-46,6578420	-23,6700605	2290	0,0437	0,0824	3858	2871	987
L08367	2	-46,6760160	-23,6550423	3987	0,0502	0,1647	6800	4757	2043
L08434	1	-46,4184068	-23,5376100	1088	0,0919	0,0824	2100	1473	627
L08442	1	-46,3994934	-23,5325352	3824	0,0262	0,0824	7163	5062	2101
L08898	1	-46,7422115	-23,6767859	1163	0,086	0,0824	1825	1417	408
L08910	1	-46,7644449	-23,7005122	3583	0,0279	0,0824	6421	4721	1700
L08920	1	-46,7717602	-23,6885585	3458	0,0289	0,0824	6360	4250	2110
L08928	1	-46,7383011	-23,6797511	3519	0,0284	0,0824	5719	4390	1329
L08937	1	-46,7398408	-23,6738654	4636	0,0216	0,0824	7955	5725	2230
L08965	1	-46,7675970	-23,6617050	4014	0,0249	0,0824	7021	5104	1917
L08982	4	-46,7512554	-23,5452190	2973	0,1345	0,3295	5291	3603	1688
L08984	1	-46,7484555	-23,5435228	2932	0,0341	0,0824	5430	3759	1671
L08985	1	-46,7491328	-23,5658101	3021	0,0331	0,0824	5172	3648	1524
L08987	1	-46,7591098	-23,5417165	2410	0,0415	0,0824	4045	2988	1057
L08990	1	-46,7660251	-23,5891918	3308	0,0302	0,0824	5815	4319	1496
L08993	2	-46,7392086	-23,5715905	1997	0,1002	0,1647	3453	2434	1019
L09008	2	-46,7530566	-23,5528242	2689	0,0744	0,1647	4923	3222	1701
L09012	2	-46,8008485	-23,5869553	1897	0,1054	0,1647	3203	2480	723
L09024	1	-46,7609168	-23,5790059	916	0,1092	0,0824	1524	1133	391
L09033	1	-46,7356399	-23,5512016	1927	0,0519	0,0824	3298	2406	892
L09037	1	-46,4562405	-23,6205281	2079	0,0481	0,0824	3718	2655	1063
L09038	1	-46,4490531	-23,6038892	1178	0,0849	0,0824	1993	1468	525
L09060	1	-46,4915612	-23,5952026	2836	0,0353	0,0824	5085	3699	1386
L09068	1	-46,4579281	-23,6104786	2371	0,0422	0,0824	4220	3084	1136
L09071	1	-46,4822288	-23,6131431	2033	0,0492	0,0824	3694	2600	1094
L09088	1	-46,4794297	-23,6111057	1109	0,0902	0,0824	1904	1450	454
L09091	1	-46,4719748	-23,6101579	2941	0,034	0,0824	5080	3787	1293
L09093	1	-46,6891450	-23,4480420	1559	0,0641	0,0824	2715	1914	801
L09094	2	-46,7117310	-23,4620560	3852	0,0519	0,1647	7063	5062	2001
L09095	3	-46,6814668	-23,4770174	995	0,3015	0,2471	1692	1272	420
L09096	1	-46,6919830	-23,4800350	2740	0,0365	0,0824	4783	3354	1429
L09097	5	-46,6833436	-23,4716951	3420	0,1462	0,4119	6292	4301	1991
L09098	1	-46,7030593	-23,4716926	3193	0,0313	0,0824	5790	3980	1810
L09099	3	-46,6998285	-23,4605103	2820	0,1064	0,2471	4930	3583	1347
L09100	1	-46,6986546	-23,4803642	3036	0,0329	0,0824	5415	3789	1626
L09101	1	-46,6966832	-23,4469548	4193	0,0238	0,0824	7420	5285	2135
L09102	3	-46,6877814	-23,4600022	3235	0,0927	0,2471	5834	4249	1585
L09103	3	-46,6729691	-23,4629576	3071	0,0977	0,2471	5490	4096	1394
L09104	3	-46,6738756	-23,4613197	2864	0,1047	0,2471	4912	3725	1187
L09105	4	-46,6983080	-23,4693623	4632	0,0864	0,3295	8469	5835	2634
L09106	1	-46,7001172	-23,4558324	1378	0,0726	0,0824	2670	1869	801
L09107	5	-46,6864059	-23,4697610	2203	0,227	0,4119	4116	2829	1287
L09108	4	-46,6874952	-23,4598553	1493	0,2679	0,3295	2681	1920	761
L09109	2	-46,7072163	-23,4599973	3074	0,0651	0,1647	5299	3983	1316
L09110	1	-46,6932484	-23,4764397	3726	0,0268	0,0824	6985	4801	2184
L09111	5	-46,6780978	-23,4504874	2994	0,167	0,4119	5456	3938	1518
L09112	1	-46,6975146	-23,4687553	3273	0,0306	0,0824	6109	4041	2068
L09115	2	-46,7003948	-23,4748538	1533	0,1305	0,1647	2655	1984	671
L09116	2	-46,6837802	-23,4832228	2960	0,0676	0,1647	5049	3734	1315
L09118	10	-46,6795279	-23,4641832	7883	0,1269	0,8237	15183	10348	4835
L09120	1	-46,7026753	-23,4471028	1959	0,051	0,0824	3520	2602	918
L09121	5	-46,6774616	-23,4736278	2374	0,2106	0,4119	4175	3125	1050
L09123	1	-46,6775348	-23,4595275	3138	0,0319	0,0824	5462	4143	1319
L09124	2	-46,6736651	-23,4709745	2675	0,0748	0,1647	4617	3454	1163
L09126	4	-46,6908864	-23,4686604	3640	0,1099	0,3295	6924	4603	2321
L09127	3	-46,6881097	-23,4507951	3748	0,08	0,2471	6670	4918	1752
L09129	4	-46,6940812	-23,4585925	3967	0,1008	0,3295	6922	5126	1796
L09130	9	-46,6766890	-23,4765394	2390	0,3766	0,7414	4244	3085	1159
L09132	4	-46,6750425	-23,4517869	1995	0,2005	0,3295	3463	2543	920
L09133	1	-46,7011104	-23,4695152	700	0,1429	0,0824	1136	907	229
L09134	1	-46,6848409	-23,4554709	3273	0,0306	0,0824	5723	4296	1427
L09135	1	-46,6875898	-23,4827743	3242	0,0308	0,0824	6012	4001	2011
L09136	3	-46,7098867	-23,4618954	324	0,9259	0,2471	570	417	153
L09138	4	-46,6809709	-23,4669256	2642	0,1514	0,3295	4579	3416	1163
L09141	1	-46,6997418	-23,4548467	672	0,1488	0,0824	1149	871	278
L09146	1	-46,6902385	-23,4621836	572	0,1748	0,0824	1001	722	279
L09324	3	-46,6807410	-23,7669661	7735	0,0388	0,2471	13259	9980	3279
L09645	1	-46,7119327	-23,4419746	3269	0,0306	0,0824	5682	4161	1521
L09656	1	-46,7076665	-23,4422276	2819	0,0355	0,0824	4709	3625	1084
L09657	2	-46,7266588	-23,4265393	2406	0,0831	0,1647	4002	3119	883
L09661	1	-46,7122032	-23,4487517	1353	0,0739	0,0824	2268	1720	548
L09663	1	-46,7399698	-23,4091960	1434	0,0697	0,0824	2605	1936	669
L09664	1	-46,7473147	-23,4131502	2105	0,0475	0,0824	3471	2666	805
L09667	1	-46,7908948	-23,4339725	1061	0,0943	0,0824	1804	1390	414
L09669	1	-46,7604130	-23,4096050	2754	0,0363	0,0824	5019	3660	1359
L09671	1	-46,7508213	-23,4136565	4987	0,0201	0,0824	8189	6303	1886
L09678	1	-46,7174060	-23,4409910	1966	0,0509	0,0824	3436	2563	873
L09680	2	-46,7192925	-23,4350205	2678	0,0747	0,1647	4924	3572	1352
L09685	2	-46,7141265	-23,4344010	2433	0,0822	0,1647	4113	3094	1019
L09687	1	-46,7169255	-23,4553166	2697	0,0371	0,0824	4650	3488	1162
L09700	2	-46,4949911	-23,5049464	2959	0,0676	0,1647	5656	3767	1889
L09705	1	-46,4976882	-23,4974521	2912	0,0343	0,0824	5100	3739	1361
L09717	1	-46,4987106	-23,5049643	2292	0,0436	0,0824	3848	2901	947
L09761	1	-46,4834160	-23,5237351	1233	0,0811	0,0824	2151	1608	543
L09925	1	-46,4289892	-23,4865951	4098	0,0244	0,0824	7255	5323	1932
L09960	2	-46,4662456	-23,5033514	2103	0,0951	0,1647	3666	2754	912
L09965	1	-46,4559263	-23,4911459	2451	0,0408	0,0824	4152	3143	1009
L10130	1	-46,7515284	-23,4909867	3496	0,0286	0,0824	6108	4518	1590
L10132	2	-46,7445881	-23,4500351	3272	0,0611	0,1647	5780	4132	1648
L10135	2	-46,7502212	-23,4398778	2289	0,0874	0,1647	3989	2990	999
L10145	1	-46,7525083	-23,4519450	1441	0,0694	0,0824	2514	1880	634
L10146	1	-46,7518624	-23,4341802	2704	0,037	0,0824	4539	3584	955
L10149	2	-46,7466848	-23,4441827	3405	0,0587	0,1647	5816	4442	1374
L10152	2	-46,7319051	-23,4391779	3819	0,0524	0,1647	6289	4770	1519
L10183	1	-46,3957789	-23,5915363	2543	0,0393	0,0824	4545	3320	1225
L10193	1	-46,4414315	-23,5961736	2959	0,0338	0,0824	5227	3738	1489
L10211	2	-46,4410384	-23,5384069	4053	0,0493	0,1647	7309	5151	2158
L10327	1	-46,7463527	-23,6415609	1596	0,0627	0,0824	2789	2043	746
L10329	1	-46,7515285	-23,6467951	3583	0,0279	0,0824	6346	4335	2011
L10330	1	-46,7277244	-23,6232924	3496	0,0286	0,0824	6463	4523	1940
L10496	1	-46,6171064	-23,6170233	2347	0,0426	0,0824	4315	2704	1611
L10610	1	-46,4812016	-23,5483731	3878	0,0258	0,0824	6716	5098	1618
L10611	1	-46,4696904	-23,5681129	5770	0,0173	0,0824	11060	7441	3619
L10621	1	-46,4798018	-23,5438419	3988	0,0251	0,0824	7410	5062	2348
L10659	1	-46,6595246	-23,6891350	2763	0,0362	0,0824	4753	3468	1285
L10664	1	-46,6822506	-23,6859937	2727	0,0367	0,0824	4800	3284	1516
L10723	2	-46,5874208	-23,4972108	3391	0,059	0,1647	6308	4248	2060
L10725	1	-46,5743549	-23,4975157	1855	0,0539	0,0824	3076	2333	743
L10728	3	-46,5798590	-23,4856546	3035	0,0988	0,2471	5717	3858	1859
L10742	1	-46,4935076	-23,6091331	3091	0,0324	0,0824	5399	3979	1420
L10751	1	-46,5061790	-23,6170608	3511	0,0285	0,0824	6321	4673	1648
L10756	1	-46,5031776	-23,6019735	4100	0,0244	0,0824	6948	5368	1580
L10769	1	-46,6633740	-23,4626370	1208	0,0828	0,0824	2100	1567	533
L10771	4	-46,6343175	-23,4756514	2471	0,1619	0,3295	3986	2974	1012
L10772	3	-46,6412490	-23,4854900	1860	0,1613	0,2471	2866	2221	645
L10773	5	-46,6378689	-23,4793297	3726	0,1342	0,4119	5957	4473	1484
L10774	7	-46,6386490	-23,4679230	2796	0,2504	0,5766	4464	3356	1108
L10775	1	-46,6524305	-23,4634896	1565	0,0639	0,0824	2720	2016	704
L10776	3	-46,6622866	-23,4787799	1314	0,2283	0,2471	2207	1705	502
L10777	2	-46,6334518	-23,4764864	2961	0,0675	0,1647	5466	3552	1914
L10778	15	-46,6714017	-23,4574567	4417	0,3396	1,2356	7852	5784	2068
L10779	4	-46,6398944	-23,4854805	2414	0,1657	0,3295	4899	3028	1871
L10780	2	-46,6459828	-23,4561450	2090	0,0957	0,1647	3524	2632	892
L10781	7	-46,6492631	-23,4694520	4305	0,1626	0,5766	7868	5458	2410
L10783	2	-46,6504436	-23,4737052	1529	0,1308	0,1647	2559	1936	623
L10784	1	-46,6538036	-23,4559206	2010	0,0498	0,0824	3602	2586	1016
L10785	6	-46,6647421	-23,4572438	3367	0,1782	0,4942	6195	4418	1777
L10786	3	-46,6509458	-23,4833087	1389	0,216	0,2471	2199	1761	438
L10787	3	-46,6597938	-23,4579944	3590	0,0836	0,2471	6710	4563	2147
L10788	6	-46,6521748	-23,4881391	2843	0,211	0,4942	5381	3583	1798
L10789	4	-46,6351309	-23,4713832	3445	0,1161	0,3295	6308	4270	2038
L10790	5	-46,6685780	-23,4641456	1708	0,2927	0,4119	2905	2222	683
L10791	4	-46,6510885	-23,4620515	3736	0,1071	0,3295	6918	4639	2279
L10793	7	-46,6540520	-23,4791841	2694	0,2598	0,5766	4415	3409	1006
L10794	4	-46,6467400	-23,4764270	3174	0,126	0,3295	5910	4120	1790
L10795	3	-46,6448499	-23,4728933	2607	0,1151	0,2471	4567	3376	1191
L10797	1	-46,6582380	-23,4574276	3510	0,0285	0,0824	6233	4568	1665
L10799	2	-46,6467390	-23,4772016	1155	0,1732	0,1647	1950	1447	503
L10800	1	-46,6567210	-23,4547987	1092	0,0916	0,0824	1818	1377	441
L10801	4	-46,6641570	-23,4607210	1547	0,2586	0,3295	2618	2063	555
L10803	3	-46,6313732	-23,4672637	1642	0,1827	0,2471	2751	2004	747
