cod_local	QT_VOTOS	longitude	latitude	LOC_VALID	%_LOC_V	%_CAND	QT_APTOS	QT_COMPARECIMENTO	QT_ABSTENCOES
L04613	85	-46,9478738	-23,8571015	1681	5,0565	27,2436	2411	1840	571
L04615	34	-46,9392318	-23,8182013	927	3,6677	10,8974	1293	1016	277
L04624	3	-46,9402175	-23,8599481	361	0,831	0,9615	466	384	82
L04630	32	-46,9414174	-23,8528891	800	4,0	10,2564	1144	861	283
L04660	59	-46,9478752	-23,8558096	1574	3,7484	18,9103	2167	1706	461
L04661	92	-46,9439779	-23,8530849	2003	4,5931	29,4872	2835	2201	634
L04662	5	-46,9755619	-23,8829284	997	0,5015	1,6026	1367	1076	291
L04672	1	-47,0365217	-23,8405149	281	0,3559	0,3205	361	289	72
L04674	1	-46,8930678	-23,8542319	101	0,9901	0,3205	124	104	20
