cod_local	QT_VOTOS	longitude	latitude	LOC_VALID	%_LOC_V	%_CAND	QT_APTOS	QT_COMPARECIMENTO	QT_ABSTENCOES
L05108	9	-46,6249685	-23,6846490	1728	0,5208	3,2374	3159	2210	949
L05109	2	-46,6159230	-23,6925061	2011	0,0995	0,7194	3198	2380	818
L05110	9	-46,6216249	-23,6799417	2955	0,3046	3,2374	5128	3561	1567
L05111	3	-46,6243109	-23,6933561	4388	0,0684	1,0791	7677	5248	2429
L05112	3	-46,6333447	-23,6904292	3313	0,0906	1,0791	5865	4216	1649
L05113	6	-46,6227770	-23,6985469	3282	0,1828	2,1583	5000	3796	1204
L05115	3	-46,6168838	-23,6960228	3131	0,0958	1,0791	5217	3853	1364
L05116	2	-46,6171290	-23,6962645	3536	0,0566	0,7194	5626	4122	1504
L05117	2	-46,6311282	-23,6837562	607	0,3295	0,7194	1058	791	267
L05118	2	-46,6320310	-23,6859560	2863	0,0699	0,7194	5174	3552	1622
L05119	4	-46,6272972	-23,6928317	2608	0,1534	1,4388	4497	3137	1360
L05120	2	-46,6356000	-23,6901862	1479	0,1352	0,7194	2649	1906	743
L05121	10	-46,6250990	-23,6839920	3112	0,3213	3,5971	5504	3795	1709
L05122	6	-46,6126040	-23,6876440	2085	0,2878	2,1583	3396	2407	989
L05123	6	-46,6304585	-23,6900317	2993	0,2005	2,1583	4938	3615	1323
L05124	6	-46,6190433	-23,7018118	3082	0,1947	2,1583	4848	3730	1118
L05125	1	-46,6158395	-23,6871793	675	0,1481	0,3597	1065	844	221
L05126	2	-46,6259919	-23,6964780	392	0,5102	0,7194	634	469	165
L05128	7	-46,6256268	-23,6929582	2248	0,3114	2,518	3820	2715	1105
L05131	5	-46,6203340	-23,6858882	2328	0,2148	1,7986	3850	2729	1121
L07775	5	-46,6125440	-23,6717759	1854	0,2697	1,7986	3093	2308	785
L07776	1	-46,6200986	-23,6703512	836	0,1196	0,3597	1490	996	494
L07778	2	-46,6244353	-23,6727136	3124	0,064	0,7194	5078	3783	1295
L07779	2	-46,5905133	-23,6995041	2309	0,0866	0,7194	3619	2617	1002
L07780	1	-46,6221334	-23,6685547	1808	0,0553	0,3597	2827	2166	661
L07781	3	-46,6007849	-23,6773329	1866	0,1608	1,0791	2838	2135	703
L07782	3	-46,5944736	-23,6966143	2011	0,1492	1,0791	3223	2439	784
L07783	3	-46,5976405	-23,6955433	3209	0,0935	1,0791	5017	3781	1236
L07784	2	-46,6031939	-23,6766739	2756	0,0726	0,7194	4285	3149	1136
L07785	3	-46,6014650	-23,6900150	2220	0,1351	1,0791	3276	2529	747
L07786	6	-46,5994872	-23,6951193	2435	0,2464	2,1583	3720	2774	946
L07787	7	-46,6117380	-23,6688580	2509	0,279	2,518	4206	3066	1140
L07788	1	-46,5930181	-23,6868456	2438	0,041	0,3597	3955	2841	1114
L07789	3	-46,5911538	-23,6923926	2836	0,1058	1,0791	4309	3303	1006
L07790	3	-46,5873500	-23,6866405	3362	0,0892	1,0791	5664	4044	1620
L07792	1	-46,5968220	-23,7088310	1343	0,0745	0,3597	2043	1603	440
L07794	3	-46,5827451	-23,6746461	2939	0,1021	1,0791	4914	3544	1370
L07795	8	-46,5995750	-23,6634218	2482	0,3223	2,8777	4177	3136	1041
L07796	3	-46,5954587	-23,6849994	3766	0,0797	1,0791	6069	4468	1601
L07797	5	-46,5972178	-23,7092774	3304	0,1513	1,7986	5148	3897	1251
L07798	2	-46,6268120	-23,6686194	3142	0,0637	0,7194	4989	3647	1342
L07799	5	-46,6169090	-23,6642448	3700	0,1351	1,7986	5908	4357	1551
L07800	7	-46,6194463	-23,6651992	4005	0,1748	2,518	6569	4730	1839
L07801	3	-46,6249868	-23,6632550	2301	0,1304	1,0791	3688	2752	936
L07802	6	-46,6045956	-23,6705036	3585	0,1674	2,1583	5522	4290	1232
L07803	3	-46,6022129	-23,6657034	2515	0,1193	1,0791	4283	2993	1290
L07804	5	-46,5993673	-23,6928915	3116	0,1605	1,7986	4712	3589	1123
L07805	2	-46,6016164	-23,6693542	1678	0,1192	0,7194	2607	2012	595
L07807	4	-46,5981564	-23,6861161	2002	0,1998	1,4388	3053	2373	680
L07808	2	-46,5911685	-23,6929942	1540	0,1299	0,7194	2402	1806	596
L07810	1	-46,6027995	-23,7096244	833	0,12	0,3597	1303	1020	283
L07811	5	-46,6179104	-23,6641643	1868	0,2677	1,7986	3002	2312	690
L07812	1	-46,5962871	-23,6971055	2745	0,0364	0,3597	4286	3125	1161
L07813	1	-46,6003147	-23,6764343	2984	0,0335	0,3597	4514	3501	1013
L07814	3	-46,5887985	-23,6901980	1944	0,1543	1,0791	2983	2315	668
L07815	1	-46,5867600	-23,6772439	1604	0,0623	0,3597	2606	1912	694
L07816	6	-46,6078930	-23,6736400	2273	0,264	2,1583	3581	2749	832
L07818	1	-46,5984231	-23,6984581	471	0,2123	0,3597	701	557	144
L07819	6	-46,6104762	-23,6792416	2577	0,2328	2,1583	4272	3240	1032
L10856	3	-46,6053600	-23,7004300	3614	0,083	1,0791	5532	4258	1274
L10857	9	-46,6174318	-23,7221899	3769	0,2388	3,2374	5925	4462	1463
L10858	1	-46,6050162	-23,7090902	2728	0,0367	0,3597	4331	3317	1014
L10860	5	-46,6196920	-23,7300896	2935	0,1704	1,7986	4614	3494	1120
L10861	1	-46,6245734	-23,7231476	3998	0,025	0,3597	6348	4623	1725
L10862	4	-46,6175645	-23,7156430	3982	0,1005	1,4388	6162	4594	1568
L10863	2	-46,6126313	-23,7043687	2842	0,0704	0,7194	4353	3310	1043
L10864	5	-46,6106475	-23,7096734	2244	0,2228	1,7986	3557	2713	844
L10865	3	-46,6162589	-23,7191890	2242	0,1338	1,0791	3687	2776	911
L10866	1	-46,6128110	-23,7203920	2746	0,0364	0,3597	4364	3246	1118
L10867	2	-46,6252499	-23,7193323	3224	0,062	0,7194	5344	3879	1465
L10868	1	-46,6254136	-23,7177843	2084	0,048	0,3597	3238	2508	730
L10869	3	-46,6138114	-23,7172607	1826	0,1643	1,0791	2636	2143	493
L10870	8	-46,6076890	-23,7005143	3742	0,2138	2,8777	5858	4409	1449
L10871	1	-46,6128676	-23,7201844	3160	0,0316	0,3597	4834	3701	1133
L10872	8	-46,6080567	-23,7123258	4651	0,172	2,8777	7237	5409	1828
L10873	2	-46,6140233	-23,7040739	668	0,2994	0,7194	1040	789	251
