cod_local	QT_VOTOS	longitude	latitude	LOC_VALID	%_LOC_V	%_CAND	QT_APTOS	QT_COMPARECIMENTO	QT_ABSTENCOES
L05121	1	-46,6250990	-23,6839920	3112	0,0321	5,5556	5504	3795	1709
L07778	10	-46,6244353	-23,6727136	3124	0,3201	55,5556	5078	3783	1295
L07780	1	-46,6221334	-23,6685547	1808	0,0553	5,5556	2827	2166	661
L07798	1	-46,6268120	-23,6686194	3142	0,0318	5,5556	4989	3647	1342
L07799	1	-46,6169090	-23,6642448	3700	0,027	5,5556	5908	4357	1551
L07801	1	-46,6249868	-23,6632550	2301	0,0435	5,5556	3688	2752	936
L07811	1	-46,6179104	-23,6641643	1868	0,0535	5,5556	3002	2312	690
L07816	1	-46,6078930	-23,6736400	2273	0,044	5,5556	3581	2749	832
L07819	1	-46,6104762	-23,6792416	2577	0,0388	5,5556	4272	3240	1032
